112.2985793  
0.8933393497  
749.0647304  
462.4808698  
1609.524409  
1569.112057  
1413.682417  
1648.042739  
3449.213409  
1334.674265  
8687.745669  
8852.811529  
2119.889731  
1482.50376  
2616.905072  
7625.880901  
2236.052593  
622.4241602  
5009.3532  
656.5672169  
8553.231513  
5544.255598  
587.0481442  
2271.729907  
6553.346876  
6785.635315  
1489.468055  
3782.770591  
1851.295773  
4247.72011  
9290.25225  
4922.978797  
7213.924199  
4354.188779  
3312.374002  
7660.629441  
1318.080472  
12822.33504  
12224.16314  
352.6202462  
13200.9643  
1514.249938  
985.3252441  
4309.789239  
1862.619854  
4261.809225  
464.9603522  
1674.152658  
31.95209062  
3940.01469  
1211.563797  
6709.624225  
292.4204603  
3925.59164  
298.6945441  
1339.877785  
2641.168848  
452.277606  
2315.488592  
10634.08694  
602.2550136  
931.0969419  
4471.948283  
1929.237374  
6034.165804  
1715.026535  
2575.703745  
1628.385395  
4886.321578  
14555.36643  
4238.616561  
1363.724362  
2159.17373  
3279.746195  
6272.701896  
1327.218081  
1246.613829  
1170.953045  
4835.810003  
22464.95771  
10530.96736  
6845.69673  
2690.923668  
633.1807481  
7576.206181  
24960.52712  
1267.195852  
10730.36149  
16119.48819  
14409.65699  
29191.40803  
18597.03636  
39927.92302  
75769.82705  
20287.77128  
33574.10801  
44434.50721  
66750.66348  
35321.64438  
25714.08335  
34549.61878  
25189.48694  
55384.22063  
95843.93295  
55990.91372  
140118.6591  
62695.76819  
104201.4684  
108114.513  
222756.143  
432218.1594  
430562.7962  
42075.74764  
214533.8509  
27093.09836  
157249.8858  
324960.8745  
172948.3727  
892606.0934  
216368.6017  
16511.30211  
44847.56555  
122483.0355  
134295.7486  
7302.005662  
56350.44042  
117391.3912  
37428.89575  
65867.99595  
11309.5555  
101031.1591  
87634.91602  
93218.89509  
1709.914674  
149294.2927  
19914.60775  
76751.89934  
20672.30795  
15295.42848  
100462.1332  
45129.33084  
13361.63484  
9320.131258  
7192.305333  
13213.67252  
29217.18092  
5645.839999  
24278.67336  
1418.679951  
3328.330618  
5038.170789  
14269.09822  
25854.86969  
11718.23096  
1429.758601  
5255.418959  
3420.888068  
12503.62372  
1037.187818  
8613.185196  
4160.440136  
1182.229038  
5008.433748  
3526.893025  
11303.0255  
170.084905  
8217.77289  
13768.96582  
15014.81062  
2696.856574  
15508.81415  
18422.83381  
5522.459391  
6384.659928  
2958.976766  
7549.903113  
14249.49249  
4040.513108  
7037.455182  
3242.733001  
2547.020729  
20980.7625  
4895.430286  
3215.317818  
1858.672871  
4750.946676  
581.9160461  
7182.801617  
3462.02176  
1198.246227  
1756.979591  
99.34294945  
7220.704789  
3800.961514  
448.7793283  
2430.807607  
2622.559015  
2377.435924  
3298.555311  
7775.101048  
2447.067228  
234.4475615  
3234.565906  
167.0440741  
740.241981  
778.993291  
889.8488211  
1876.862999  
1889.893166  
136.1875743  
4560.848996  
133.0326182  
1293.723882  
38.43726249  
1051.166176  
2724.848192  
586.1050053  
288.1533304  
894.1055315  
2391.251888  
3336.350008  
4067.752073  
3822.069374  
2066.741712  
226.4376999  
358.0695446  
3898.68147  
571.0712725  
360.7338902  
2147.785179  
1171.887691  
2051.934788  
3815.846225  
157.0503796  
272.7520628  
974.1491904  
165.9536348  
81.74380776  
2342.223831  
1243.202167  
495.6820437  
480.2434506  
681.0749411  
165.6547396  
484.7612417  
459.1675768  
223.2887287  
980.1629605  
951.8351494  
163.2835545  
69.10087281  
730.3131703  
293.2160445  
93.70768654  
705.7827004  
998.4076892  
960.7496197  
712.86112  
75.38448243  
288.1450529  
2.2909393  
216.0930397  
201.7688323  
509.001248  
303.4243092  
234.7632593  
202.7413161  
88.49676528  
144.8678712  
104.6004223  
770.0075842  
397.9296326  
1245.215163  
333.814582  
188.6636887  
90.02734681  
597.9929715  
61.20805395  
2279.133613  
1759.697264  
66.98975187  
8.955036946  
127.8357105  
308.966603  
4.267456928  
473.1740325  
110.5136246  
10.46762125  
1502.556628  
310.5071615  
276.4272218  
450.7928641  
494.439187  
472.5570763  
398.5898731  
