16.70090203  
58.26827716  
428.4905198  
191.6280103  
542.8062777  
638.9578131  
130.0345618  
1945.394558  
2014.346078  
92.62204079  
5711.982491  
2894.539175  
286.352696  
1021.11492  
4207.610513  
1999.217696  
409.3117091  
4984.757139  
4173.547315  
16401.85081  
11390.77357  
2422.576434  
4115.758133  
457.4678882  
24032.51371  
1476.777636  
365.6246879  
17726.74233  
15920.99871  
11647.5563  
55391.9925  
30953.52521  
17143.45686  
59922.0146  
26528.94547  
76499.98751  
5381.578965  
10351.88998  
13006.1323  
11003.10054  
21888.33605  
10847.9348  
1163.920317  
891.5194665  
620.6097761  
13216.82959  
14547.79902  
6716.553359  
6172.957884  
128.2577547  
14367.37466  
10498.8441  
10253.7821  
1878.251408  
4164.28912  
7882.142452  
5197.878485  
6687.158573  
5356.214153  
10227.88545  
5476.406851  
7306.470653  
2319.253398  
4963.769438  
16118.68134  
16037.9389  
14658.71465  
6725.875511  
8.152957399  
21075.02051  
267.9852788  
2540.477878  
6917.154118  
6165.74375  
24539.24296  
3047.576728  
932.1204433  
2679.833654  
90.62107938  
5316.270139  
2151.938545  
789.0287599  
465.6208519  
3620.609772  
3643.196195  
1905.897168  
814.5104242  
6132.308819  
449.9043313  
14.5388243  
10692.81469  
6095.179883  
1426.98808  
6150.956529  
588.0663214  
505.0909703  
1376.828635  
975.5095591  
2411.088737  
2601.621464  
167.7626095  
322.9149833  
527.2266078  
1051.707135  
1524.584906  
2231.972638  
6522.362879  
372.8349256  
1136.046415  
1458.560386  
1643.732054  
1040.815021  
195.9945957  
1388.50807  
3056.265057  
517.157711  
2785.594392  
1772.99542  
1712.322904  
5294.603497  
1888.144321  
3339.321172  
1865.798454  
2402.03189  
3766.752364  
148.2325857  
394.9720805  
1511.131586  
1920.900254  
1525.984833  
165.6425088  
440.3992697  
399.9433122  
2899.994555  
396.1250524  
295.4107108  
370.037699  
3306.057778  
908.0378307  
407.1852373  
65.61318379  
1178.530897  
195.1265138  
48.03993909  
2957.797002  
569.8732299  
508.3623885  
1451.82466  
761.0742376  
189.3128019  
331.0233104  
1038.62906  
172.13965  
429.5678764  
2216.363035  
195.986435  
391.3667766  
619.3025298  
626.4044383  
1448.138011  
119.9694197  
112.5177369  
255.4074824  
64.10937271  
2337.823632  
292.692661  
200.5413797  
211.3565173  
3110.06255  
322.788172  
461.7248818  
78.9018844  
1507.337866  
309.9522248  
288.8883606  
124.8385249  
586.4177826  
128.9692499  
221.8951849  
663.5366565  
607.3190801  
174.0892082  
1198.597019  
132.1708374  
22.662944  
200.7514913  
772.0250133  
172.8778067  
1139.688712  
72.42224457  
545.9384345  
319.8694438  
524.671756  
2250.043408  
245.6581482  
19.26685861  
265.402831  
10.83217015  
44.97651343  
403.1787551  
44.61799706  
632.6627457  
343.2964185  
272.4359331  
266.4249065  
100.8408202  
198.8874725  
566.2371669  
18.94353232  
54.97838393  
796.0683578  
192.9100525  
285.5611994  
144.7168915  
73.13574349  
28.76662183  
110.9596963  
317.7466976  
486.1624355  
193.8615872  
1613.307773  
553.5324509  
510.3936821  
707.4325368  
14.11331065  
84.88001939  
197.3916727  
4.31633551  
837.3052473  
433.0787829  
166.6274703  
35.9425388  
1336.324892  
45.70929201  
274.3442799  
44.33027464  
189.6762773  
459.7678992  
465.906614  
270.3730925  
121.2317011  
77.42164686  
184.9647511  
280.8368345  
274.8832073  
198.240198  
212.8293891  
113.1583975  
182.6818779  
5.28697872  
95.62019009  
845.7197242  
121.0482371  
559.3541692  
463.4911013  
471.7050725  
17.31509899  
454.7772921  
81.2140354  
66.59913667  
717.8577383  
349.2893917  
118.2044585  
233.977784  
182.9903287  
336.836428  
425.5649113  
37.41418468  
221.206692  
335.076044  
307.4820187  
121.9271856  
802.3261117  
218.4029624  
311.3851386  
841.5240571  
70.37862884  
210.1957573  
296.0272145  
663.544511  
59.8209191  
368.607355  
6.753805965  
1.23449239  
133.3470899  
213.6701607  
156.3287346  
45.81943718  
10.427445  
68.88601043  
16.85797007  
157.1158756  
79.69691891  
77.73422279  
127.5451265  
