52.21107161  
1.489352101  
79.62946481  
8.79772964  
92.07661639  
97.3043172  
366.3549818  
362.2690106  
158.2715661  
701.4211469  
1863.885814  
843.9200752  
535.2685447  
204.8285382  
793.9373735  
269.9406191  
1.970564375  
927.7155432  
1257.939271  
346.8946093  
1075.748984  
561.6566898  
1360.566401  
250.4481471  
2128.85296  
3408.581629  
3735.317293  
249.5891934  
1.262543953  
1600.201468  
128.8930558  
1621.177674  
1826.15735  
273.3532313  
1467.564048  
2614.298622  
711.0899526  
12.15665083  
6920.385679  
1571.894321  
637.2143424  
77.47964812  
330.4223049  
562.2753599  
18.77224049  
1193.981889  
205.3756913  
972.9011797  
1102.962607  
651.7365899  
1053.044127  
8.765076379  
228.7103672  
548.5480659  
282.3326393  
526.7892368  
138.1218198  
246.3855169  
1139.182425  
250.737816  
1645.13401  
1362.688127  
1147.017617  
210.905079  
1187.855505  
1855.681418  
2495.307488  
359.4476634  
1173.099367  
364.7685993  
216.2438026  
1358.031195  
1285.91142  
439.8997429  
340.0048544  
2436.843426  
627.7955567  
189.6342869  
282.7630873  
892.2218951  
1752.080163  
414.4134623  
502.2450012  
25.14732892  
566.7243624  
417.7271238  
447.4153729  
1197.702011  
1592.426965  
478.473586  
3798.14639  
2824.328445  
995.6359031  
1952.920297  
35.14475519  
2227.4096  
1579.489732  
2473.296258  
3098.507503  
30.70278414  
626.2175671  
1781.412119  
1428.64898  
10927.95452  
2099.327819  
9656.911611  
4071.272441  
2119.84739  
3338.054873  
13689.74504  
9200.38248  
15649.46241  
1565.116724  
6068.281995  
2540.606166  
3803.968517  
10785.04025  
10315.32986  
28467.7933  
11626.98877  
3601.779025  
2981.653056  
3363.59617  
6694.924022  
702.4967445  
1447.264103  
7316.132502  
312.8794817  
1811.45446  
168.6498067  
454.710756  
2592.497562  
3392.553568  
57.29032404  
2502.267478  
934.4962553  
2529.985474  
997.4893965  
229.1316839  
2892.578536  
1749.514093  
2068.34085  
396.6492494  
2038.416961  
2905.024153  
834.4668448  
1181.927225  
528.4805385  
304.0207263  
569.7822101  
82.99385886  
1375.412035  
880.6256601  
38.79975604  
642.1313461  
431.9314785  
188.1516095  
3126.439947  
98.65188528  
1165.984703  
283.2002112  
1055.104993  
239.4254441  
35.65104661  
1188.247604  
545.5387121  
32.27112319  
1725.191655  
986.6793598  
361.7616583  
303.1171233  
31.2072883  
90.4421521  
173.8575813  
225.8617325  
324.8242972  
259.4805657  
539.5208821  
440.1507175  
236.2305203  
262.0382321  
1859.462362  
1289.394449  
136.8599921  
21.48132152  
1722.204596  
1199.232116  
242.9459039  
450.6904594  
961.8475407  
31.55563494  
148.113894  
263.1243936  
624.2784435  
396.1261301  
88.59882083  
58.5098108  
26.99656935  
59.66474428  
398.5261007  
378.3318508  
142.3839432  
107.907981  
227.4525575  
78.97575059  
42.74311478  
1004.045976  
43.63629004  
348.2878238  
164.2252132  
937.8712116  
83.63847701  
104.9308578  
202.0870393  
67.81844647  
127.2777372  
273.8257364  
25.0666443  
408.7010734  
213.6129196  
59.83447416  
111.8603003  
583.7137729  
166.7810616  
82.68114034  
38.55949043  
162.416947  
784.10505  
21.50038697  
541.2553708  
0.8584625505  
161.4821504  
209.6235185  
365.5136858  
130.2716589  
39.234157  
27.22777032  
32.19999049  
16.60385401  
138.2969472  
599.1697993  
39.94541159  
206.7975317  
214.6740842  
28.81853654  
122.601433  
15.43352097  
367.4578386  
217.1557548  
56.93448136  
23.04108157  
364.2408619  
205.7794535  
165.0384555  
78.42679828  
482.6837027  
78.92108502  
264.7508887  
4.61832423  
1.145732417  
441.7985542  
112.3964358  
49.01600883  
202.2329257  
38.1157956  
278.5545192  
11.30314462  
347.7732148  
97.70954881  
61.61778689  
25.34643824  
37.64569937  
39.19658393  
29.96520105  
32.66053584  
602.7484417  
120.8727319  
15.02570469  
83.02110027  
153.1661026  
362.1697855  
46.07573574  
109.9877422  
169.9678546  
159.3028448  
232.4470686  
11.29868405  
58.83297426  
205.3530799  
38.489181  
69.03382555  
32.62297551  
17.36580721  
300.7855593  
9.952629499  
