73.54063677  
3.204298893  
1.402364394  
84.88997805  
376.2688734  
326.3130819  
30.62746619  
362.5496142  
49.49398663  
566.0770666  
154.7440342  
182.5138456  
800.9353169  
296.0165112  
145.2610166  
123.1525564  
77.02496148  
167.5979184  
560.9917757  
896.7573695  
324.3366249  
272.6202038  
790.3447868  
1337.822273  
136.1846084  
1780.184914  
111.1738236  
637.0458253  
223.0461026  
986.7861814  
351.1273221  
55.13091822  
163.6136149  
396.7233952  
515.9585624  
594.5095701  
806.4496373  
294.086162  
172.8220774  
92.76806176  
1546.30645  
70.35421173  
194.2277796  
618.5715655  
212.3552813  
166.2652135  
561.0329964  
49.5313516  
630.4605849  
262.9371598  
300.4908377  
1303.436697  
393.3872568  
387.9838086  
17.13908592  
92.04677923  
31.26836224  
17.42773734  
2.534440513  
95.09794423  
379.7755071  
1226.543663  
522.6436323  
95.69472714  
53.76462966  
252.8777503  
195.567754  
216.4251426  
20.8960649  
186.5897036  
51.35277543  
425.0346083  
364.5218107  
1221.334254  
201.223453  
219.2690422  
782.6386402  
234.2658102  
245.3656805  
1807.728154  
37.68135907  
123.4388504  
296.044899  
986.64279  
387.7200538  
393.0438533  
189.931892  
323.1324891  
1242.267228  
1755.047979  
352.055151  
165.5985511  
1420.834901  
580.5302388  
308.2079941  
339.5314897  
1053.597373  
817.4695398  
1424.630267  
437.525  
851.1182406  
0.008642747529  
518.4135247  
2109.862763  
186.7154368  
2509.303364  
1601.115048  
2689.633943  
1545.522034  
2109.880441  
1144.303648  
7593.558824  
1161.566273  
2678.019034  
296.7155824  
683.3908946  
8186.797504  
3282.124317  
4291.431137  
4546.764828  
3569.335019  
1062.634818  
1203.856207  
1473.383821  
1590.654991  
676.8277542  
1282.767613  
24.19565101  
369.4827033  
818.0863707  
1336.513838  
578.633645  
970.9895718  
305.3718362  
167.180796  
169.7047705  
2078.429761  
180.6746877  
7.895992261  
187.1230539  
1075.947121  
337.6207817  
1697.552797  
15.75523791  
862.8258311  
294.1621498  
503.179714  
925.8844096  
209.5715919  
440.7361597  
37.0312742  
793.7826885  
145.3490738  
120.1773778  
252.8755299  
155.6050672  
263.008635  
160.1693923  
199.0572019  
191.5073355  
369.4059838  
569.4900035  
87.52817782  
159.7145188  
281.4703495  
8.684561263  
25.77527956  
103.9976821  
345.0558251  
521.8813549  
187.5896501  
179.9319772  
360.3930574  
0.6755528992  
219.3272063  
100.2559926  
361.647288  
224.0130094  
0.943175157  
445.734621  
7.191844342  
329.1101418  
426.2484993  
159.6987066  
56.43410091  
783.9303896  
56.4740085  
18.78442274  
98.51377519  
329.9750631  
4.154742742  
8.669632905  
171.3058405  
83.38232652  
328.0149251  
45.85254012  
68.20641036  
178.3179629  
749.4299788  
5.387724398  
194.2887088  
439.8102661  
352.3204755  
79.88172948  
125.8870478  
163.6169287  
47.10217474  
1170.648229  
240.6787958  
296.1246418  
381.2414608  
347.8802036  
556.5881877  
85.65888603  
815.7510382  
237.1713019  
431.2639878  
106.968281  
271.5670117  
15.27787059  
519.8879287  
98.19767992  
394.1483604  
218.1409429  
104.8618355  
87.19775499  
614.1528913  
199.5921351  
403.9160072  
163.9505593  
331.326607  
426.0991796  
636.686186  
263.9783387  
286.2010155  
262.2046117  
318.2803  
145.2221819  
310.2560967  
64.6810165  
75.07817842  
23.404424  
173.57307  
34.85245277  
190.7050383  
116.1888182  
489.8333752  
189.0464825  
221.4603994  
346.322152  
434.5033516  
1126.808215  
202.6664142  
176.4584668  
264.3883331  
633.1418702  
187.0468598  
269.3212869  
151.5573408  
290.942942  
198.577669  
276.034882  
134.7434983  
365.1479804  
334.1956027  
53.8484693  
415.6431058  
333.9403032  
99.95417318  
240.5532871  
730.0970551  
67.6474802  
466.7451031  
20.1074415  
309.5232515  
512.3004982  
109.9605057  
277.377453  
595.2424177  
299.3964229  
81.43751655  
34.12750347  
34.48142141  
13.63183421  
404.8984703  
55.57257168  
3.869149163  
106.8090034  
17.33062391  
269.1700433  
214.9639806  
528.5672594  
306.9069608  
53.78787421  
45.58151009  
