419.8442855  
66.10036676  
541.450566  
759.7940926  
2225.492535  
2342.85595  
1323.762001  
715.4047384  
3246.904056  
3957.727831  
812.6543644  
9837.056489  
322.5995329  
4005.468863  
5976.769183  
5431.18221  
4874.995353  
1583.554235  
1978.703721  
2946.959552  
10079.88355  
4749.027394  
964.414592  
872.9844808  
1344.444713  
2132.21366  
536.9599182  
6796.357135  
2134.767467  
1056.852915  
12185.16364  
885.2397921  
162.9842118  
8375.039837  
1016.825878  
2121.229511  
2745.528724  
6208.128022  
2336.078483  
1642.861645  
4778.646842  
5272.212249  
6387.014721  
810.6696317  
515.1812379  
2266.69617  
29.30616554  
2891.515689  
2381.022134  
377.8377687  
268.1203403  
855.6254787  
1627.525721  
347.5501977  
179.3659073  
131.4327687  
171.9269683  
2124.182518  
984.9391654  
3473.719116  
1057.46991  
323.9839591  
338.9920182  
1884.526205  
188.7250155  
677.0078221  
1253.245128  
151.5023966  
43.73487068  
787.4714007  
482.1045256  
399.4303782  
990.4355567  
2192.375449  
406.7452743  
266.7442807  
628.6880675  
1241.441546  
265.7732227  
14.86716967  
716.3001372  
93.44085954  
609.5194958  
653.4758985  
1479.959576  
892.1271965  
539.9915449  
355.3049828  
45.00398768  
209.8459428  
2542.448227  
872.8601403  
451.2445223  
137.9356052  
146.0090956  
242.8182773  
2886.133739  
2934.717943  
83.43181436  
602.4503409  
3664.257527  
1468.823638  
1595.610368  
1439.477898  
2302.12933  
5044.962501  
1419.987131  
1332.066822  
5538.45254  
11829.37787  
16748.63509  
17400.59922  
301.0108963  
6458.368597  
73.13385881  
4177.692682  
8153.167822  
2410.952048  
25856.35584  
7826.171635  
1426.911454  
2420.741555  
411.6879162  
1062.567935  
825.4438642  
437.1555222  
1950.838308  
520.3409825  
3716.177231  
176.8260377  
4679.539818  
1546.315087  
1055.636807  
188.7923461  
3369.88609  
123.7883018  
2962.537132  
258.3183478  
547.0376976  
3485.322184  
1138.758869  
589.3416664  
109.7018848  
33.54120225  
1327.693479  
1921.511283  
152.0260126  
499.8214773  
337.8120244  
54.50206508  
124.6009909  
114.5356325  
276.4661649  
460.0857275  
168.0109446  
319.0667218  
1039.474136  
99.32248624  
161.9596008  
561.9861787  
799.3132731  
208.9610334  
151.8951549  
144.785236  
68.87137836  
481.7770616  
290.013448  
149.1182739  
36.82114636  
198.1663826  
588.1919379  
1174.80506  
352.2762251  
99.95284584  
65.12329533  
731.4087909  
183.885908  
175.8376704  
206.8192866  
153.9010541  
153.4245846  
689.9444483  
1316.433665  
393.0255386  
870.4934253  
85.71000852  
1510.269836  
373.1583293  
293.4444459  
23.56624122  
488.0327499  
60.17731095  
478.2859632  
6.300999056  
208.2360945  
273.7092902  
41.94975968  
754.1199687  
538.9769402  
1197.004947  
2.719219319  
426.6940336  
13.8691768  
95.59627627  
105.6750803  
709.1543106  
2238.450286  
1205.503668  
688.9376145  
1063.10131  
693.9157146  
20.3898369  
468.3055253  
229.8095351  
542.3585387  
160.6063926  
166.9827147  
55.20841511  
2127.01684  
420.062562  
486.378857  
1193.48937  
1073.709725  
365.2701657  
368.8572546  
199.9667044  
3087.461733  
156.2831503  
138.0367667  
305.3413301  
148.3712363  
46.71725326  
467.981764  
699.8133733  
162.9411905  
694.3010666  
1813.170605  
278.6411264  
128.8274769  
52.79612068  
569.0095063  
750.4363234  
645.3947896  
264.2354893  
532.0614702  
915.7715338  
404.5362033  
207.45483  
1215.78693  
624.8556854  
256.996168  
922.9967397  
515.1056298  
576.887384  
8.646196064  
2343.923403  
606.3122325  
235.8720464  
405.8255567  
955.6382702  
372.3471973  
1218.295822  
16.52405408  
194.9656246  
1293.626302  
0.5257225782  
460.9614213  
305.228205  
165.9375968  
1321.762506  
127.2623909  
61.84844417  
549.9808699  
176.0003912  
148.5930031  
124.0287624  
79.19687961  
233.987652  
125.818545  
559.5819079  
79.23135792  
33.6168943  
392.0868238  
87.8921757  
122.5223782  
155.6579842  
165.4685782  
116.7831449  
350.0459928  
15.44132556  
215.1936831  
704.6588966  
51.08998023  
77.49302961  
87.14149252  
