6.440385413  
52.59258694  
373.8745193  
46.65283267  
235.0650269  
811.5017794  
1659.666819  
572.2699319  
188.25224  
45.81042555  
1302.486745  
502.9496918  
88.00247507  
299.2211419  
148.6859031  
848.1919466  
313.2536407  
683.2053552  
2652.324241  
5868.304671  
3050.342975  
1204.569403  
2900.219743  
4477.769686  
5355.683937  
5765.008071  
315.168187  
5831.928884  
91.80492972  
1747.401218  
333.8068127  
9613.671997  
2626.13677  
7976.824887  
1141.310908  
9163.613022  
1391.542301  
686.5014498  
1181.409496  
6924.559962  
8890.212018  
804.8108629  
1259.557557  
278.8225323  
2756.732815  
555.2398466  
127.2640713  
290.7724406  
454.1397889  
3643.801916  
352.8671503  
600.3490792  
1499.397191  
418.2878588  
372.543038  
105.6426087  
77.59703218  
174.1096025  
162.9730793  
3616.624819  
85.95316709  
1795.868397  
1652.433121  
30.68308961  
538.6516652  
229.4666726  
131.1046253  
636.5981874  
1186.999279  
206.2596595  
667.5345378  
603.3738109  
345.7833715  
1284.499345  
122.5966767  
1435.836938  
890.4807009  
1490.151736  
51.87985162  
2836.250172  
144.0693859  
380.0403694  
280.9714081  
358.6782261  
183.6332233  
1971.962232  
310.3616106  
221.649633  
569.8852527  
1998.053576  
4848.558445  
1565.558433  
1729.243333  
3189.580505  
719.8162405  
1735.757796  
908.8744041  
4616.333692  
2704.370805  
1238.256693  
3562.92307  
1855.977463  
3708.488775  
4410.495836  
2144.636808  
13307.64851  
4930.763559  
3938.430567  
7838.415537  
19964.29244  
26412.2007  
27679.45007  
1034.72756  
9882.821738  
3192.088606  
8772.820357  
21479.68588  
11729.10808  
59198.03375  
8887.577934  
1995.842915  
4362.976264  
5222.359165  
9592.187581  
274.7300552  
1759.204473  
8315.704995  
882.455328  
4753.967943  
236.4463142  
2864.265668  
5115.621528  
4048.83717  
130.4702304  
7008.492541  
642.3497296  
5436.991155  
88.06963393  
938.9152773  
3681.712666  
2109.143718  
1745.355285  
234.440732  
1117.342798  
1133.424297  
4133.034355  
69.18659144  
531.0782985  
274.2442194  
290.4619737  
50.52418497  
633.9237212  
1396.967866  
570.8113351  
778.5551915  
563.3092244  
870.6937473  
2914.380522  
426.9494603  
2515.669018  
1941.297341  
76.96823172  
410.5887718  
1029.441855  
170.4100049  
6.975442189  
520.9862838  
698.4669028  
1489.70397  
576.5863902  
382.9585262  
1260.206307  
1649.411721  
1454.245326  
459.3970414  
874.4005517  
127.8844795  
167.7327697  
1458.063068  
164.0935834  
635.4350566  
2227.374447  
686.3432081  
183.3032115  
294.7350758  
1185.053887  
230.6568857  
171.6054508  
134.6413672  
763.5659246  
434.47836  
92.33562841  
46.68694383  
10.03860896  
51.69190693  
530.1527989  
976.8813446  
770.3422076  
257.7836875  
475.6278656  
167.7752508  
112.4056194  
194.1752783  
130.6120452  
445.3575364  
35.96865291  
219.8440358  
134.0213159  
491.3519993  
43.80516586  
0.485760329  
633.9446701  
772.7499434  
308.5356117  
293.4360654  
481.8359921  
730.972921  
342.6524287  
189.8080783  
29.6468155  
22.14919915  
126.0872216  
1820.843708  
106.4528509  
108.6449995  
169.8832352  
815.051254  
607.502784  
473.5706915  
246.9164018  
658.2817187  
1524.271343  
1368.184241  
614.8093973  
3301.158461  
804.4609388  
388.8402399  
213.6437178  
164.1829525  
277.6956243  
338.8921202  
98.5453528  
913.3900298  
151.5088913  
149.7372137  
396.3432473  
412.491189  
727.6375941  
1219.609257  
132.2887445  
1517.363492  
3706.130982  
96.54819908  
26.07288791  
199.1967302  
2105.188253  
1135.616581  
19.13520194  
685.4822933  
48.57083171  
44.91139582  
1936.292597  
274.9863801  
754.4155115  
68.34252235  
286.3870699  
299.3509084  
280.1514067  
702.2284496  
473.0876991  
553.1179573  
347.7162579  
1547.848656  
257.4902013  
1661.295161  
710.0391981  
577.9151647  
258.3931086  
9.207853544  
496.7933064  
37.02060475  
414.7908626  
300.9955883  
275.3787277  
145.2703711  
50.59569052  
51.98321085  
10.28391985  
619.08121  
73.57236887  
11.55865972  
585.563184  
307.2320012  
162.1684335  
119.2860665  
