423.9678334  
31.25243603  
338.4226933  
201.5300153  
1265.284143  
2611.712672  
273.8231854  
502.4252828  
1991.443033  
4327.197178  
2440.436273  
1123.397685  
88.61429706  
1934.081037  
1711.665313  
4014.961941  
5188.944368  
1316.000005  
393.2387356  
698.0847054  
4562.292471  
3265.295142  
163.9215191  
246.4303978  
3681.523935  
3040.675622  
1608.90821  
160.9909382  
220.0517091  
2351.059681  
2181.742751  
688.3476365  
1864.386616  
462.8651933  
3267.069367  
1107.842766  
568.5115822  
971.4176131  
493.00927  
280.3555334  
3777.322279  
1597.981366  
2310.255373  
573.4247031  
350.2101575  
377.5366889  
915.0892112  
2921.074074  
585.0499167  
500.5471204  
818.7458787  
677.5524686  
1898.758004  
436.4695252  
144.6232108  
1073.681402  
1247.584748  
22.7771305  
1023.637552  
2302.51646  
1012.884094  
869.5644778  
342.7229576  
579.7634373  
217.2154968  
805.3533099  
90.07575358  
152.1627808  
115.5930436  
1101.029499  
2041.05747  
377.0679764  
677.7597421  
263.6548219  
851.8246577  
1111.961227  
396.5057566  
1063.444172  
1364.561874  
177.1648756  
787.9197271  
614.6129827  
253.1710458  
201.5247079  
1992.60454  
1573.748502  
639.3499016  
168.4772295  
136.3056868  
534.2042308  
1341.086379  
6.11467807  
3466.160949  
4865.491961  
694.8429874  
3678.921231  
4106.930369  
4805.260233  
1848.647215  
3975.505476  
2714.918458  
976.2311063  
1714.527734  
3737.333687  
2004.730302  
1372.111196  
2988.19202  
5981.105779  
3921.095629  
9134.211348  
26096.34924  
9873.080738  
949.0002393  
4481.76434  
2502.121235  
16239.6763  
15896.5582  
726.8997549  
55078.74532  
3397.397148  
152.9206483  
2120.412008  
3657.308829  
2451.500321  
3336.796176  
1459.475929  
2361.085958  
2306.443151  
1212.629282  
1169.434752  
6237.090892  
2215.167744  
877.8352808  
720.4412122  
5634.504802  
255.997259  
5533.82172  
103.3405987  
185.6466539  
6683.851522  
800.697899  
850.3776022  
305.9092138  
1240.228408  
801.487053  
750.821612  
48.65370916  
1231.214794  
10.38116548  
203.8898283  
309.9728653  
539.2662568  
1279.082424  
860.6200413  
138.1448399  
64.91167598  
869.3618102  
307.1837382  
220.5051818  
740.8672142  
96.18445666  
69.88035196  
88.87472431  
708.1101487  
427.0423956  
64.14671469  
235.2866381  
337.6591014  
1559.583216  
117.7001786  
325.8306882  
0.07023923284  
38.27466507  
21.82821785  
15.35069011  
59.09370935  
87.06206087  
207.7528015  
293.2123356  
226.6649808  
0.1667716102  
349.0820208  
291.9788481  
102.1704569  
719.9493422  
291.2656637  
2187.231344  
186.4919885  
428.0258074  
2.704427853  
312.1606324  
32.11887688  
30.50475414  
758.5155999  
78.46377982  
146.0361571  
72.80375183  
53.98650058  
245.0049221  
1882.309097  
5.611413634  
40.33925767  
272.0253406  
126.9159923  
238.0714037  
256.1713309  
528.3933065  
24.56089776  
425.39773  
207.8644337  
46.7177952  
428.8373056  
126.2706159  
1.073288482  
261.2362744  
320.1281512  
217.7516184  
51.26159037  
72.41429962  
2.912279329  
472.0024323  
806.2952564  
1428.587993  
146.2001828  
352.2078118  
23.65783247  
1518.937714  
28.60076816  
660.6057779  
416.3791281  
18.08371511  
63.33059407  
882.1292621  
1299.77946  
350.6389617  
183.2277844  
381.3150759  
219.4637052  
122.6523387  
348.5084099  
471.6241395  
158.1578086  
168.5719327  
651.1071765  
44.38390746  
389.5520429  
311.8917639  
164.804394  
991.0285106  
398.1584673  
163.8997095  
2121.637708  
97.21936807  
61.63011884  
175.930285  
538.9800498  
35.71614661  
1460.218376  
592.7488312  
153.9702025  
227.5738613  
1357.774487  
133.2017267  
822.1721385  
18.13992856  
108.3585253  
39.88170239  
171.4073363  
30.50300967  
134.7402931  
21.31847659  
19.61118236  
758.2427807  
118.9400359  
633.5498126  
829.764462  
137.2161977  
148.553873  
354.9572277  
358.5416054  
24.83837658  
220.253028  
422.710118  
105.5891564  
150.1607063  
24.98389096  
5.132038629  
269.4117497  
88.73719177  
206.9332233  
170.2084949  
81.07744919  
9.152575241  
22.84603724  
8.644395015  
