20.98129471  
2.251902723  
41.30062328  
36.44739445  
284.0680049  
132.9123096  
554.1604958  
429.0235843  
334.7778836  
93.05095888  
36.18793166  
35.27107642  
465.2285486  
1046.801742  
147.0289211  
408.6924834  
85.46606311  
2877.558751  
559.1706441  
801.2511238  
438.7716611  
131.1360074  
1405.936602  
551.8287377  
1925.033916  
1837.394879  
275.0086594  
822.0994254  
734.4442289  
776.0410729  
1492.866058  
4351.361016  
832.1638824  
6982.831054  
4944.747196  
1238.601189  
404.6389384  
849.4044775  
651.2738534  
1777.631855  
11099.7816  
4440.521677  
4526.822365  
1453.847299  
234.7798204  
1512.811759  
1743.102485  
6179.34619  
2017.344021  
1035.417124  
598.7846417  
1239.406988  
1831.717539  
143.1694683  
95.49763801  
721.4883023  
222.6649343  
1984.756952  
476.55483  
714.9182159  
486.1874165  
78.86223619  
45.15330885  
169.9946507  
239.9590415  
506.840367  
850.6901819  
433.6744926  
298.9343639  
712.7040795  
1885.19467  
2476.734794  
332.1392959  
411.0716492  
178.3067399  
675.9693299  
929.6584177  
130.7711996  
172.5932105  
144.5821184  
39.08970579  
249.0233795  
338.7486375  
1022.359389  
164.6963015  
68.65218117  
1239.997248  
238.2269667  
195.3983161  
140.9877708  
1380.350216  
875.5240108  
88.70421935  
744.6034742  
16.06371152  
487.8678138  
425.3912502  
48.22626753  
800.1623907  
41.57294584  
838.8459988  
328.3478682  
729.3895055  
144.6009769  
236.79154  
298.0757356  
898.2314182  
455.0872685  
107.0974475  
533.5694299  
1489.576246  
38.92309094  
399.2915534  
748.8395788  
1024.618511  
721.4719518  
1729.009461  
406.9215415  
1683.508466  
1989.954245  
245.9959938  
2837.827628  
270.698239  
196.9697305  
12.79832985  
449.992126  
193.0959133  
27.32080686  
5.490715226  
721.91648  
448.6449255  
320.710145  
369.7233937  
216.3519395  
977.9147261  
61.4632318  
272.6314971  
410.7175259  
104.9082142  
538.3141034  
215.0199073  
551.7126359  
248.3093281  
575.3972267  
209.2731546  
387.7082991  
64.55513871  
321.3257206  
361.9322155  
30.85998549  
623.5377209  
164.9847495  
206.0211862  
393.8765553  
151.2622208  
85.96500349  
56.45480426  
316.485886  
632.7714514  
363.5031726  
15.37172646  
102.8249569  
55.66916406  
310.0415655  
239.5093841  
111.2221565  
77.29213359  
4.963534917  
39.97925891  
18.10425839  
133.9651196  
737.1446408  
448.7485849  
243.2143335  
12.12280299  
268.9651107  
732.6978098  
265.0988491  
150.7471983  
24.85728956  
3.240011068  
156.623926  
426.3290275  
117.2697245  
234.1915165  
143.9150099  
140.6404719  
493.6061847  
485.3529668  
53.10731518  
164.7139324  
458.9555579  
268.1768086  
222.371932  
15.70339058  
149.8327829  
43.8142576  
26.47798972  
27.00814976  
122.6259884  
98.23132504  
128.4697264  
17.40521698  
2.620562975  
177.9545792  
95.61179391  
441.8479191  
102.3707123  
304.2804355  
321.4175681  
547.983537  
90.76346854  
370.0199465  
664.6310529  
161.9968694  
219.6258067  
352.9168157  
162.7019848  
509.487608  
12.86529458  
222.0179215  
52.50254353  
112.7327918  
472.3760252  
460.0010138  
66.70871945  
44.50671037  
245.8081127  
108.8911483  
50.16918973  
43.4444953  
7.123239465  
46.93523354  
181.2504245  
1.747085241  
211.4105331  
249.1724773  
106.462351  
90.47854255  
183.2383743  
17.55430564  
248.7391753  
196.3117441  
196.1006505  
168.3853026  
174.6159611  
100.1433154  
54.08227073  
55.84850485  
202.8460492  
62.10793198  
309.9593327  
43.31986781  
3.273008825  
3.87468132  
293.8419763  
380.2307508  
277.0937003  
296.5509715  
15.14012593  
13.68368643  
84.48054098  
3.230182356  
293.2037018  
333.8235982  
239.3625509  
29.1742223  
81.29963954  
35.66492464  
67.10320277  
10.60037948  
373.7815004  
78.85360156  
103.4738981  
20.11690515  
310.3147197  
105.4143021  
8.58444758  
233.350747  
109.8264904  
48.30456926  
2.636723662  
80.40766517  
91.65015476  
115.8033393  
34.66691955  
50.70320359  
142.8712484  
129.2837628  
11.19449586  
76.27138877  
17.24593754  
109.1469789  
13.73406862  
196.4351594  
