70.28255604  
43.4802381  
17.24760212  
181.2194298  
239.6509975  
438.8614608  
89.36237954  
1877.518776  
2440.776893  
5081.471731  
2309.082119  
7406.976775  
985.1786918  
650.8461749  
4508.965592  
193.2977409  
171.1077028  
996.6514954  
577.6097138  
766.4168922  
94.26549177  
760.609822  
469.0900446  
170.161092  
1480.233351  
1309.817851  
1121.087466  
747.2506391  
704.3616837  
995.3059243  
557.5298496  
406.1984424  
1121.421313  
178.4648178  
1570.373239  
194.1057268  
1912.321805  
122.7510934  
855.2221475  
196.355128  
1750.839161  
339.8530627  
1315.894663  
107.9893515  
490.5999795  
374.556831  
46.76722074  
1665.38137  
109.2536948  
89.02273653  
1746.422816  
612.3705621  
200.0530521  
3200.745563  
108.0778108  
1240.463685  
1088.108552  
645.6410672  
1306.353844  
1979.358795  
2263.768716  
1833.995307  
2253.402487  
356.2252709  
138.9765702  
110.4498581  
450.1347112  
665.8463842  
200.8097575  
104.8466761  
326.9112795  
508.5598697  
492.0864906  
77.4552782  
878.0799338  
3918.868019  
519.7960525  
1676.42873  
371.1316729  
30.32618231  
346.4374332  
583.4461466  
23.11562418  
1411.889059  
480.2091809  
108.4352969  
2700.068218  
1039.666908  
1751.916945  
1447.844786  
562.5430964  
2064.585988  
244.6871423  
257.2802526  
282.3984118  
680.1565966  
1632.156786  
3984.89311  
57.99070615  
540.6812943  
2291.560823  
2480.176913  
351.8596198  
6534.578347  
445.1768483  
4572.019258  
367.6414721  
2606.647301  
836.4851827  
7359.608884  
4112.857852  
1652.886838  
533.8176967  
1559.428748  
1501.940461  
1230.309113  
109.0659737  
12453.74932  
10273.50626  
4717.63972  
4464.735542  
177.6355797  
954.3864339  
3333.982485  
3556.490658  
539.712538  
2028.50119  
3662.856632  
775.8770671  
1464.331304  
2275.176609  
3061.234509  
1676.286752  
2195.057761  
1762.431593  
1647.83935  
1178.991667  
211.7929161  
586.9184758  
1139.724547  
243.5255041  
823.6729296  
701.6235217  
865.9918836  
698.6899822  
150.5225394  
333.2961599  
746.577412  
1384.618272  
199.4001325  
80.32170299  
506.0896588  
667.0342427  
188.6922949  
576.5076368  
247.4987933  
44.47211215  
783.4424149  
276.8844427  
5.418641833  
245.3681723  
712.2552221  
207.0603469  
14.31097746  
2635.994434  
340.5785135  
227.2534318  
453.0541262  
530.3734675  
1318.256809  
631.4950054  
131.1569435  
428.4182481  
351.7339856  
295.8077743  
764.0641332  
84.76586328  
97.37511384  
884.0560869  
163.2887896  
620.5110261  
466.4679302  
255.3820586  
6.986045635  
48.90720384  
310.5855694  
449.3719053  
146.9378131  
131.6634304  
30.72684933  
57.99524824  
268.3893985  
548.4737137  
50.5264177  
89.34951056  
22.95026574  
103.8421351  
123.5725377  
872.4675023  
704.222071  
136.0148445  
2.817381369  
18.65828687  
61.90313229  
27.91428304  
592.4063744  
163.0951807  
573.9034105  
178.7194688  
325.7615336  
695.862794  
1646.299817  
66.82796921  
531.1943847  
139.2732288  
575.37533  
4.439869648  
175.2139679  
296.1855692  
720.4175264  
136.7001449  
78.14042717  
30.19448052  
124.3214712  
208.4610541  
738.057531  
939.5783007  
1203.427191  
89.17390741  
567.4047216  
533.3759027  
44.15416807  
566.7412718  
586.7981897  
194.9770292  
141.3460675  
869.6573019  
938.3725358  
394.2533326  
387.946952  
281.0909217  
511.6787081  
474.6702394  
211.8331441  
220.0225143  
44.70100685  
89.38898747  
250.5280816  
665.0218911  
24.30062571  
1213.128144  
1114.276575  
256.3579734  
60.35112735  
794.5478393  
395.21625  
189.1854196  
183.5987688  
217.4355394  
73.99517909  
53.35351832  
664.5279264  
163.853878  
215.8855304  
15.18838872  
281.7739383  
405.87616  
36.21782209  
167.9577048  
118.5607496  
88.27827962  
30.02873041  
393.6020798  
8.841449999  
19.78481728  
789.7642008  
41.58280895  
229.8021503  
161.3415877  
278.6525331  
72.09287  
381.7222329  
30.3367743  
365.287757  
160.3851818  
70.12784649  
231.4153007  
188.4870683  
394.0099249  
25.0886736  
20.83883538  
123.5492067  
82.37659239  
284.2533236  
241.1947728  
