110.0688144  
14.16646672  
165.4406032  
262.2966666  
401.4201094  
859.3852647  
834.2840007  
606.2161449  
524.2486756  
888.2432606  
331.9030193  
3300.79372  
418.2277803  
418.1186046  
1761.135921  
378.1564177  
2320.893924  
1283.264087  
273.0200479  
801.7401358  
2678.424367  
66.90830583  
1301.027913  
307.6374781  
1541.91303  
234.0785226  
1116.507932  
1985.891131  
532.4614065  
1065.018868  
3996.924582  
2349.582729  
251.9830579  
2854.066891  
1353.884008  
2.609138089  
2100.633581  
6212.367057  
723.5872462  
6.174307197  
1875.124726  
527.4308663  
3619.189729  
17.58421652  
404.650332  
183.9906218  
3108.396857  
925.77186  
1213.423922  
194.1294628  
494.7358607  
820.5733055  
726.5153257  
340.3207115  
622.2276036  
734.3351176  
820.8687284  
220.9276114  
451.4072845  
23.77597186  
48.05813458  
1206.850665  
603.5270825  
855.4703924  
385.2168151  
42.81049938  
52.39566456  
104.9658415  
330.2417819  
12.62629845  
456.3115944  
1203.341467  
1219.256138  
396.0365724  
141.2812664  
1111.076898  
342.7510123  
954.0533872  
83.55160258  
153.9672136  
623.7479016  
77.37249661  
613.7520753  
48.58357785  
497.9547505  
331.6569194  
197.6752702  
159.2682368  
148.277012  
464.3541348  
292.1256862  
560.0346497  
98.43097206  
107.6221926  
550.5976636  
140.5104452  
233.1575384  
498.7367472  
282.0458668  
284.5845685  
541.2485028  
175.8992778  
178.1905744  
133.4571803  
14.40576811  
516.9158505  
187.7977242  
599.6161857  
1446.278235  
123.5998303  
111.7362037  
1155.659857  
178.7571928  
1437.965933  
843.2295644  
61.66534682  
360.9132975  
876.4716247  
613.9503899  
493.8708776  
2478.563868  
221.4688309  
150.035339  
460.6065964  
368.3679932  
261.7592056  
388.4195354  
296.01941  
492.6259756  
652.0095003  
410.0393738  
87.37175774  
2.897516957  
333.5574449  
142.8251409  
155.1669177  
77.40758008  
482.3358519  
80.51516844  
18.12431425  
710.630381  
165.1877025  
283.2862987  
397.6256452  
256.0438743  
286.0796221  
570.3994551  
650.2640588  
260.7015902  
129.4343158  
28.34018158  
515.8347028  
50.19209488  
353.9069041  
222.9497793  
527.4152818  
103.2201925  
186.9133641  
496.4964651  
3.010626106  
174.1905586  
203.8456656  
715.4999523  
95.89895948  
61.95640149  
233.1073952  
570.6768223  
133.9136329  
561.9998632  
69.73651059  
327.3315647  
223.8066904  
194.9734217  
523.7829584  
154.9304838  
209.2738549  
441.2998163  
278.17654  
187.2980425  
155.9505545  
94.41661504  
465.7567212  
15.41073381  
266.6595978  
489.5970272  
0.4375452082  
60.47961621  
278.4312378  
526.6640534  
174.8094275  
124.6169015  
223.4074323  
103.7423602  
7.868642307  
138.0820498  
121.6974809  
276.370224  
106.7572303  
36.53085901  
52.01556295  
36.11460512  
102.6944096  
308.4750275  
271.6980051  
203.0856846  
32.34039774  
162.0438572  
654.1360959  
44.13857482  
57.42902334  
78.57992505  
225.8465135  
18.58089527  
252.2141036  
213.6720681  
58.5606265  
37.55388572  
100.3890789  
138.081927  
102.5329478  
169.6685509  
46.76871164  
143.3206539  
114.3159782  
37.01302887  
262.355593  
106.2579786  
2.000327937  
286.448874  
143.4752637  
25.40097306  
111.7959187  
234.6487242  
192.5000484  
273.9791358  
1085.928128  
111.7126827  
36.10668101  
0.2703812791  
71.24288338  
291.7221161  
222.7260221  
83.416924  
76.96394188  
14.67920717  
147.9908091  
51.73026142  
41.4266997  
517.4142929  
541.2331792  
191.5124311  
1159.453759  
200.2060765  
239.469923  
135.4935527  
552.1516108  
87.43196413  
140.804077  
414.2131879  
27.11612506  
199.2421295  
279.1026371  
205.9142191  
196.9077754  
35.54721141  
328.5780516  
226.4175123  
77.56354866  
249.2728919  
239.4555498  
273.0919435  
758.9251339  
412.5256093  
691.1666153  
599.0566942  
695.5360232  
183.352052  
103.953636  
521.314785  
789.9176712  
131.6678062  
131.2703614  
116.3840605  
394.4836917  
331.3837916  
118.6147442  
55.88358281  
363.8688502  
49.13162305  
32.66869404  
267.1128881  
73.8892331  
228.8240785  
329.8948921  
213.8182702  
