49.92785303  
43.47605676  
110.0146777  
196.8752036  
287.5790017  
368.0497931  
3144.697231  
3895.925698  
4733.012866  
2579.436559  
6530.568733  
3018.334497  
1907.838731  
1655.389048  
5218.918492  
2161.671931  
1393.846297  
874.076578  
1941.737625  
5454.070554  
2704.042751  
15.8756368  
3024.822179  
5350.727025  
2829.773007  
10286.21941  
3788.61442  
2188.399084  
812.4555845  
275.9166789  
2418.249002  
5780.996243  
4654.609792  
2996.389179  
6217.252386  
1617.628362  
284.9013613  
2361.299437  
2054.177035  
1392.010805  
7470.353586  
1360.882371  
7193.412455  
549.8106015  
1140.676531  
6240.691881  
2050.827888  
4394.643301  
1917.078809  
1255.270923  
1001.680163  
4298.518952  
1443.484051  
3645.931401  
1387.642502  
2151.546847  
1847.313918  
428.353913  
2027.616135  
4175.141772  
255.9286608  
2131.353529  
362.9837191  
326.9019484  
1164.011208  
82.62777687  
1539.076041  
5068.258661  
717.2044992  
4273.486228  
2698.110346  
2851.468619  
3290.5164  
1389.174884  
2567.561326  
14422.36839  
1330.704368  
277.5381152  
487.3289342  
964.0650272  
1711.65683  
1432.35028  
2042.974324  
956.864958  
655.1256668  
929.2547727  
2.651721559  
290.3471984  
782.4739201  
4674.611049  
2839.38643  
2560.721984  
185.9967104  
5137.974072  
2806.676212  
1542.714175  
3424.336128  
11006.33936  
10411.45328  
4214.391547  
12347.87321  
8403.133152  
7123.207446  
12398.89702  
8479.582611  
8532.622389  
6939.668226  
6649.688847  
8078.582503  
22031.80659  
42171.66768  
35509.48258  
5602.635947  
10545.42068  
866.4511846  
11270.10852  
24557.76471  
10836.47731  
83304.06576  
13658.21076  
3976.210744  
3094.769235  
706.8196404  
14968.34547  
7764.231212  
2773.79231  
5704.938364  
775.7716338  
8820.402031  
470.2885545  
3089.576619  
8605.577727  
8506.874439  
1181.511558  
4854.262122  
1300.934396  
9203.389382  
754.648051  
1419.195177  
15479.09205  
5521.848716  
1381.426325  
4013.681242  
433.954338  
4514.767717  
3080.525992  
453.5082443  
2480.374649  
2769.386664  
3327.75384  
1881.513094  
3576.892362  
2341.876034  
1731.659497  
546.8994036  
138.0808418  
2447.895009  
7534.709381  
200.3075123  
136.2246427  
1474.635803  
1923.240795  
2863.354566  
523.1225311  
2076.376283  
1188.600004  
224.8978516  
81.53339662  
3302.41302  
1277.465046  
1286.997358  
243.7398185  
141.3093804  
2777.664395  
1157.928755  
216.0455613  
1364.094381  
2568.408761  
3396.832592  
383.9341355  
1326.648561  
2312.046651  
985.5044401  
682.1473464  
329.0155394  
2965.591583  
2853.862804  
2275.80713  
713.5148586  
987.5750433  
70.04284372  
266.9367432  
2360.332258  
1893.817055  
25.39060752  
77.69212432  
1748.018183  
966.0524892  
380.8822281  
2960.072238  
309.1145431  
1369.376722  
694.2528658  
614.4946449  
447.6471101  
13.71620872  
4940.055449  
204.1284816  
2515.81108  
134.2390733  
279.447702  
1211.580726  
3380.707206  
643.4112134  
2193.895717  
3530.246832  
324.5336071  
1761.490524  
46.24840444  
1563.603845  
2724.584582  
4279.682433  
3046.771765  
609.6353416  
1250.083591  
259.7374019  
84.41090865  
2468.947064  
949.1610506  
1352.867202  
1628.397176  
477.2766684  
12351.58835  
3233.717045  
1194.203603  
1723.900642  
1398.972241  
1010.597804  
318.3557423  
1780.191085  
7817.218341  
356.7041999  
180.0196687  
5952.21941  
1048.770027  
354.5265755  
96.56152993  
506.7465034  
5853.818072  
4800.686404  
334.3671123  
18430.12725  
1415.450964  
96.5599865  
2138.909074  
5395.320603  
2698.501982  
4766.046373  
5386.355512  
295.9013141  
3854.71791  
7974.842996  
617.7204677  
5363.522406  
280.531769  
2922.366103  
1211.619013  
703.3619251  
5101.8276  
713.0957563  
4190.373528  
3344.892059  
3770.017052  
1391.934201  
4432.429774  
3980.598515  
140.4803902  
340.1086219  
4982.476762  
4012.11107  
509.3164888  
1924.205381  
485.762784  
825.5305975  
573.4101267  
908.3091787  
1658.906105  
767.989307  
3808.254187  
1906.090456  
537.4154915  
1520.591423  
366.6415006  
736.0979426  
2263.644422  
