4.942731142  
7.103166246  
161.599452  
12.83037408  
373.7791307  
2089.568101  
206.9225483  
12.91189583  
1055.605209  
2032.899712  
942.3965904  
2886.869564  
26.00060712  
106.0118316  
609.4798882  
589.2883365  
129.763565  
3079.444324  
3131.279679  
6181.759503  
4737.225379  
2152.622011  
1219.000849  
840.6716484  
195.0321488  
83.77841231  
2029.298552  
788.0508747  
1548.759456  
5611.327701  
456.5939271  
4612.146942  
611.2061171  
7699.111341  
1909.426152  
1108.942677  
86.9558032  
511.0570698  
1235.032418  
111.9678382  
1442.471148  
2919.468597  
748.1435772  
486.392781  
87.074219  
5295.173137  
2040.47617  
1438.754767  
512.178613  
123.1612327  
241.0807949  
614.9736214  
4168.930279  
528.6216601  
1978.33524  
529.6982384  
1663.918042  
823.8510872  
27.36885483  
2570.590494  
417.5354447  
487.2895103  
4337.908303  
16.35902541  
207.0483392  
2592.685226  
7441.905009  
1216.710686  
2145.436437  
2579.178309  
2624.384127  
2257.113582  
2106.42396  
481.1432803  
2702.36777  
7091.274219  
450.0873277  
675.8075215  
5787.893954  
469.7690882  
586.5642997  
721.211369  
415.5535416  
2074.879126  
992.8270115  
2443.787565  
4837.147441  
2072.505172  
3783.883557  
2743.483446  
79.22940471  
789.7799736  
1174.803303  
1076.396841  
2437.108899  
284.8430081  
1476.833889  
661.1207356  
1119.1092  
2152.758633  
8183.824302  
2952.761102  
1519.187521  
705.3323026  
423.2037495  
1409.695453  
934.8393559  
2845.652383  
5526.312413  
1660.364718  
1899.794911  
2715.400893  
12386.94468  
3000.473283  
583.4593974  
1346.818915  
329.5041564  
276.1871408  
516.595326  
314.4732907  
1158.254221  
1653.426787  
1661.524819  
1542.577022  
1245.907836  
93.93434006  
463.0283676  
241.2220366  
213.082706  
4768.131894  
1236.869691  
3771.842269  
65.34585001  
1669.494781  
441.0696823  
2490.233828  
2086.284914  
1830.628345  
673.730964  
92.5395758  
514.5546901  
449.227968  
431.9068725  
1770.949563  
2253.688443  
726.0483016  
95.22910691  
182.0058989  
1383.490446  
429.9590781  
5773.102013  
405.2104567  
1794.936039  
590.8438959  
624.3750159  
2020.176185  
57.51081718  
66.41703294  
1083.333128  
680.4840639  
2018.889413  
492.9785418  
1113.336229  
885.9762332  
1493.042729  
990.9217754  
433.3803449  
528.4552289  
225.019207  
673.8554639  
367.493154  
1055.724868  
860.4260489  
98.43431186  
4216.293159  
246.7726818  
688.8906325  
820.7538278  
641.1754753  
184.4575053  
124.8287395  
344.2930757  
116.2140847  
247.6797404  
2834.659011  
169.157334  
1477.504413  
275.2976581  
2738.908318  
414.4158343  
2653.909945  
874.9539949  
371.5083345  
4235.655856  
116.5203956  
413.3831502  
147.2286611  
96.94093802  
59.03262862  
2577.858148  
1384.890914  
1068.011949  
273.6127422  
79.15490737  
170.479746  
42.0523033  
463.2679958  
14.47378269  
4254.650408  
723.4524498  
152.7736105  
1168.844763  
719.2786673  
407.3495212  
1120.962955  
600.1074732  
155.3578886  
1089.849892  
349.2410091  
88.93122037  
539.1700282  
313.1788184  
2054.323179  
1575.406324  
89.50108645  
412.3306163  
314.6814158  
2992.358266  
348.8597285  
149.8083254  
194.7843127  
2341.595031  
1617.191138  
1679.549413  
1319.145948  
570.197875  
185.8547888  
788.2619209  
990.214555  
405.7388766  
1483.07834  
65.07866832  
962.6598709  
659.1312678  
534.6111163  
215.6844094  
318.5811271  
286.712774  
2627.467401  
1231.825146  
1621.977599  
5104.56461  
1312.5602  
148.3315168  
41.35950692  
2496.45082  
1280.592099  
888.1674865  
2147.345225  
384.1655842  
369.4128822  
2683.735078  
37.29398554  
2433.745883  
166.7945231  
1144.712179  
121.4608292  
648.0386711  
424.7208526  
385.7751317  
222.0448448  
226.5931047  
587.8120103  
581.5857836  
1460.669848  
1443.299246  
220.0804313  
131.0323778  
52.61857184  
354.4789057  
311.1982889  
1488.23146  
125.5651667  
252.8814378  
58.78869274  
27.32699374  
695.1839393  
157.3416002  
32.51585906  
70.36820836  
426.7129594  
972.0377366  
47.20414916  
118.5425699  
219.2623634  
