21.60910766  
51.06353886  
638.5717281  
988.2703026  
966.8505526  
1203.001776  
5256.69054  
20.42478477  
714.8315985  
98.28273128  
1221.240112  
1272.796141  
996.3224877  
1851.369396  
6373.59027  
971.1260565  
345.9972244  
1165.052803  
2469.883724  
3187.35611  
7285.290792  
11101.97408  
28681.85824  
4355.807611  
10130.64614  
524.3224977  
5684.446427  
1719.817697  
7218.02383  
3801.311734  
37860.35064  
5388.965632  
1211.812998  
7301.541706  
4289.655277  
39736.96709  
3359.86655  
6513.002244  
1146.262652  
3118.104892  
15759.18801  
8118.435808  
4400.84826  
3264.003988  
2562.984144  
1804.015967  
121.5496299  
2502.284291  
2084.727255  
4830.017662  
4158.881488  
453.7659979  
2508.95597  
2366.582017  
1697.576517  
5608.431592  
4623.899779  
5280.360225  
3716.701844  
4126.26839  
4075.927155  
1615.470057  
450.196572  
2535.637789  
1435.348707  
1729.664707  
1188.695983  
3137.670899  
808.8661884  
162.8807852  
239.1605291  
849.2963845  
2106.994107  
4091.618368  
7771.109142  
2452.549372  
2045.862458  
650.8785565  
5441.69083  
1299.096596  
1427.87774  
475.6901881  
832.4925134  
1760.209848  
521.374632  
1310.58885  
408.6326466  
46.61214232  
145.8689318  
1693.68485  
4850.140088  
4119.221875  
2358.18131  
3485.163346  
1534.900891  
493.4968034  
405.6969172  
2354.518204  
923.4968003  
921.2750511  
646.6024222  
597.6430019  
869.6988474  
1236.712358  
2506.88017  
8731.332192  
273.5944087  
161.4249601  
972.3603244  
6778.29605  
9186.847727  
13486.33973  
297.2779773  
7455.137254  
1084.295042  
1839.194985  
9281.75006  
4184.690561  
15506.34686  
441.5587185  
519.3823711  
2083.526662  
1535.782896  
4138.615664  
2165.960296  
738.2869631  
616.3953555  
716.483229  
248.2669864  
47.60283555  
1519.358048  
1547.581844  
834.0307162  
584.4534788  
265.7863797  
581.6164853  
1464.517003  
882.2891081  
949.0719567  
2290.153662  
182.9417851  
1906.796103  
111.1519283  
875.3513454  
609.6853855  
340.0766449  
511.4221315  
805.6496911  
66.7868197  
580.8025327  
1231.60747  
72.34492524  
957.5911817  
669.6890457  
494.6309898  
120.3047773  
1745.891472  
155.2963626  
174.4688858  
714.8413897  
595.7605542  
96.68531263  
28.05731889  
112.1750199  
517.4923662  
554.0741358  
1292.077527  
147.6500143  
412.6446933  
784.9926208  
1218.947543  
45.76894994  
580.8476654  
430.4045348  
632.9978321  
164.0528181  
70.17176573  
166.3005666  
851.1739997  
81.99768555  
53.55491885  
735.2724644  
54.83153286  
390.0489252  
219.9055355  
161.9908665  
46.79385666  
984.9195117  
214.2975515  
358.9441021  
81.41741  
383.0563302  
324.0279989  
866.5498826  
12.82743996  
104.7566528  
413.8393687  
29.70093323  
182.2398539  
122.3283116  
243.4167645  
340.5267144  
40.53036517  
14.91672234  
384.5646166  
22.78042402  
323.6701176  
147.8845392  
127.2149953  
249.1359627  
237.6034344  
191.8755429  
681.7016986  
314.1151427  
348.0060806  
105.8160002  
97.08565027  
753.0882718  
82.27671015  
379.9067268  
507.3910797  
54.20058725  
101.0115039  
5.221600731  
54.51212459  
80.86462821  
355.3476501  
116.1426971  
25.87617269  
68.04210297  
187.6346651  
187.6338806  
224.0268167  
400.187976  
441.3938519  
315.6532349  
106.3367448  
366.5702185  
923.2986217  
176.3246765  
466.2769444  
82.88099803  
545.3652876  
265.8996363  
147.8560309  
177.7734601  
9.639509254  
42.90369427  
190.0872352  
226.1682602  
94.26001201  
581.3799424  
213.2797317  
421.8393609  
314.5477038  
582.3066143  
209.6833297  
153.8495767  
366.7463636  
51.32212964  
1241.93839  
982.8176213  
248.3091579  
1303.554457  
209.2592213  
490.5175217  
147.1202986  
132.7119628  
876.8148082  
87.59697833  
124.2433158  
154.2360961  
497.6425733  
117.162148  
663.7061593  
429.2642028  
157.5559936  
219.6087374  
21.96719783  
82.19229619  
51.94851579  
603.0362129  
167.6930346  
248.3299121  
238.1763347  
104.1053923  
42.74887115  
88.37896325  
149.6962285  
159.1430798  
150.5813181  
115.3129168  
15.69088038  
214.1287453  
6.869809445  
