332.5168474  
639.373766  
1117.37695  
1739.115975  
2030.523239  
9731.95754  
8627.437005  
4937.260368  
4326.508922  
3250.998049  
10142.09114  
18826.53093  
2695.688427  
2918.208629  
7850.21923  
13491.92787  
1540.983712  
1118.627039  
4565.645178  
15218.32056  
24037.44275  
11625.41352  
6489.185663  
296.7623882  
1334.760034  
660.6253082  
1586.601032  
11606.19626  
4950.167887  
2948.469339  
34828.81806  
13263.53392  
5809.022079  
34088.70256  
3319.492536  
7817.293935  
6250.116445  
32488.99594  
11746.9886  
2243.473453  
19751.72832  
16799.41158  
14035.78826  
6672.061441  
269.1583386  
263.137441  
1435.370923  
7390.270891  
6966.756209  
2324.940208  
4344.924015  
3722.626656  
1135.84645  
9535.806997  
1323.285506  
219.6384667  
985.0162463  
207.6040699  
10358.45127  
8827.381753  
1217.926834  
4880.117071  
4221.25167  
3244.803425  
3591.843977  
1615.329608  
1551.938004  
642.5567987  
9399.717634  
10746.76415  
1551.859847  
3659.804274  
1557.556389  
1619.724077  
1627.45424  
1680.842242  
3715.227156  
3588.248379  
6763.775502  
15846.83081  
13775.577  
1482.950746  
486.428285  
5016.502234  
4583.635573  
11651.94092  
2391.735004  
11017.74265  
9646.019714  
16878.09474  
31331.34068  
14258.723  
29213.81293  
37440.57759  
19667.17266  
19289.11977  
31392.64266  
76915.56963  
28326.83014  
14624.97524  
23052.0641  
15602.36024  
42709.99057  
92910.91649  
38415.05302  
125726.7563  
44343.19115  
59257.60601  
69987.86722  
180321.1077  
327899.5937  
307892.4817  
21352.86256  
154228.9603  
29921.98863  
67033.60085  
279501.2172  
189689.315  
574044.8212  
169746.4003  
16546.09904  
40971.48761  
58203.64756  
112513.5516  
5769.039258  
29909.47662  
110842.6096  
15078.49431  
46447.3236  
1181.476181  
47570.77074  
74964.06824  
65630.99476  
2235.361057  
83435.83013  
15379.29203  
44103.44199  
7786.071247  
16280.84827  
44650.89079  
26142.69941  
15368.01352  
425.587035  
5735.38104  
8321.01279  
35557.03358  
2785.530836  
7480.895875  
3185.697588  
2371.483555  
475.49125  
3688.710147  
26451.61641  
11371.91502  
856.8415183  
9160.445624  
6184.777792  
14462.2188  
1057.608209  
9741.017976  
7600.923696  
1076.378029  
1813.904727  
5902.480117  
3586.421666  
366.8410586  
5639.910957  
9298.634083  
9980.052505  
163.5846905  
5964.36513  
8616.094148  
4155.899153  
4686.331865  
349.4692184  
5501.392883  
5454.244759  
1701.435747  
4036.262973  
1305.222398  
3051.317333  
18327.34366  
5795.456137  
2535.716211  
962.7540507  
7050.862915  
410.9739573  
4671.061946  
2354.293454  
1818.74976  
1133.558117  
494.5598792  
3906.681049  
5494.68442  
1651.476159  
2270.238835  
7803.404945  
1486.83618  
594.1957763  
2136.637604  
901.0442987  
29.32342809  
2472.547812  
159.9040635  
1004.102925  
3544.987873  
279.2470006  
2353.498921  
1308.805597  
2122.563101  
3953.774678  
2236.166179  
5483.871059  
337.5161805  
317.6625033  
4453.646325  
826.6930615  
1230.451903  
327.5841301  
700.9361689  
3590.31144  
5479.928581  
6383.95564  
3799.399766  
467.2866071  
1359.219776  
6588.907409  
146.2687395  
1979.235593  
107.5699675  
1637.923091  
4373.160066  
1518.712927  
3831.678143  
1004.825374  
1087.891346  
1990.394925  
637.3671918  
2789.928743  
1194.141327  
6353.440332  
3773.787309  
1952.346362  
319.3951121  
862.1228489  
2808.574014  
567.276317  
2016.737001  
1074.796089  
622.729788  
1157.327484  
546.0935264  
444.1919647  
236.0967408  
153.4655048  
581.7771427  
792.0919537  
1866.432395  
351.3285679  
1036.377231  
1365.686273  
246.0679635  
1597.987857  
685.2546947  
18.96518109  
178.9764818  
1699.602934  
603.9831944  
923.1395488  
613.0316762  
368.8791884  
392.0412697  
646.4606906  
99.75749297  
452.2705116  
134.1618885  
1446.610826  
512.0474581  
769.1931499  
5124.268017  
1672.842454  
93.84751755  
502.6975358  
330.9067792  
167.2300744  
207.660045  
216.280194  
236.8078604  
1267.123461  
986.414941  
47.92787381  
1486.291694  
361.9489553  
8.186856435  
29.12311465  
