7.943371047  
53.59326908  
760.2429073  
55.86709468  
961.2426046  
1433.692178  
5830.820875  
2411.604444  
1771.457605  
5941.990653  
2744.882589  
122.0199654  
1780.56169  
5968.385669  
49.93229368  
5194.626013  
1665.237328  
7608.782336  
3245.937923  
7283.236522  
16648.99007  
2341.21127  
18266.89344  
676.4128955  
24593.97109  
21931.58082  
1086.569605  
27034.38476  
1765.761329  
16106.4313  
37126.71788  
52762.49254  
19958.84736  
47236.50891  
18686.27632  
65769.67499  
1022.612691  
19073.73008  
20268.87599  
12190.96691  
65536.11731  
15902.96288  
13637.06139  
2393.836865  
7516.65663  
4040.958518  
817.3086164  
10349.35313  
11498.66179  
1388.15062  
1234.680104  
5330.887622  
2048.785366  
3870.600468  
9932.904487  
814.6876629  
2926.170838  
2317.443327  
7595.830242  
199.7265951  
1708.205109  
1930.317371  
4164.714833  
2645.171397  
1251.935726  
144.1140338  
2459.708419  
42.78345246  
603.1244248  
1124.386647  
483.5991287  
2057.813938  
3437.27991  
2506.627407  
1176.125167  
4196.557215  
1012.687701  
5066.019394  
4316.455963  
1215.093015  
1238.165564  
357.0673447  
12.04107186  
1529.260824  
747.8877956  
1522.10754  
1114.097062  
404.8264542  
1732.236854  
5759.886952  
2048.427871  
906.5282795  
1674.835254  
322.3164745  
1159.825696  
25.11782717  
309.7666281  
2551.195504  
228.7430748  
2192.820738  
2269.297024  
3269.555442  
811.8734739  
3275.94279  
1768.546203  
3213.787833  
452.6161471  
1112.89604  
844.2124197  
3430.466763  
3129.970781  
10215.90549  
4289.584353  
6928.049158  
847.8752702  
1130.503075  
7762.827509  
4719.159586  
12748.93074  
2514.857024  
2476.093366  
629.2916982  
6100.408368  
824.8109606  
373.1044439  
2002.864175  
2187.182193  
1351.520515  
93.91229948  
740.5027725  
731.7517741  
1494.281002  
1555.997716  
402.7668823  
1570.451864  
517.1519965  
1222.198916  
1790.013746  
160.2228735  
3216.185951  
314.8057872  
670.6672303  
687.0832568  
990.9935174  
443.0572809  
484.5017059  
101.4442355  
359.6042017  
390.6579717  
1017.656832  
449.7372007  
552.1388027  
646.4813046  
85.1598553  
906.1598454  
40.59733939  
1076.87934  
297.0849819  
258.4161919  
683.5285305  
6.560295716  
256.1331592  
473.7006441  
211.7571062  
204.4516627  
396.8892285  
310.6702374  
944.9461149  
680.287689  
307.0114123  
504.1076671  
750.7188382  
293.6541096  
69.3797232  
104.8588253  
285.7506076  
75.99441502  
115.4674608  
452.1519867  
530.8704145  
835.1155107  
366.3679668  
56.49256646  
135.9401465  
4.987456394  
1229.548237  
234.6339515  
140.2449258  
159.5305442  
220.4071314  
384.8645178  
149.588754  
322.02903  
356.330224  
120.3031642  
61.2688549  
169.6796489  
200.4870774  
114.5880677  
407.6660915  
466.2731202  
103.8238019  
53.50597434  
49.21535847  
19.75637764  
70.95154591  
447.4439806  
98.14941381  
582.9561385  
130.2220462  
825.8597993  
851.8954524  
245.8120431  
289.8412572  
165.1152742  
2.485072457  
400.7992703  
126.3285416  
123.3393306  
275.6067029  
543.9205335  
25.32331239  
29.50049052  
6.953382145  
179.8021852  
24.60654269  
209.7785291  
903.2082385  
32.76371826  
178.8552163  
199.5517952  
136.8871271  
1592.351816  
473.4100703  
690.5213883  
737.3370238  
12.37016547  
390.9560872  
327.1537216  
2.584127679  
536.9663968  
176.7113632  
279.5363072  
117.1394845  
154.0571365  
23.89096958  
416.1410776  
131.782353  
874.3709979  
152.5317884  
891.7162996  
2305.928582  
429.0220251  
11.35297424  
510.2560206  
774.6417162  
380.6114442  
249.3639144  
631.5206487  
45.21186162  
151.4691857  
1797.328404  
249.1015112  
565.3041389  
154.7583362  
915.6862826  
576.8656721  
172.3842621  
106.1857715  
197.3006292  
182.3457562  
292.7277018  
480.9121757  
80.25510027  
2108.644187  
550.026801  
19.08513191  
133.5739593  
287.5782188  
84.55680144  
0.9502456048  
349.901732  
34.26036759  
149.4236762  
46.02650545  
18.92055337  
419.7345225  
381.9495804  
376.7889558  
282.5711115  
91.12230617  
364.2945756  
37.17512885  
10.72051961  
0.6293877654  
