478.7479892  
43.05953418  
443.8911194  
2029.129916  
749.0407637  
11236.52295  
2696.96915  
5127.59366  
6920.099408  
32508.82801  
823.5133321  
17718.18451  
778.7838152  
3738.023893  
16846.01041  
13663.617  
2635.069079  
591.2979186  
2014.351917  
1426.311853  
10242.75045  
1489.133756  
2232.73603  
9061.632742  
7752.719829  
138.2091861  
2322.080348  
7890.097268  
3432.516625  
8756.799158  
5579.716645  
5186.21087  
4807.159973  
695.3227538  
1614.625834  
7774.361079  
2173.853187  
245.0609862  
4581.663962  
935.5212167  
6684.489714  
3286.196339  
2379.450936  
975.6572821  
1471.839283  
7754.931632  
7809.184256  
1080.74605  
5392.937484  
581.7813109  
5040.597623  
6611.858111  
853.7473446  
207.488967  
3389.961925  
4495.780548  
2792.177041  
1884.483459  
307.8792389  
2353.778415  
1339.368356  
1517.910207  
10389.71012  
2467.405141  
1355.510167  
2014.523515  
7527.019706  
2121.26857  
593.0702814  
4262.102133  
187.1838712  
1643.524623  
217.3489007  
208.7858769  
729.1796458  
10286.60457  
619.778553  
724.3734858  
4141.413569  
4825.789283  
2947.729149  
3017.659887  
1166.901407  
133.9766935  
1829.823066  
9880.784727  
3609.598229  
4708.565653  
3914.088175  
2988.615581  
8551.917077  
1416.391471  
4622.791932  
11767.76061  
5227.199529  
2831.581323  
2907.339677  
19881.57225  
8378.914041  
6856.844342  
11103.95644  
9799.726687  
8952.861769  
15856.05407  
3397.177334  
28902.90226  
10582.91734  
9526.748664  
11887.27292  
26987.66265  
58487.68754  
57472.63865  
8450.480766  
23658.0284  
7605.804762  
12175.29366  
60027.85204  
26034.06366  
171787.717  
23448.07859  
9533.130653  
4689.741325  
18784.36465  
27798.40213  
1562.352201  
12026.01299  
26321.20505  
10182.43235  
3603.74624  
6440.104621  
7721.421667  
6805.49379  
9305.812422  
183.6745188  
13628.69475  
2781.330377  
9789.118174  
12086.68941  
1221.482711  
14493.67988  
3054.359024  
167.5447757  
192.3314446  
195.3140535  
4814.444024  
11026.96087  
1883.985788  
4007.326965  
393.7857326  
2614.052214  
1030.237593  
7979.54027  
9655.441939  
1695.324931  
1537.542111  
1142.251745  
1403.791514  
4943.505625  
2905.077464  
2425.346928  
3400.099448  
488.0920064  
99.83320818  
1414.841437  
1964.139397  
3.733397866  
3269.17777  
2104.641532  
754.9220866  
474.2180532  
1310.022118  
3622.305305  
646.6953784  
1101.943438  
636.8050288  
35.2484166  
1129.887152  
851.2975904  
2194.338291  
350.3536649  
1820.423596  
2486.89007  
1116.435539  
801.4430278  
837.422948  
4006.060922  
444.6500679  
2240.842693  
2394.562425  
248.1349911  
1622.108718  
278.6642788  
1604.264713  
762.212425  
134.7196353  
214.5857313  
293.6271479  
1507.742229  
1277.49312  
1714.901343  
116.1256983  
673.583724  
591.7556574  
1560.640854  
79.03751118  
156.1700729  
285.9946112  
40.45696042  
5273.819543  
238.4284896  
4793.675194  
3148.715583  
442.1355612  
382.2884198  
165.4105446  
232.0470484  
723.5029336  
1231.681224  
1212.562932  
224.2148543  
1093.614876  
2641.45423  
389.3557911  
678.2479149  
281.4285387  
2724.959334  
60.99707853  
1861.868219  
109.1753605  
1005.242191  
108.4217935  
455.3429613  
9614.414637  
669.5273436  
3598.846059  
2496.820497  
394.9225338  
732.1455083  
540.6526784  
1470.188954  
3273.832668  
164.8623067  
781.0543248  
3374.035626  
308.3472025  
145.5812055  
550.1228748  
479.0310177  
6558.816048  
3586.260566  
6970.724265  
13454.5773  
1797.042561  
173.7726971  
2210.433163  
9937.642683  
4287.717051  
3369.796204  
2566.789366  
561.8752649  
623.8479469  
4272.770214  
141.5162145  
4622.390817  
17.48003939  
6257.718279  
2362.164002  
5814.247856  
1615.995398  
2865.399405  
1637.37702  
3951.086985  
5869.626845  
1895.032913  
5390.966407  
2892.277954  
532.5838639  
289.5425337  
1658.094215  
2220.403163  
248.048651  
4397.27821  
1477.865792  
759.927862  
124.64156  
101.7124692  
578.8263703  
831.2095223  
1839.575541  
16.83903872  
420.153723  
1393.656364  
830.2393918  
1070.545962  
282.5765677  
