4.09544955  
91.10228727  
153.5814751  
444.864957  
3.206621757  
115.5314026  
450.0262712  
75.5023205  
292.5442545  
2640.134206  
423.9966483  
1708.08112  
3270.65639  
1808.803735  
697.0170971  
3672.807202  
3874.697619  
386.4406791  
881.1804647  
740.2190707  
1626.543783  
4131.158921  
5850.765769  
1524.427438  
5734.297116  
8009.472262  
1132.41845  
4730.921607  
6554.58567  
12760.18742  
3887.740116  
5480.641651  
9064.100682  
4855.416372  
889.9877597  
22153.35377  
1815.448873  
4294.962049  
4778.854466  
97.99276627  
2669.983639  
1578.045122  
1571.751293  
2449.316743  
3761.33447  
10587.32225  
986.8792876  
502.7583668  
3246.464449  
1642.559522  
42.00026416  
792.8429349  
945.3639105  
247.7218457  
483.3770572  
4641.545838  
4835.851368  
1969.490331  
546.7700666  
4829.760106  
4896.016412  
463.0283213  
2837.274899  
3807.547296  
1594.088389  
710.7356914  
676.6636155  
1904.425833  
842.2722003  
4587.164119  
1922.444413  
3952.894054  
879.7916538  
1265.101394  
1196.255406  
1441.641415  
951.8527507  
3434.052056  
3403.403445  
270.0626188  
116.4013591  
514.2078358  
663.5959001  
1456.881569  
2519.90028  
3449.36463  
4956.453531  
1122.689992  
2427.135695  
318.463389  
920.6712724  
836.9343428  
1267.763933  
1423.69591  
3138.90959  
936.9379341  
6152.305235  
2944.087404  
1376.316177  
939.0341402  
197.4219103  
365.1678217  
398.7150481  
88.49604256  
516.643367  
3204.200141  
2962.262784  
402.9619274  
791.1755678  
2583.619053  
8454.198122  
9383.686137  
1474.976964  
2980.324938  
672.950778  
2295.123541  
8000.77106  
839.8085373  
18099.06758  
710.8581883  
1235.162582  
443.4843541  
185.09926  
3013.508273  
419.817613  
191.0467682  
822.0032247  
737.9578788  
2511.793257  
969.463439  
677.6696719  
1243.556956  
1290.632136  
344.5393418  
767.7157332  
106.8298885  
4743.178825  
433.6992169  
243.0112034  
1022.549243  
390.2442925  
69.72975867  
452.8115059  
786.4070965  
766.8739362  
592.30247  
410.0193335  
641.4317485  
200.320958  
449.7152213  
360.5664578  
1241.213356  
2122.846383  
1683.085708  
717.7404629  
730.778893  
1662.171184  
1508.129508  
158.3571007  
44.95462984  
144.3757552  
230.767525  
616.4577289  
130.8608247  
192.1372159  
981.6672715  
779.3529504  
680.0850399  
715.5246381  
364.4114672  
1210.003057  
187.5021553  
81.1592599  
1646.191126  
676.8041841  
665.0621903  
345.2514569  
16.50061045  
139.0998071  
575.8295643  
3.163258363  
945.2229268  
195.0069857  
209.9394095  
515.6895531  
376.6064728  
724.4909391  
134.1670987  
130.5829263  
591.6967926  
47.53527454  
1.433719275  
190.7224019  
316.2746853  
297.1491794  
238.8854631  
865.7394157  
56.68386452  
734.5984605  
964.0389948  
307.8094397  
202.2522741  
234.1136724  
428.7451876  
818.5993497  
636.1717692  
3618.195685  
2934.515794  
961.5425166  
624.5618398  
323.7236628  
4.425488953  
270.6329837  
337.9776989  
1447.68538  
1482.802896  
1628.651442  
173.2800583  
1034.97303  
876.2386269  
802.2161601  
321.9523133  
927.7545727  
2402.484794  
406.3742355  
188.5388324  
166.2472784  
98.30197012  
306.6695434  
187.6873715  
96.57303865  
196.4417652  
649.3739604  
467.1695161  
1322.711778  
1087.496499  
1942.758468  
259.8561087  
119.5344222  
47.1213668  
784.8654456  
768.5642723  
467.4128533  
1247.254316  
28.43326599  
541.1478639  
29.14950177  
1719.465628  
178.6330446  
162.2411454  
841.4654183  
5671.112716  
332.4655038  
184.3291216  
215.4370831  
1361.612302  
412.3789969  
2973.471743  
508.9713414  
520.8529641  
1262.984665  
2559.154829  
332.0031123  
1894.547032  
77.93620437  
1071.650534  
702.2765476  
433.0525899  
87.03657024  
965.4656114  
90.09021485  
254.6132517  
869.1061681  
257.1244136  
1154.229899  
1420.639002  
703.6763596  
33.46091154  
1292.735476  
544.7004171  
376.54896  
1351.283017  
178.7248565  
44.91493069  
521.8661777  
285.3758796  
475.3660302  
1941.722667  
293.8173361  
160.0302627  
402.5728642  
572.8248093  
194.0236803  
1295.806129  
114.3754051  
