73.71573835  
2.358647969  
529.840893  
68.83479782  
1684.734271  
1627.319656  
1575.050073  
247.1924963  
4.564467114  
534.6872645  
2449.133386  
111.7343974  
1823.923439  
5926.664475  
439.6806481  
105.2396356  
128.6048163  
4475.249368  
8868.03974  
21761.6509  
3793.973451  
5780.44936  
14266.21728  
2118.708122  
16413.96655  
7212.459951  
1003.759105  
13604.12995  
7849.485589  
16049.95086  
31623.27958  
30230.6363  
2969.32466  
18488.26988  
5302.236368  
159567.9166  
5810.086888  
8979.667637  
8922.764886  
16522.40008  
17610.6333  
4216.193863  
508.487805  
1108.123115  
15723.85734  
9784.798987  
3325.197426  
2458.411572  
13825.11142  
2554.902093  
9665.742731  
2275.840155  
1875.037503  
3683.050834  
8428.532382  
18356.26305  
8912.984694  
6436.60698  
4903.76882  
2488.300725  
6460.178386  
3088.881825  
4202.786333  
9548.144851  
12191.41462  
16219.04907  
7349.816576  
2885.492417  
1814.050223  
6596.948365  
601.2112724  
696.7442558  
8470.302279  
4450.519766  
19874.09689  
6051.552807  
2435.373431  
3624.948346  
366.8166745  
9400.089734  
3048.366238  
482.0199381  
1061.146179  
782.664754  
832.5126496  
69.17584913  
205.2306241  
4716.964542  
2227.214172  
2368.045168  
16623.33232  
3333.599955  
2990.018022  
2170.055  
60.2001865  
100.027626  
384.1258613  
3657.969241  
1365.009572  
333.2516256  
7568.152112  
5612.617696  
7763.361648  
1039.896016  
6935.81412  
14661.79779  
8261.986364  
801.9094804  
7020.371721  
10176.45968  
7869.930991  
23338.73691  
2929.151472  
16155.28964  
9896.718422  
5917.439731  
9944.054977  
14996.38768  
36010.5292  
8190.750434  
2536.2992  
5395.577264  
9476.629073  
17889.15855  
104.4432035  
320.403235  
5815.89818  
315.8836163  
2377.208415  
248.751097  
5298.924792  
3732.900543  
1410.266947  
1267.160447  
3467.592486  
62.97332465  
3548.700278  
2155.005664  
2728.343956  
4629.081242  
1917.578413  
924.6573265  
1125.143043  
1175.407775  
2999.735949  
3118.793017  
335.2645547  
1686.972205  
125.8471308  
958.2561892  
453.9678293  
1089.595848  
600.5707282  
1141.194941  
2413.697527  
462.6393085  
507.6313397  
1770.483263  
60.79100421  
2340.656487  
9.334863501  
1.770125495  
550.0781743  
58.4132743  
754.6145789  
877.4939764  
832.2682665  
11.3733545  
1293.542727  
373.6855337  
2055.080282  
1053.496558  
885.2388368  
231.6550966  
147.7113783  
881.4009325  
662.8792509  
661.8585107  
2256.062852  
646.7645411  
115.5623335  
1053.677244  
690.5382789  
726.9231063  
614.4465467  
886.0078189  
72.13377733  
750.945471  
1325.250753  
834.2813783  
960.3153269  
191.7456832  
471.2602168  
330.6189255  
231.9536909  
873.062055  
901.5827433  
210.1837651  
537.3376822  
276.6543583  
157.6245894  
718.0905629  
364.2811114  
187.5911772  
370.5785868  
30.28153223  
1417.817241  
260.8133302  
79.51545789  
11.34843327  
1181.924752  
1253.893765  
385.061445  
380.6111965  
57.83271787  
22.75235138  
80.24605024  
197.0977324  
310.1347637  
344.9984813  
123.3005271  
160.7219538  
153.9528561  
325.064685  
20.03001584  
521.87276  
75.75521909  
496.5006627  
815.4502312  
197.5036873  
518.9650883  
198.5492478  
2009.950425  
246.4163314  
1146.686243  
83.58123109  
339.1323452  
1045.10506  
217.4918883  
293.57249  
415.5891412  
39.37612813  
215.7654788  
603.9756877  
274.2925277  
30.10165695  
301.4156234  
56.01766452  
1790.08873  
535.8584376  
815.4058638  
2202.031493  
640.9815348  
111.7580069  
73.78232046  
333.8552832  
275.3424686  
177.6414586  
873.5473706  
113.3434681  
1278.924846  
1222.82522  
45.48084217  
1005.839614  
33.94510617  
864.1300372  
44.59181649  
332.6712822  
61.38546527  
434.2019962  
1022.664763  
354.8331392  
996.1213541  
406.8589645  
358.9068801  
426.8300584  
50.76829045  
39.62036107  
150.5449563  
596.6033625  
168.8041427  
202.9137248  
345.7268924  
1.306558409  
9.276875229  
25.74483794  
481.628008  
214.3278122  
32.79372551  
26.07842798  
46.06091354  
501.7529228  
167.2157272  
202.2117372  
313.9517925  
