3.294029271  
15.20415028  
176.5493334  
54.92414465  
137.8883783  
1000.46083  
3695.673806  
388.1263085  
542.7989624  
335.9119144  
444.1230925  
4507.379805  
1401.327028  
445.9863711  
71.8734053  
1235.462649  
146.0527514  
825.0591933  
204.9695989  
5748.400806  
10027.29683  
128.7940738  
5109.212878  
744.83996  
2687.046435  
733.7114149  
2175.938485  
1928.72915  
480.2679346  
1904.777441  
10971.46117  
8185.301655  
4148.59233  
23377.20496  
612.6513716  
6676.505131  
300.4028202  
2765.287361  
1448.864177  
426.1418079  
4045.886678  
3932.705359  
266.3041405  
1110.912432  
2703.82368  
821.6899228  
2170.475268  
712.4655135  
892.4810576  
254.3998279  
614.4990364  
382.5132252  
958.3999364  
12.58177371  
38.20641216  
328.8250276  
1935.09648  
1923.632824  
847.6280306  
77.64635824  
81.97635454  
315.6746204  
1313.738722  
377.4154411  
3876.243251  
6.230849483  
1869.999933  
237.4939704  
56.72302382  
2956.97153  
361.6600075  
78.04673502  
232.0639015  
837.6237042  
574.617379  
560.6856376  
650.9146275  
559.755285  
1485.179266  
94.80118936  
757.399472  
160.1046737  
322.4904858  
390.0444475  
619.5405366  
203.9819192  
188.921331  
667.8232108  
499.6662  
1089.024566  
447.7291657  
466.5888635  
1002.403336  
900.6808141  
615.2484532  
58.23363628  
368.1666182  
1241.033994  
469.082938  
251.595424  
104.2763284  
490.95537  
1387.552106  
628.6816556  
32.23280304  
721.3704045  
1042.26123  
377.4506357  
617.8463467  
2387.093378  
2065.590195  
4676.500264  
1663.220105  
3050.671693  
2635.229696  
668.8767789  
1242.509522  
864.2064029  
6297.626185  
392.9909259  
958.0944714  
2572.862909  
1354.509436  
2056.976955  
54.45684446  
267.1736533  
237.758687  
362.1658729  
425.7508137  
796.5664816  
384.5707667  
870.6978877  
536.5404931  
730.8779815  
1105.881223  
21.15440837  
78.92350295  
965.9939951  
321.5937669  
1367.572037  
174.4832019  
42.36718175  
1354.127459  
74.06201576  
268.7137091  
256.1462053  
1150.376181  
635.1672466  
665.9953358  
411.1384632  
282.6638483  
225.6080566  
733.9102776  
500.24738  
758.0166035  
196.5035805  
282.6479216  
326.8245022  
39.31313371  
334.4293086  
76.07785362  
108.0030455  
213.498355  
274.6052331  
1883.137567  
1510.909879  
344.8110759  
547.748415  
751.0903707  
240.9478987  
241.934087  
197.3767239  
19.75428535  
90.46003485  
106.2792294  
334.7479046  
926.7679844  
1346.155402  
116.7687124  
682.9569445  
164.1972711  
528.0805701  
520.7532515  
965.658831  
469.6718037  
1570.351108  
329.8818412  
172.0178575  
163.3260312  
60.14774919  
787.4848828  
163.7073292  
141.5367568  
95.06896445  
1219.294057  
401.9768347  
1305.929097  
199.5268013  
144.5768938  
866.1069423  
1104.179317  
369.0167052  
261.6033598  
416.0042284  
211.8900621  
296.8876549  
438.2453503  
898.7903128  
2041.725576  
101.4961768  
588.0535772  
137.6628834  
1183.603796  
195.6577767  
27.57141382  
16.32274926  
124.1257845  
310.7377457  
157.4430829  
102.5560381  
324.7733631  
79.88346282  
168.0525157  
225.0413742  
742.4535089  
119.9702311  
290.8333608  
1270.14926  
251.9586753  
664.9129696  
936.1320305  
107.495063  
97.55211593  
1222.117804  
220.5180821  
492.5203108  
12.78956186  
91.82827141  
1178.850627  
370.5595329  
1113.04045  
1274.945204  
101.3660724  
243.772441  
88.43735192  
585.7061915  
915.1424111  
100.2467269  
430.4314067  
581.9171307  
160.7525587  
1935.372776  
32.23977255  
11.01865747  
824.7759847  
3848.966968  
60.21133856  
676.7820294  
248.9862794  
57.24402036  
1451.148899  
881.9195038  
39.66594439  
710.7424016  
180.3024818  
249.9397598  
355.4305194  
316.838255  
552.9832804  
195.4930258  
187.9769656  
652.5565289  
236.8407938  
93.817652  
144.1966143  
509.9835416  
284.163662  
137.3476854  
188.9571676  
534.5966407  
222.7946415  
375.8599657  
121.869669  
23.36734666  
229.6497675  
200.6526337  
56.94904228  
519.5545659  
302.5266806  
303.1949198  
18.52030519  
76.4105443  
226.0203691  
35.06867539  
631.0528309  
