7.015321383  
11.79417444  
330.6049626  
318.3666458  
1207.759779  
475.5232539  
725.2501134  
1602.283536  
383.7035534  
1641.202463  
8212.809907  
145.6408093  
2056.28611  
1149.566113  
2177.908192  
3985.6777  
711.0184039  
1817.086179  
4930.901687  
13121.32688  
6177.906978  
2602.0042  
14503.44843  
1251.936559  
45891.03049  
1548.29627  
1454.046682  
10184.79114  
4628.99999  
11714.69121  
34789.87233  
17551.63404  
10196.1863  
42497.35293  
12563.79435  
82310.07509  
5357.674912  
19045.5319  
10617.02647  
16024.17694  
13269.92823  
11360.92855  
586.1216599  
774.6156326  
8910.654647  
16558.13959  
17821.1031  
11115.26348  
5455.184595  
6279.690207  
13106.81036  
17241.39805  
6604.058095  
1659.578697  
11999.82147  
8275.006308  
22496.61852  
10131.34179  
5216.748703  
13841.83876  
4265.722128  
13001.03521  
2258.992646  
11872.5618  
9505.380838  
29860.42458  
9009.151663  
9477.49989  
615.0559062  
14941.50378  
1230.271656  
2946.417515  
3964.637099  
7291.421767  
19091.92219  
538.5282968  
842.5712338  
195.3570712  
150.7423909  
3602.500661  
5215.794569  
67.51989432  
3097.38924  
1413.925544  
3740.801326  
262.8543105  
853.6179553  
4027.619402  
1225.206468  
580.9349367  
7978.749904  
1940.945005  
3829.617264  
2534.303216  
2488.264362  
628.2128179  
2926.303256  
1225.707213  
368.14778  
1427.519003  
4983.666584  
2264.907432  
6681.127116  
1761.949172  
1101.661486  
4316.948327  
1323.991464  
3168.759684  
2362.857776  
4654.091402  
2410.552314  
1360.536047  
11.92718829  
5051.139357  
6317.859735  
1873.699251  
1730.560922  
9775.052436  
2268.814921  
6000.310514  
1260.819974  
5707.955985  
7751.557  
5126.565245  
1301.672434  
185.6851287  
2737.299446  
821.9330946  
312.2192584  
339.2214675  
3350.355152  
481.9998435  
1781.844135  
2388.874717  
1245.234962  
1089.989542  
1287.609388  
3614.100483  
2657.741981  
704.1598825  
2415.640997  
3312.899318  
852.5498461  
1250.437316  
3543.099681  
159.3009013  
181.360891  
26.91605601  
219.9919791  
760.61566  
648.3552528  
187.3267378  
808.1306977  
1131.251292  
2849.956882  
169.9040182  
1943.128306  
215.6415919  
461.0690651  
1204.93435  
748.3811119  
188.6941519  
680.03942  
702.6685381  
1667.335027  
1026.300203  
803.2738864  
285.5115087  
1667.609513  
880.9403542  
1114.20389  
282.342173  
2220.511543  
490.9674638  
34.97159686  
984.6552831  
270.0111145  
1294.661144  
1995.59354  
874.5431958  
1634.803247  
586.744393  
99.42521255  
328.3774456  
365.6932321  
600.8620801  
752.8000643  
1003.484702  
1862.241948  
910.42963  
573.3409032  
2308.630993  
56.30130859  
664.6562745  
88.85000624  
528.3314277  
217.434857  
226.7911096  
359.4439004  
0.2777796644  
495.9434837  
1369.878511  
1037.733508  
867.6125567  
517.7447966  
73.32434407  
657.075656  
56.57767166  
496.9574392  
80.52279527  
707.9570575  
406.1696419  
1118.148158  
379.9380354  
576.6425967  
139.0011874  
216.7197762  
504.0593951  
1329.791834  
75.80465195  
1828.002439  
969.4881652  
52.39344225  
494.9341481  
251.6895272  
198.5772722  
1342.873484  
833.374421  
118.4273599  
14.035442  
305.6790882  
16.90428298  
2249.00902  
433.4427412  
522.6796249  
1593.486438  
813.9667778  
247.9612582  
101.0323338  
64.64719487  
33.97588409  
68.80934505  
194.5958017  
869.4210614  
377.1685804  
229.0900006  
128.9596898  
63.60442696  
799.3415544  
725.3342054  
1065.608556  
1785.825828  
191.5539865  
402.0466592  
403.2185469  
2369.528199  
193.0719798  
175.1354732  
430.3668558  
662.7987395  
1153.892412  
981.1583415  
627.463445  
1086.920503  
935.8087382  
1614.852099  
124.4335543  
154.7311675  
916.2624213  
532.3145901  
115.3405075  
2477.133062  
600.2311112  
201.6514405  
2423.386665  
916.7069295  
11.72852906  
754.8314356  
467.9810551  
1188.190971  
482.5490478  
1546.605084  
264.3433247  
37.92925367  
216.7782643  
0.954247445  
1015.053831  
87.58125634  
476.3893268  
38.01215896  
18.92260827  
1186.986329  
584.3400743  
259.5058884  
1666.95334  
