77.0312767  
24.54399328  
300.975735  
572.6234299  
1041.568076  
2180.613082  
5354.059974  
270.4325888  
1279.6923  
646.8421008  
855.373357  
1864.380248  
3872.052971  
8399.06055  
520.5544554  
7091.889444  
1422.797274  
8402.598184  
7234.348803  
8975.316208  
6054.235339  
15297.81769  
15658.65368  
3611.887962  
3285.947602  
3380.6628  
418.3473474  
1659.224703  
5438.734672  
4037.591648  
37803.28381  
2424.895927  
4923.614949  
31700.51465  
3862.578219  
90141.86455  
9203.969542  
4354.992541  
627.6536645  
13693.56629  
31319.12279  
8449.370457  
7794.4114  
5296.291103  
14240.86178  
1817.538189  
2095.25272  
13817.67987  
1626.549739  
5889.182665  
17853.61953  
140.7913515  
54.57003947  
3264.016985  
3058.851007  
8571.8315  
6655.405518  
6448.682258  
518.2244842  
3955.811338  
550.4776314  
1027.384696  
1799.571771  
4078.505497  
2488.348073  
4992.957614  
1921.213575  
988.2435748  
2044.938925  
3729.294889  
212.7212799  
2445.467306  
2151.999552  
4070.431476  
4208.048835  
1958.577039  
1340.15623  
697.3643918  
4015.258692  
1221.689601  
1242.48593  
1238.398757  
84.65494815  
7.959807997  
1037.250884  
453.3177685  
600.7837859  
356.629567  
1228.712966  
1037.483314  
2310.152336  
1331.481793  
1260.139684  
2198.531895  
652.6926914  
241.576533  
28.0229711  
1123.114135  
1521.002721  
714.736366  
1167.660074  
1613.18119  
2132.023204  
1957.884286  
4588.179129  
7459.537709  
3367.455536  
663.3296029  
30.09289266  
3647.674039  
5182.235794  
8851.313836  
362.025183  
11722.2962  
1518.540083  
403.1515867  
8699.277709  
13044.69485  
12799.04554  
259.0375279  
4585.927261  
3536.250936  
2165.648223  
4045.371763  
51.84669109  
1011.738403  
3585.730283  
1412.204001  
430.3169465  
104.4691847  
869.796666  
2542.600019  
467.3582526  
591.6757003  
2043.590879  
1456.04361  
209.8260134  
2644.970851  
1870.814355  
6218.989892  
148.6504846  
256.3038614  
1479.508984  
1418.651142  
193.4546455  
1699.7546  
258.1406939  
1809.895858  
243.1711657  
962.4143625  
329.8578988  
1076.605042  
1029.705338  
443.4613025  
1165.955462  
653.7609096  
981.1540537  
1324.819652  
60.34070671  
1055.708236  
1074.023562  
335.4446078  
233.7193504  
156.7761768  
395.0139025  
91.90702877  
298.5145063  
1383.331052  
577.1000573  
5.52353301  
791.8827243  
451.4600282  
231.7639423  
33.40496506  
51.06258765  
122.5467516  
87.36592985  
160.1770749  
222.219966  
307.9894387  
577.3832455  
1963.821403  
171.1286211  
429.5005022  
282.8984142  
380.903254  
263.2044172  
782.5820265  
773.7786693  
422.0832679  
296.0929274  
513.5719473  
565.7095657  
152.0306104  
49.3335825  
102.3467346  
395.2536424  
127.9577194  
285.5088679  
235.2623043  
236.8365712  
78.40408915  
76.57543884  
561.5868423  
639.9806787  
126.5211312  
503.2412105  
538.2528032  
110.2520149  
450.7263982  
914.2777538  
149.7465716  
101.5524545  
151.6686042  
108.2722889  
110.2524635  
1.185682816  
31.38783389  
142.4478042  
111.5470627  
12.36071211  
97.27494159  
41.04794248  
108.7232941  
12.83093609  
148.2206787  
45.4901461  
594.7813011  
50.5523528  
641.3630995  
178.8705755  
434.0025036  
405.8767645  
175.1918565  
90.31629192  
91.6190658  
200.4563226  
485.0144275  
367.556568  
66.49823561  
151.3239194  
130.9335568  
261.6356279  
139.0598526  
58.85925545  
207.8022796  
298.550925  
200.5302658  
400.5010876  
135.8512569  
243.4627641  
392.9906741  
21.86816279  
52.22101396  
150.9475599  
261.5892251  
69.5392644  
152.1771085  
15.41101113  
62.73867856  
296.7543263  
82.03378826  
93.11191639  
17.20581278  
460.8556832  
221.6971985  
0.4427801232  
103.4044033  
93.26344511  
154.6178548  
360.091132  
215.3247829  
144.5453566  
84.49175713  
47.1100086  
159.6340948  
123.3488306  
213.7107398  
298.7132077  
135.0013536  
38.96401818  
94.75911891  
88.567198  
23.41995278  
161.644085  
89.7732271  
198.1700544  
61.49228458  
188.9293367  
88.33369801  
6.674128479  
187.2455901  
64.15423526  
12.98359477  
551.0773776  
