0.5228915242  
11.68131798  
344.1154688  
92.94131424  
701.1710948  
420.5820529  
1304.034274  
54.52943691  
357.3292557  
1028.590357  
2717.08907  
355.9948072  
88.55800393  
8469.454132  
1461.324608  
4585.264806  
1070.614582  
2332.951573  
4240.292418  
4270.279956  
4894.96335  
11805.42613  
4108.238973  
12509.51446  
1396.457759  
11234.93656  
7875.695771  
1909.309286  
4174.252954  
1852.143345  
47109.40394  
145.8328843  
13.38748151  
17034.88828  
3097.890129  
23800.65677  
975.1985296  
2498.038038  
2952.7758  
2202.197436  
3243.89716  
4070.295164  
2725.432373  
4867.972189  
2232.443596  
6750.555824  
810.796829  
3509.586991  
1817.293817  
7490.641999  
1609.869093  
487.2177503  
4248.969373  
6274.820697  
1293.21125  
4423.986254  
1844.300236  
6037.546842  
875.4433282  
1461.913658  
1343.52718  
784.4417369  
1815.645619  
2769.709361  
306.3392484  
4676.276176  
4361.782571  
49.87654818  
6691.063512  
1760.937243  
1340.737028  
2356.804248  
1191.92181  
1435.715298  
1631.579529  
1032.863181  
4966.27292  
1715.197603  
346.4523108  
1806.632337  
327.6196724  
516.821954  
229.1360783  
24.68068921  
68.12203391  
479.519925  
248.4936  
5688.958449  
119.3080749  
608.9864242  
321.1724167  
2507.644771  
2330.668128  
231.5974095  
665.6771432  
896.9227311  
1195.112955  
2158.194581  
231.8562764  
1090.867502  
140.3970745  
301.0388704  
239.7518259  
846.63209  
2183.176938  
1154.592382  
3405.077729  
484.5308377  
3171.784443  
1325.261707  
1809.180844  
5028.045146  
2168.622891  
1491.71192  
1640.274235  
2227.704161  
2118.698262  
3359.131711  
11719.613  
5520.294438  
770.0151003  
1126.969665  
4.477276338  
2484.332778  
740.3134792  
819.4181448  
1010.171468  
195.0233371  
533.7969113  
1045.937978  
1707.50178  
877.7820798  
520.9508847  
17.8356667  
574.1870335  
539.2610988  
149.5602815  
1598.931789  
66.73230906  
1120.25786  
1035.671373  
227.2662209  
113.4625459  
1642.989767  
625.4786069  
878.6349352  
86.33788193  
493.6882963  
995.1582369  
487.6938956  
710.6740638  
265.8657355  
60.67057864  
401.5542556  
256.8090712  
787.2874552  
529.8837474  
305.3319041  
256.0908818  
690.011006  
413.2767679  
91.89289091  
109.6913792  
61.5137528  
68.2313504  
8.291686014  
1899.786001  
238.2249454  
298.4348481  
435.2417269  
43.26365128  
346.668489  
202.2330772  
14.28685486  
40.99267198  
275.5809101  
96.35622816  
37.68420071  
12.86242985  
115.9128547  
404.5039484  
916.1319571  
450.2217206  
38.2479969  
605.1582336  
112.9689037  
67.63542714  
469.2819137  
137.1228941  
468.7055129  
340.0959326  
291.4472074  
15.4793112  
105.5297215  
149.5027167  
139.7752846  
14.50898927  
100.3356182  
119.0847047  
329.5302505  
168.5067167  
88.65429445  
80.31259492  
0.3486503499  
79.0557441  
204.3241755  
221.0193006  
128.5869426  
952.3216016  
319.3886166  
591.7531846  
318.1703738  
40.81145973  
180.1531077  
28.54740412  
5.465429995  
337.6468212  
231.9169431  
0.5808309578  
161.9039217  
65.64636827  
28.83887957  
300.0300766  
11.53991458  
47.63024255  
312.9807138  
169.0470022  
379.2045685  
70.13242066  
172.5326346  
304.1943786  
295.3694592  
1320.461245  
621.3182194  
169.8484352  
40.26862918  
151.9174606  
342.9399347  
383.2571857  
323.6310259  
588.6232469  
219.6481184  
35.30875631  
68.48403497  
54.70889698  
169.643506  
42.93931713  
160.2340348  
1146.705354  
9.053481461  
157.4563648  
1538.832189  
82.59515389  
113.7507457  
696.0618468  
545.9099653  
28.77722358  
323.4826207  
400.5801637  
70.64606409  
81.80673944  
289.9221873  
81.80894197  
339.7163775  
161.7348659  
81.37673363  
81.00289189  
333.2624379  
105.2687845  
229.1934774  
322.9954081  
249.5286695  
1098.619033  
162.111952  
581.6878603  
288.8148281  
115.4602149  
359.796584  
202.9488667  
661.6768033  
44.32039642  
311.0049799  
165.5361814  
54.56257775  
234.1041574  
33.39315592  
313.6033191  
106.036084  
214.0808815  
469.1299423  
237.5980184  
316.03623  
21.48097415  
27.83220943  
203.8424034  
