98.43412559  
138.9284224  
85.06362416  
737.5018198  
2238.517022  
1317.091954  
32.03535494  
336.7828864  
1448.051335  
1818.742516  
227.3672589  
11833.55664  
4879.260396  
2365.999574  
2296.249522  
284.822373  
235.322427  
7574.410535  
948.7154339  
1640.790246  
1274.960049  
930.2416596  
1785.280826  
1240.38458  
1068.993547  
6924.262569  
1231.804158  
2034.123155  
1254.609635  
3491.397837  
1440.637836  
2363.126821  
1971.299597  
3249.632783  
1283.314544  
1345.353722  
1718.260739  
1630.994513  
331.0856382  
1025.868665  
8442.556287  
725.7640249  
1131.663875  
688.7193029  
8438.823116  
1107.421206  
2416.816685  
1570.892478  
42.08396795  
1094.582536  
418.5047064  
3676.066907  
1020.054297  
36.13522772  
152.7539846  
2874.351714  
10534.31486  
2917.546567  
316.8810685  
3568.943611  
1321.796977  
568.3750868  
2375.727185  
1038.33187  
244.7177746  
437.0577038  
487.0084876  
176.5271987  
109.7938034  
3282.508863  
3141.200445  
4514.675323  
1996.25886  
4405.069066  
4934.860227  
4422.470613  
4476.805034  
293.6238319  
705.5094847  
1114.744869  
5081.127518  
4820.246588  
2649.614597  
319.2648027  
529.7839549  
3672.025585  
463.7242827  
7609.670078  
4681.88634  
2975.505512  
9831.418252  
7742.235429  
22337.18231  
13559.94663  
9147.259801  
12685.76556  
17713.02692  
27935.28106  
16473.10291  
8305.341671  
4033.550421  
11606.25659  
19758.97312  
46860.6571  
16126.61655  
55555.14138  
33841.85534  
27590.66948  
33233.75607  
108060.4066  
164670.0357  
147396.591  
11030.84504  
60525.98152  
15791.571  
36080.25172  
133814.9195  
106240.6784  
352812.5466  
57060.25187  
6481.084085  
15270.34971  
35294.92889  
64111.44695  
7116.653792  
10927.12319  
48665.67351  
9925.929721  
26824.11721  
1636.617767  
25977.87513  
43451.96261  
29808.77681  
8760.638857  
48646.40247  
5235.398359  
25252.62272  
1144.077623  
6834.126694  
33886.91044  
6714.767853  
5095.003276  
3074.720176  
1891.402124  
15531.44999  
9375.258488  
1559.073157  
6780.637651  
1649.722349  
1913.626845  
2937.589048  
7621.715794  
11851.74672  
3532.897758  
2097.32751  
4119.970191  
3900.078492  
11047.97319  
305.1262766  
8065.712932  
3028.536455  
3272.887681  
1931.507468  
3842.247942  
7313.443076  
1360.31821  
118.365134  
3938.536562  
10729.67141  
760.4141099  
5329.578984  
1171.649276  
1052.65734  
3395.950083  
338.2189863  
1627.543605  
3008.014397  
2177.095574  
3601.42533  
1005.079573  
989.0755664  
6050.423616  
2141.638353  
1668.307889  
256.9625164  
4288.290686  
4432.205817  
3391.963261  
5357.190784  
6236.753444  
1238.098585  
156.9016951  
5437.250523  
1646.954291  
164.6482204  
737.688343  
5425.444817  
957.2071301  
405.8366789  
1961.592791  
498.1120355  
1124.691766  
1396.321616  
378.1960144  
1084.897569  
1693.472984  
4832.998472  
844.2501072  
1893.638052  
1398.120234  
276.421978  
2966.805471  
2744.772259  
189.1798675  
1945.256284  
10156.01855  
546.9535729  
1789.2181  
287.0758554  
3679.838757  
2851.793632  
2849.94765  
6301.216362  
3395.933168  
432.7016872  
1923.566719  
258.8363675  
1077.159233  
717.0076406  
736.647885  
1542.366766  
1092.429577  
7526.82491  
2070.501099  
537.6707834  
6325.491009  
2840.560903  
188.3558361  
83.28784036  
3584.161679  
827.133166  
2744.033495  
45.68178354  
889.3635986  
1061.816899  
632.8128071  
676.4131275  
873.2312133  
1976.677784  
1271.34438  
5243.887135  
3771.928402  
1569.811229  
333.5029629  
1786.324056  
2722.886494  
1982.423946  
413.8807525  
3194.865236  
278.5130911  
1551.249988  
2178.582152  
184.5266059  
324.0487133  
1028.318336  
314.5694556  
374.0439985  
2813.725664  
3809.838216  
412.3536751  
1428.648014  
1082.661581  
1907.383249  
458.5927102  
958.5866781  
678.2793238  
2126.053309  
261.0719507  
3586.690246  
1829.634936  
2302.746425  
883.4381031  
24.03326345  
285.9513904  
525.9403536  
1502.092974  
144.1124821  
13.82922007  
518.7626811  
2209.191083  
1381.084554  
2906.598815  
260.0029705  
604.4331411  
144.7445663  
