12.00986367  
67.15181352  
424.9957469  
341.2594131  
20.53360795  
544.0876408  
1284.159763  
165.3786212  
2406.177177  
1254.581497  
32.16611287  
2694.179577  
4123.428356  
293.8344383  
309.7769692  
1658.144726  
1766.57506  
116.8703728  
1995.568784  
112.7732713  
1701.278059  
740.4056292  
2516.914625  
3128.126621  
3587.733452  
4521.396975  
6220.488351  
3793.385474  
9083.215143  
3933.657625  
5925.031463  
598.2259555  
5165.936839  
15074.74796  
3759.897989  
447.5502384  
7355.66655  
9759.429365  
2923.194422  
8692.27549  
12940.84994  
13718.46086  
7894.418483  
4305.09516  
5650.027195  
2965.458537  
2495.886754  
392.0898304  
4087.259201  
430.1074117  
6726.976925  
986.186074  
6311.989576  
6414.017928  
3893.28409  
1560.292757  
947.9973037  
2757.427437  
1073.267372  
3336.703907  
1977.937058  
832.4859382  
3621.25269  
385.8738645  
271.890266  
8903.361563  
3993.260012  
312.3513821  
676.6489679  
1863.250963  
2722.46507  
241.227963  
919.4365221  
1225.672404  
2174.654465  
3488.730991  
304.3460739  
173.4325981  
3270.285834  
876.7458586  
2903.018718  
1814.610988  
890.9678347  
1249.521414  
613.6934231  
1767.176882  
656.7188902  
172.8011467  
432.4087067  
270.4565164  
2535.695479  
48.13534268  
735.838953  
242.2498144  
70.31881975  
4597.4984  
642.6701784  
3723.060077  
888.1321004  
77.3572823  
440.9063515  
1846.386191  
2776.438773  
88.60713305  
3161.115613  
2249.258534  
1870.312904  
148.3419809  
795.2215347  
5480.990922  
13512.13436  
2708.279837  
520.8304612  
978.8215391  
158.9439257  
2860.650484  
6434.291408  
2206.768978  
10342.59795  
1552.169376  
2099.001566  
1686.74196  
695.9181931  
4683.118343  
443.3377717  
66.82942972  
1802.760857  
69.6318568  
1888.993131  
1304.397064  
1209.418034  
2173.533523  
297.3138634  
1294.408455  
1135.075602  
160.8105024  
609.6773197  
568.0064754  
786.0416338  
2917.366982  
427.9609258  
99.05812626  
96.27712079  
148.9796507  
213.6482305  
159.9820551  
1265.30095  
1663.443183  
501.5814094  
1380.078656  
795.184496  
573.69337  
666.5210259  
377.1690316  
16.60935447  
250.8488946  
1620.439626  
878.8054287  
407.3415971  
77.52557401  
102.2347894  
59.84238228  
198.7962461  
7.841299021  
1410.863162  
12.6223632  
9.410095797  
256.5885869  
1213.005737  
364.196584  
647.762388  
530.4474855  
216.7901881  
89.32324939  
261.4036563  
590.6172711  
49.96944834  
226.2080545  
864.7611611  
589.4708827  
319.8968099  
407.6569642  
32.17444056  
569.7036641  
102.1675674  
457.2682764  
579.6568921  
796.5582295  
196.0043639  
599.3985471  
251.9733922  
108.614391  
104.7247467  
472.8407006  
95.21015121  
37.96128069  
448.2268188  
357.3070257  
228.6030892  
801.7986062  
90.16084882  
721.4099239  
237.8035803  
38.52818752  
233.682446  
2333.611879  
780.3751838  
1006.036673  
695.2869399  
856.7737223  
1780.941975  
1988.51438  
12.14370968  
69.7060265  
80.95532093  
49.10345139  
441.8282412  
428.1515471  
401.4131092  
561.5452714  
502.8282285  
135.6150791  
190.9429594  
656.6152945  
292.0448724  
1842.401998  
1042.138149  
2798.42922  
263.9385707  
496.8719652  
1494.964273  
178.3188913  
2461.792306  
1690.170463  
1628.955149  
558.0453243  
340.6844804  
531.1029599  
222.601111  
659.7291129  
2949.305838  
70.31654073  
179.6309937  
1338.358151  
132.4644696  
307.4254151  
662.4526749  
148.2971982  
1769.416727  
61.75293865  
1428.992971  
1674.567347  
702.951038  
154.464958  
547.6427242  
1573.905967  
196.4794077  
468.7069437  
904.1276519  
267.9401994  
290.61874  
1369.404042  
38.65482671  
1184.97537  
253.3517874  
1006.971775  
713.9985384  
1127.641366  
184.1952379  
727.0038586  
706.1967165  
1651.045254  
1345.448292  
372.2452348  
2788.09711  
1816.234892  
196.6015422  
1479.986565  
234.0447975  
596.2345233  
202.0279096  
1468.961909  
1049.219227  
967.9404439  
108.8748998  
711.1785779  
1064.099022  
963.7685729  
2042.1153  
3.527603991  
717.5188087  
140.9004314  
1159.600504  
390.6198386  
319.6378232  
