0.2602016378  
96.68196664  
391.8810667  
4.422262878  
442.5272507  
1284.875459  
2135.65018  
840.9099537  
1166.609291  
5170.555353  
211.7152923  
1486.859739  
261.7263444  
1041.726134  
503.3629901  
343.7324039  
1546.324675  
763.9165699  
19.3407346  
87.45316663  
1726.292031  
2167.062609  
359.1432125  
201.3041127  
189.5076152  
3426.580171  
105.1350477  
1825.744038  
304.6377114  
1526.695943  
2276.970946  
548.9256441  
946.7407122  
1805.496475  
3959.475002  
4938.253868  
73.64827351  
926.6841803  
1319.313215  
1281.145525  
951.4424723  
585.5971464  
6347.93648  
1001.280688  
1185.014928  
4670.188338  
973.6427349  
581.8891625  
2009.010136  
1098.655762  
775.0842978  
2039.215563  
3492.264172  
2950.035807  
3567.542919  
910.4587634  
2308.07211  
3152.501937  
2358.15915  
791.3772219  
155.3009725  
99.69953104  
3991.127624  
232.9751974  
445.7614911  
4438.718778  
3253.781335  
4020.946293  
758.3227564  
3130.146247  
613.7801072  
74.30436343  
260.0670619  
1382.067011  
144.322989  
4758.659776  
2634.807401  
3919.849981  
383.5403916  
2674.303476  
3518.790012  
1733.264942  
445.5772674  
1328.45056  
2048.602108  
864.6864442  
2947.842897  
1563.931167  
5039.352768  
806.5967085  
19.13661712  
565.4354757  
4296.127749  
3742.654522  
983.1657547  
768.2360444  
564.5138755  
1149.991476  
969.6678791  
1755.20349  
2740.639814  
3968.430408  
1119.453781  
376.7984367  
884.1637978  
436.9931545  
433.8910689  
7877.332691  
5349.205256  
1045.412378  
2119.456517  
4617.176282  
5702.171737  
4723.730554  
838.5812375  
3991.74162  
1541.102941  
75.83816456  
5275.987443  
3650.001448  
476.3658959  
267.2084198  
5461.269296  
1575.852243  
434.2898833  
2095.949392  
1773.102104  
140.0276724  
553.5586818  
530.4511995  
1118.161623  
2562.83149  
1089.809873  
2437.268152  
1933.772793  
791.5124994  
588.825694  
240.4155458  
361.7366518  
212.5816841  
1307.145286  
117.6619672  
65.51854403  
1222.236715  
83.86538604  
64.14261506  
759.2661902  
490.6684412  
831.7457454  
438.6182495  
899.8261031  
516.8473022  
51.74751993  
975.1241561  
93.59620283  
679.679616  
124.2477538  
175.3459875  
954.685798  
1004.652642  
751.2143314  
126.2314605  
772.37348  
525.1718575  
1965.852871  
33.89064238  
497.2086294  
63.31714862  
657.5339433  
811.5819386  
339.5746566  
6.488565259  
44.03653598  
353.433847  
107.5952081  
74.29906509  
136.3783442  
80.67626783  
211.5061124  
349.6413888  
87.23668972  
508.4337821  
76.58809302  
194.9406487  
446.2135521  
1177.39062  
259.6899585  
1629.042066  
425.1297784  
194.4303226  
32.5071762  
220.5083467  
61.01559185  
1114.761953  
135.6564657  
5.977377642  
1143.291023  
245.989937  
96.75121803  
682.7556461  
462.4648916  
493.6266252  
383.6586265  
38.7374089  
324.378869  
416.6238359  
762.3063708  
36.49856782  
170.2834935  
141.6508116  
17.97039657  
929.9375337  
385.0664741  
66.0267772  
424.3337325  
56.57732556  
654.5957768  
617.5500532  
418.2945248  
275.8934841  
982.110093  
822.5817099  
28.32837084  
371.3278485  
253.2185466  
738.7289886  
509.6685359  
678.7840365  
304.9104535  
213.2574009  
224.827395  
345.5792949  
5142.703616  
2146.745102  
1903.152041  
4993.603171  
239.8703935  
592.92834  
1015.46863  
161.2910328  
4313.736821  
375.0156857  
422.2081232  
1415.130255  
700.9077718  
160.1553203  
655.1128764  
479.9488548  
3325.484659  
2151.746043  
2336.471661  
8465.738318  
1352.393958  
215.7422859  
1396.848784  
6374.124141  
2125.367811  
1057.522389  
3680.677543  
264.4451552  
680.3683309  
7516.54308  
294.0216903  
5509.005878  
4.807248214  
2877.866866  
964.678541  
3260.849709  
1887.928258  
554.9080796  
1271.896297  
5470.953057  
2767.046829  
560.6030794  
5787.803316  
1915.108707  
9.412888736  
346.2099397  
789.7879401  
1202.793874  
378.1492634  
2694.319109  
1959.754169  
702.6559675  
179.4961716  
168.6510849  
1474.599172  
912.3779631  
1977.707115  
860.97135  
623.3391966  
2402.724955  
153.0361672  
507.0445207  
1290.128199  
