46.80710239  
4.74461169  
935.5511924  
301.3619846  
818.2205978  
361.0917889  
2779.855397  
146.9861229  
319.7026916  
156.393325  
754.5071583  
1434.953331  
286.4072684  
2512.45573  
2186.466313  
554.8459482  
38.22196898  
962.5581082  
2015.505632  
12634.31162  
3253.176999  
11529.81399  
14658.57009  
4534.544744  
51.42906503  
1999.087524  
2365.233345  
1021.651996  
9724.309979  
4262.740064  
6790.257058  
4868.417375  
3116.973508  
5528.575433  
2639.435176  
29683.53008  
3743.366789  
1378.650343  
3892.773367  
13650.08062  
14149.84436  
6575.77217  
657.429441  
651.1770873  
2512.914849  
2259.62771  
297.7083334  
3135.328018  
1351.842455  
8456.648912  
8515.211137  
645.0030451  
4218.751016  
277.9036902  
3455.277461  
1485.446239  
9198.856171  
4110.121918  
393.315387  
865.6255776  
4180.144007  
99.4719047  
1076.168022  
1509.851879  
1794.626763  
739.8502872  
2212.260632  
1223.465535  
142.7390884  
770.4772759  
540.5201587  
3454.068872  
3077.006886  
6118.462301  
8809.018726  
852.6141652  
238.8878518  
468.2252455  
3207.51584  
270.8213397  
633.3104778  
415.7489603  
117.2519272  
1563.322041  
2514.929552  
390.9617388  
1434.54349  
376.5740006  
1124.761901  
3.632454783  
1534.477385  
10196.54374  
626.7741148  
179.9926913  
692.2869797  
1469.916161  
1009.456106  
2190.418921  
1390.992552  
454.0622815  
448.4816497  
4449.549077  
1415.727409  
4522.211349  
1303.230443  
3187.078644  
3667.58214  
1158.754687  
8311.694362  
11847.65253  
3536.958606  
14515.45777  
2297.916897  
5007.760962  
1335.026405  
1868.309774  
2662.005557  
4573.524029  
16815.64656  
3242.278427  
410.0922199  
3020.751398  
3152.570206  
5767.134474  
1007.842468  
180.9516908  
3923.16203  
1183.786592  
2102.869533  
1112.756334  
363.2067842  
773.8652274  
970.3378146  
139.1330051  
1443.918819  
127.3978517  
1720.496898  
323.8746862  
419.8345376  
719.1112787  
1782.43419  
1369.668997  
86.895233  
1026.034967  
885.6105753  
1712.614385  
283.6932064  
15.09502048  
1449.534319  
232.4075708  
267.5815127  
47.55478409  
785.2723629  
600.1717952  
396.4898199  
1089.485483  
1438.914865  
68.52808242  
721.4409435  
447.8362822  
186.9596726  
222.2568597  
451.6039614  
364.8002951  
590.9298358  
297.1152704  
821.1697337  
154.8102263  
436.1665218  
27.95349753  
185.9136264  
107.8166645  
156.1247979  
355.3363463  
95.18492319  
92.7080091  
38.45953712  
43.14859907  
38.59333199  
322.0457514  
2.260686296  
290.6950666  
36.07718295  
38.51318671  
62.25834211  
131.2045315  
82.55586789  
777.1098814  
34.56942676  
345.9841986  
432.138212  
205.9772931  
376.3004332  
102.3074356  
68.46035413  
159.7050084  
642.4569488  
90.33242396  
99.33773884  
355.9991905  
45.60461283  
321.7044122  
22.30510407  
143.9696389  
231.3886691  
27.59011673  
778.0949847  
175.9019537  
206.626546  
8.024437572  
283.0039854  
199.4626131  
482.9032654  
35.91825711  
151.8895893  
43.74710994  
27.17613446  
138.6517487  
210.9735074  
183.6542246  
51.83729303  
665.1500808  
115.8266069  
171.0110422  
4.346895696  
126.2621121  
495.5497022  
36.99711816  
55.08875369  
30.74608889  
220.5910881  
133.4667881  
274.4279566  
494.8127543  
160.0381003  
780.3182297  
498.9702838  
104.6761545  
12.47872707  
268.043267  
182.0549131  
88.16199313  
33.00325242  
37.01772032  
135.8126046  
83.44402547  
26.45336954  
91.08648287  
517.5738013  
244.5455631  
94.00838311  
1479.797211  
45.2311815  
188.3385549  
214.8233223  
776.3773022  
58.53152071  
276.5813731  
1583.091701  
491.9193041  
44.37745291  
752.4383121  
73.19671884  
662.8286537  
122.2415342  
102.4171382  
97.57627994  
197.7903806  
94.8222419  
141.9289402  
76.75901434  
2.163068976  
671.4373527  
188.6751939  
312.357188  
234.8753465  
40.92021353  
297.5115393  
151.2533371  
248.0909026  
96.39316934  
293.6426289  
203.6525084  
161.6872577  
23.97568255  
165.982893  
0.7263412668  
238.0331308  
394.3423773  
153.3569455  
443.4808448  
319.3429851  
38.8421324  
23.04377821  
7.288496193  
