40.99480212  
63.57665113  
296.4453759  
159.5155053  
387.8508324  
1121.947954  
1054.930752  
466.4777397  
20.39979344  
1007.435728  
1497.549988  
5098.29215  
877.2102653  
3105.171066  
5755.016094  
3954.628728  
468.0260504  
6039.286274  
2800.824225  
1452.41139  
3233.080114  
1847.334074  
1808.941116  
2955.127585  
1243.233061  
2155.817234  
371.772495  
211.84234  
913.0272862  
2061.165445  
1464.612515  
327.1214754  
1218.19908  
1316.290293  
2073.247308  
5582.006332  
225.8262337  
492.8350093  
619.861487  
599.9527969  
9728.182978  
1957.435891  
3500.001532  
574.7566893  
531.9238979  
7949.239113  
753.8077144  
3013.180271  
4655.900467  
718.4893738  
1507.991913  
2618.252007  
4228.600925  
5594.321459  
1641.345312  
2095.635339  
8244.123248  
447.1373692  
310.7332854  
2484.220508  
36.06962408  
529.9350889  
3270.699389  
1395.757176  
1887.12667  
6305.369083  
5001.698132  
3402.205763  
2939.189697  
5549.013502  
170.0383378  
342.5724812  
362.8435068  
440.507827  
42.2122441  
4593.778762  
1085.118541  
1406.891731  
4065.755766  
2198.876923  
2299.523431  
1409.000183  
729.5531863  
1753.800855  
384.7187765  
1965.953412  
6638.386094  
3114.395003  
3221.351988  
419.4967172  
935.7598123  
1058.593422  
590.245334  
525.9648132  
354.5510116  
535.5278595  
4045.631967  
4335.961341  
2553.456195  
902.8544341  
3545.972418  
5816.400866  
2625.528978  
957.9244087  
785.7315505  
362.0684627  
2696.29979  
3412.732651  
2023.241293  
1601.751349  
2213.108717  
1010.422612  
6837.282563  
3686.043732  
278.0797292  
2416.366788  
2303.993625  
334.4065648  
2587.223745  
191.2740431  
5869.593123  
778.226706  
1043.581355  
1494.369522  
798.6815462  
768.455599  
74.81246541  
1287.327917  
1806.566447  
1723.574823  
1570.334034  
1701.14748  
435.1242954  
146.3335683  
1356.295886  
917.8960991  
398.6354386  
219.3801379  
36.15979948  
367.5590584  
427.2166759  
1903.100867  
302.2295764  
1580.575667  
826.5513483  
960.4185317  
54.71914568  
488.8721524  
3153.808091  
243.8355772  
1434.715222  
1017.584768  
217.5599496  
170.8508256  
77.65983161  
112.4157499  
186.8523123  
1907.851536  
679.4669239  
99.36037241  
523.5433287  
357.8937602  
206.8297336  
401.2982526  
6148.6681  
16.07892366  
47.29491345  
97.66691194  
1458.154305  
311.7898042  
72.85107852  
255.3132884  
783.6339471  
590.0384542  
371.6998366  
835.2105151  
233.261987  
300.5172011  
241.0307295  
448.6692256  
1019.142627  
323.1887401  
1119.246163  
450.4955898  
771.9545061  
714.9164422  
142.3734411  
451.7079895  
466.1309474  
221.9099515  
259.8148822  
239.9007061  
715.6489512  
413.8002242  
34.82436624  
256.9863386  
391.1365957  
49.35022645  
512.3886818  
86.03993796  
53.24327378  
317.0492453  
451.7727191  
247.282828  
311.3823734  
47.6505828  
503.5763577  
512.9835323  
1133.061677  
633.9707664  
448.2149608  
1682.028502  
666.2273624  
6.316974006  
384.2932171  
1125.162239  
885.6884455  
234.7176069  
657.2296003  
646.8953474  
824.8964707  
928.7422161  
411.6721447  
439.4916621  
237.0924747  
1349.801531  
128.7698128  
33.63138944  
703.3529355  
50.7730213  
850.2578206  
674.0443728  
3022.691079  
1395.7716  
315.6234383  
2223.380991  
70.76635962  
18.34785023  
209.866239  
285.6457838  
1174.741443  
446.5285378  
107.0201351  
41.29524421  
270.6203084  
18.73051789  
552.0827342  
397.8974601  
1028.911572  
1820.792072  
2072.068747  
4521.394169  
497.4800348  
97.57788369  
410.5213964  
1554.336292  
91.72258214  
308.3856329  
660.2980731  
711.6608846  
767.5756238  
744.3712495  
112.5162315  
393.484985  
2.716663088  
431.7111159  
249.720516  
1487.612768  
1803.780028  
653.6887931  
985.1798478  
993.1370861  
2221.319944  
20.48959423  
701.3549418  
116.5782741  
135.5464999  
81.87487434  
511.2555457  
237.8675537  
300.0403517  
443.1087033  
18.90836705  
13.16257295  
326.3682164  
250.3370203  
397.7251098  
158.2745654  
155.1721908  
59.53890777  
39.28303466  
510.342799  
137.277121  
673.3154198  
1191.163287  
