9.15888333  
273.7128979  
782.7080976  
249.0672323  
284.5932386  
202.9196655  
2405.649421  
2785.150245  
251.1523627  
451.1654174  
98.48637553  
537.170866  
5287.005306  
1390.532054  
537.5997702  
766.0921629  
4506.041336  
1054.346482  
5393.811648  
320.3111755  
7533.134782  
1012.802953  
5135.084545  
7059.058037  
6066.064606  
17149.9304  
6005.673252  
16631.00279  
10509.07045  
12084.92143  
59942.65696  
4852.78443  
10992.666  
60425.82861  
8893.909292  
8000.586363  
11742.97517  
16206.12128  
5384.346217  
1569.412236  
47279.24717  
22373.00347  
9833.594763  
13952.41402  
14239.1127  
13148.40796  
2547.830462  
6502.745921  
9082.281386  
8698.388053  
8776.891913  
1888.70894  
1854.942652  
2345.435017  
4351.110912  
52.61815823  
2024.453776  
7762.945006  
2296.678359  
3477.023016  
23.87548143  
3067.084749  
421.0605112  
3464.370257  
2825.488524  
746.5689993  
49.56761181  
850.1220543  
699.4463618  
2351.263635  
2856.197764  
639.3168448  
87.09745398  
572.8068044  
420.3751798  
1420.455126  
1319.221144  
1837.951287  
702.9643813  
622.161376  
1717.18579  
567.1461769  
0.3127955794  
1796.044224  
412.4329915  
1165.054686  
194.0425819  
2732.162359  
6.987217587  
3476.948877  
2618.344407  
370.0480403  
276.9669383  
930.0363715  
1214.627556  
796.0291037  
206.7540581  
793.9991569  
1375.201332  
148.0466643  
1808.986283  
1021.548253  
229.1515566  
240.370107  
2515.421062  
195.3224833  
156.5874868  
24.74230814  
95.86138334  
881.5801142  
179.0211171  
2085.687206  
1809.927877  
2413.043424  
462.3147244  
499.1482774  
875.1885992  
2297.825018  
1511.066154  
500.0922087  
1744.816224  
415.6930782  
39.32301712  
671.2984044  
596.4899703  
377.679073  
1513.308972  
50.52985325  
658.6691365  
936.668572  
21.23308086  
12.04815384  
450.522471  
16.73193769  
439.8600906  
130.7735521  
94.37438046  
231.7544579  
338.5159246  
536.6752458  
847.8547757  
50.20695619  
23.91950285  
568.021087  
150.7476625  
61.61781873  
268.6307499  
35.67051022  
35.93564207  
192.9713205  
69.9980543  
51.70191469  
197.1200265  
503.1271641  
295.810796  
185.8579716  
117.3587118  
154.8110457  
235.8093558  
527.7016519  
736.6451966  
595.6851114  
244.6640727  
40.25771108  
232.3285524  
264.8585868  
273.9580541  
597.5489375  
424.404041  
259.4060655  
685.6722611  
603.8752665  
228.6391529  
18.33135462  
216.2804736  
14.14973519  
109.6655938  
208.3092731  
424.9729857  
85.47706704  
4.18013801  
506.1643962  
459.3866624  
163.7031628  
275.0085204  
644.6474169  
249.9783841  
136.7884761  
261.4937688  
140.8370512  
302.4674178  
21.90326796  
333.7344777  
382.1594493  
117.5038603  
378.6371945  
293.6909161  
272.5823841  
295.4719168  
221.5820481  
286.6496205  
136.9584478  
380.7648978  
22.368807  
452.9364727  
498.4984628  
205.1686805  
133.9301085  
397.9698554  
29.47512325  
936.4496671  
260.9453231  
195.4761026  
4.458669158  
182.6179747  
637.0985429  
230.35252  
391.5019243  
171.0940855  
20.00168548  
919.5970384  
34.90291664  
23.43771267  
146.9819116  
60.2807734  
410.0347303  
277.6626907  
211.1198586  
335.7759556  
33.36878905  
144.4291431  
32.41362545  
871.1668722  
488.2351762  
438.0658431  
1162.334978  
57.67808173  
691.7496653  
49.87174688  
182.1199146  
154.4375396  
822.9631208  
387.2056126  
72.91253544  
576.6612071  
20.07617077  
75.98356988  
129.0801282  
956.4153378  
497.2335418  
602.2549907  
1815.305997  
304.8499315  
61.42290763  
91.91739653  
277.9800297  
117.4717895  
101.9085724  
276.6101268  
26.21305142  
137.0249732  
536.7905671  
83.01155083  
974.9220724  
8.009029523  
644.6622051  
282.0827977  
359.0109441  
449.036795  
560.8964314  
454.7114115  
139.0475912  
701.7795391  
748.3801039  
527.7250038  
23.326093  
141.0236499  
123.3696117  
554.3801769  
99.77977775  
97.61854379  
55.50830802  
141.8892653  
58.29977783  
163.5774706  
31.23438911  
46.51053506  
220.7980092  
22.82168656  
54.39054652  
20.63035078  
147.4314857  
12.91485393  
171.1927631  
627.5698103  
