415.4883674  
26.40144207  
368.4396202  
759.0738284  
1256.421746  
2794.132259  
1383.897792  
1662.185161  
4557.408637  
13347.6573  
1510.057566  
4103.362036  
940.6244378  
803.9146465  
9216.808321  
10919.50731  
1675.69456  
376.300008  
781.8917273  
6448.05343  
2136.829042  
3847.979685  
132.3815208  
172.2036631  
9061.87142  
5357.221214  
3699.410591  
800.7313492  
2074.481132  
4614.808554  
5228.364726  
10189.30484  
4852.257712  
1387.617642  
264.3832432  
17712.32949  
562.4544693  
847.302292  
2282.273829  
1147.202248  
1291.849939  
5243.895  
1160.870401  
178.3141177  
136.456521  
2164.856212  
1255.225694  
906.295495  
29.89696143  
116.5208581  
1586.468913  
3244.84034  
1909.026851  
82.19037734  
274.8856407  
741.0523337  
2570.229591  
39.93479309  
435.3157097  
3819.186325  
885.744275  
1561.338639  
1159.352819  
152.2482345  
1017.635553  
2486.456741  
1599.261784  
245.1049558  
308.15868  
1227.172118  
2271.950523  
585.7994653  
5922.50751  
295.7863013  
289.823687  
1117.713424  
556.4629911  
810.4026345  
325.7772945  
123.0674189  
626.2004054  
1906.945167  
2705.634456  
639.9524113  
1097.58719  
2061.040694  
779.4796078  
779.346454  
5009.860715  
302.7812651  
268.76282  
2264.836959  
2556.386448  
3294.370957  
121.6979373  
2171.759995  
1456.49704  
29.06291935  
1133.602726  
1129.047268  
552.4202929  
1171.999953  
2001.82988  
5092.035162  
773.8373232  
2991.531229  
3599.306543  
2091.402786  
3977.978557  
8299.850482  
14389.14045  
21557.64264  
2856.136369  
15337.83928  
1839.217044  
6122.037342  
19909.16875  
7407.118224  
42295.0812  
5066.762405  
6469.50714  
42.26166648  
4735.529762  
5685.623897  
2218.645989  
1368.781052  
1376.977569  
2994.667227  
5362.721633  
1583.716687  
1231.602205  
4490.509988  
4583.090503  
576.6789059  
5774.599671  
500.3334614  
8349.898734  
1502.37361  
1212.609792  
9348.731684  
1285.772969  
4950.396381  
1376.754705  
1367.260079  
1363.966659  
418.162301  
1219.321857  
4327.638652  
26.31217163  
30.22433815  
383.9162474  
436.4241957  
1333.429055  
318.2158596  
442.0432553  
400.8367573  
5.23253909  
127.2884841  
1453.819896  
1399.218762  
151.1469778  
1438.331413  
926.4288382  
549.628379  
3914.496129  
30.75293257  
117.8793036  
473.7170472  
1390.357987  
355.8055054  
284.0164516  
109.7437284  
753.7396657  
215.2225332  
145.2250116  
352.6946759  
382.4523064  
193.6110058  
42.54515846  
2589.000468  
343.8596692  
2576.066684  
2991.737522  
340.7472086  
140.3349765  
958.7164189  
635.0721316  
830.4083785  
175.1826286  
134.6391241  
17.29969235  
156.436628  
991.1979553  
909.4563736  
477.9232645  
54.55009132  
1013.025908  
174.2362846  
176.3341238  
1663.444731  
404.169308  
310.70444  
460.4927683  
71.82674585  
382.2337581  
177.3724493  
1417.591775  
4381.888975  
1962.021934  
65.45256037  
750.3222136  
876.1760234  
525.5210041  
294.2751681  
386.0097866  
1216.419595  
1783.645331  
442.155319  
1802.011294  
1930.969082  
396.6690384  
1085.081712  
227.0730766  
455.1658895  
644.1842806  
2013.847227  
706.369456  
2597.951278  
162.1342276  
1489.519806  
2663.837436  
575.3095288  
1281.040923  
2767.467932  
946.0433724  
3629.619274  
1740.640789  
291.1237861  
2003.750088  
728.6152693  
3034.227693  
2334.148396  
288.6485543  
131.6810705  
265.9913225  
120.610918  
1087.965224  
993.9711381  
1856.876089  
2559.551166  
1486.645778  
5782.653215  
1341.714616  
375.5854007  
1371.627638  
2846.230935  
881.7022959  
1980.228473  
1973.965339  
831.9415088  
954.5092032  
7813.162555  
7.778874646  
4833.195912  
57.78640429  
2000.128954  
376.3825351  
2803.262911  
3032.694438  
728.7065693  
1466.433979  
1258.623985  
3007.27807  
180.5573486  
3832.145337  
200.358455  
77.91289375  
205.8083824  
201.7233132  
427.6625843  
356.4801734  
2266.936958  
223.7969397  
406.9935604  
30.63238275  
390.8564762  
50.31026087  
1166.451704  
666.6627574  
496.6891577  
631.8654155  
2898.148372  
160.9216167  
464.7970758  
491.8201684  
