13.45665112  
222.438073  
523.6175666  
117.8552576  
321.5946042  
565.141325  
1693.364061  
1438.681234  
1584.947288  
286.5408868  
5119.801897  
595.1471623  
1089.468388  
678.279707  
711.6683939  
4315.47244  
137.7034023  
609.0806077  
1085.170759  
2044.298553  
6180.214783  
7859.306344  
2402.850277  
4391.352107  
2646.91319  
501.6802217  
7927.223815  
4200.786732  
224.1667049  
314.0500409  
10488.41872  
5317.276887  
3852.481073  
5887.769511  
16250.02725  
1500.982673  
513.9479059  
5516.029085  
6535.962858  
6922.474137  
6317.165896  
2846.891876  
11801.9353  
1513.965316  
2045.191406  
25.55665377  
1866.613045  
4404.152744  
317.5988392  
3461.086298  
2544.939818  
11.84917915  
380.7713465  
4954.879266  
15.81746636  
599.9926623  
2600.608937  
1920.747883  
2344.820384  
5589.529352  
127.8161507  
452.8046083  
730.5702906  
162.7178427  
190.9630332  
5445.867775  
379.3985084  
605.2253081  
3093.478044  
3072.816991  
375.709192  
276.0859942  
589.1494696  
2116.789193  
610.0347531  
2204.488282  
766.666082  
1696.052218  
602.5060628  
742.9837324  
1386.936178  
715.9399806  
538.8041717  
853.2120686  
12.23176561  
3448.94786  
815.647877  
1890.584337  
4685.905893  
1072.103212  
2298.502708  
7057.958356  
1221.633972  
1199.922364  
1180.418332  
275.2237129  
862.3333273  
2193.53783  
1062.592406  
1927.39307  
1248.39649  
1066.493553  
1915.073134  
5502.138081  
3026.399491  
6445.370199  
337.5396412  
2143.201377  
2724.529811  
4392.5877  
7542.041053  
10392.98196  
2841.432133  
4132.966134  
868.7873725  
3038.131425  
9008.735418  
4335.819796  
27335.65402  
2767.272674  
263.5148431  
1120.791038  
6009.979532  
5323.497058  
2212.043334  
1850.276051  
3093.562762  
742.602528  
1788.7509  
685.8112187  
2485.129849  
1586.800459  
3351.055542  
143.6209741  
6002.861044  
1165.585331  
2024.298746  
646.9166297  
430.9661845  
2987.444102  
2165.831474  
2369.765278  
2856.399465  
208.0663608  
992.6593599  
846.3548218  
130.0801028  
545.0945935  
100.3061148  
205.980313  
187.5884453  
352.1560737  
397.6532975  
177.7112634  
397.1440409  
401.7558547  
715.0140047  
2513.874012  
454.5349749  
353.0260315  
503.9558109  
1748.260206  
160.6537457  
128.4825313  
824.2476993  
258.8743887  
1660.087981  
130.6642244  
2144.819618  
1029.518833  
460.0919067  
46.80555789  
130.1780604  
570.9868285  
79.08333111  
75.67617933  
397.2589927  
161.0562146  
983.4862745  
90.16762076  
481.8304635  
586.776962  
958.1527083  
342.8345758  
0.1452023694  
691.4165874  
51.06809613  
933.9910717  
567.534031  
149.5426296  
204.3499626  
100.5481837  
60.8412618  
213.011932  
409.3808554  
4.848419064  
640.6208277  
77.67828307  
114.5405061  
1.144911089  
107.4102282  
122.1035348  
27.55906708  
34.23075837  
236.7170345  
82.08978268  
290.3420669  
381.0796545  
979.8511782  
478.7307264  
374.5506356  
22.80367518  
2865.504608  
298.6005497  
225.9917602  
119.2035548  
347.338672  
76.92368768  
160.9978865  
522.5905368  
260.0279372  
465.7813828  
46.81274069  
254.3361914  
236.7098645  
172.8910108  
264.7694637  
1999.54911  
357.3204907  
73.34868613  
329.3203935  
36.87258379  
359.7182958  
32.84458579  
33.91233377  
166.4376111  
99.68004677  
211.6766844  
1.632856225  
128.5716792  
641.9989129  
922.8989642  
332.2994103  
575.1652277  
95.55314322  
278.9984319  
109.9164566  
496.098273  
811.3247094  
154.49398  
880.1485391  
2001.102197  
483.257321  
80.40593719  
180.4563775  
1611.083682  
607.466696  
134.0575966  
360.8503102  
112.8578446  
118.0228727  
1164.86953  
379.5689388  
294.5946484  
88.23928408  
1792.938892  
617.5288871  
357.798966  
75.83979815  
414.4951812  
128.6272631  
654.0311357  
421.0669356  
268.1564166  
357.1387928  
483.6925603  
73.77184381  
206.0925585  
645.4683163  
200.4343758  
40.41603763  
90.39816318  
148.9698654  
33.03048907  
670.4946039  
236.9421195  
29.11777557  
75.53913428  
114.5463967  
11.08267258  
94.20596043  
178.1437144  
93.0327178  
432.1233435  
545.5655544  
