11.06065199  
119.894548  
122.1870443  
18.41874833  
28.39242301  
404.8445497  
61.28046257  
297.2137383  
23.50806371  
914.5587081  
219.7976851  
921.1502563  
243.9800852  
119.9331675  
2064.512908  
7065.065622  
3893.683743  
942.5589724  
255.7628389  
16.81843881  
109.4543128  
1021.914496  
704.8972066  
2304.361589  
2196.256359  
3380.402922  
2413.935301  
857.7641933  
2638.107619  
1094.531211  
1198.452681  
1068.23092  
486.3036693  
206.0622395  
39.30363301  
2178.132697  
897.5951944  
47.71122606  
1104.83472  
5412.313768  
787.3377077  
282.2379208  
785.176072  
1815.483847  
1055.593622  
1587.692506  
1304.304541  
1448.364358  
2131.457768  
1459.883478  
1435.915534  
1564.974853  
2756.790216  
273.6606147  
225.5962786  
463.5442954  
1663.583322  
797.1893834  
385.147604  
4793.246811  
1153.154362  
1504.288737  
1601.750574  
822.6906712  
151.2076464  
1559.454028  
2887.031915  
2162.275357  
1376.399115  
1210.395839  
1163.007142  
359.1259617  
364.3351255  
504.0961077  
326.5464526  
4115.371372  
498.8159128  
1010.09122  
1873.278627  
2610.024134  
776.8285132  
77.33925132  
107.226497  
2525.888592  
1327.346171  
1474.801305  
377.6193704  
3015.461174  
779.3795618  
55.30702961  
76.84239845  
697.59217  
1704.33355  
5878.416544  
141.8072867  
1884.45338  
621.778253  
234.8368788  
6.233762167  
1021.475313  
4527.11602  
3132.950339  
1569.915953  
213.6587802  
2019.613814  
968.5520289  
2933.18992  
2437.737597  
741.1878026  
180.1588037  
206.6530832  
3019.144882  
5331.51539  
3911.715219  
1867.62847  
549.8400394  
45.22844527  
800.5640042  
3962.240819  
1082.611881  
2286.362397  
1775.966448  
1126.651828  
1382.723501  
321.8871963  
360.385275  
712.6049535  
986.5227346  
114.5362118  
567.9342267  
512.560152  
249.179193  
299.1574031  
870.2051909  
65.56510018  
1265.342895  
38.41078329  
664.2797734  
376.996872  
345.0281856  
1467.416787  
296.8871724  
1272.008572  
579.92934  
1338.516816  
264.089564  
190.8259502  
1332.028607  
31.54334581  
44.0188906  
165.0203548  
953.3340259  
338.535271  
986.9332403  
1680.977581  
521.9416911  
1979.170617  
739.8708118  
348.3042925  
334.3929271  
1763.585872  
556.5795298  
720.6591194  
1446.60303  
2065.576555  
453.9848243  
167.2275882  
1340.482438  
1393.45581  
75.45139219  
318.0308542  
1128.335378  
191.0935625  
371.0226244  
862.7405491  
231.2827105  
1850.659046  
519.5251832  
165.2559469  
383.0531619  
811.4347985  
485.8683804  
172.7939409  
1032.646253  
1565.53262  
577.815083  
131.7232457  
322.0860848  
196.4286687  
1146.463775  
317.8102034  
3122.366791  
1164.385235  
1146.465379  
467.447471  
5.04816067  
980.4559512  
103.4611374  
369.7123827  
783.1890009  
678.1539084  
277.4995152  
549.4861889  
692.1451839  
1194.498778  
436.7801979  
1592.198454  
741.978585  
2700.008259  
354.4695215  
387.3332963  
390.5621846  
747.1287912  
169.8527929  
973.0605844  
194.5421829  
1073.645074  
106.4363204  
366.1089524  
92.99354248  
1.218740123  
816.9946259  
248.0494944  
422.9248959  
314.3690741  
356.4277722  
935.5997597  
391.9399959  
192.1673452  
113.3406115  
511.9287381  
112.6025691  
112.926196  
3391.363997  
3907.508804  
125.2224795  
8.271751905  
249.9735957  
135.3715279  
709.0353583  
90.33859707  
457.5441138  
119.7362831  
72.4945135  
364.9636294  
368.2294192  
687.4058505  
594.1428127  
2269.746271  
1337.110519  
1405.613486  
1614.995348  
999.6654405  
14.83742444  
1167.006172  
28.91060951  
7.307509844  
1879.122985  
1303.725825  
33.30736105  
88.84336566  
2808.739748  
417.9675894  
157.1201235  
336.3690754  
770.6592315  
926.9868154  
179.1973224  
123.0647387  
240.0238763  
342.7721451  
139.9357743  
764.239905  
525.1575875  
136.4332165  
6.74715075  
1.85610365  
60.54771457  
780.4878428  
170.0085123  
1626.940938  
63.33940531  
309.0931107  
1048.385584  
1104.536717  
297.3911899  
1353.418576  
876.9856723  
287.9020556  
463.6911939  
2506.911098  
850.1240038  
6.000866761  
531.8435688  
853.6574823  
