99.28550976  
34.52451357  
37.73512169  
74.85976705  
217.7756571  
835.5668555  
1139.769326  
123.7066165  
1734.268949  
45.15872355  
8487.593506  
839.8836275  
2992.715447  
318.7436581  
750.6391317  
641.5819627  
158.3402038  
3124.418479  
165.6410415  
7702.595286  
101.4584208  
3431.469619  
2330.895151  
10623.26776  
5438.373923  
2863.586835  
4831.648199  
489.4206708  
1521.493912  
7387.170055  
4957.693999  
3736.606623  
1184.509429  
4439.906643  
892.0891838  
11943.13544  
542.4816385  
9441.911261  
2411.208145  
10868.42836  
15877.05494  
14832.73402  
625.5740191  
3340.113897  
596.3870659  
49.21257981  
5025.593232  
1175.779919  
4962.538987  
10355.78478  
788.5899915  
5643.346424  
3437.4264  
4116.387154  
2858.139349  
517.7631677  
55.8774388  
1006.83674  
6589.925392  
1704.082965  
551.145212  
224.6528758  
402.6569361  
108.2600698  
388.7810081  
3251.161051  
1512.131711  
1288.942758  
874.2433471  
501.3320215  
816.4057513  
1204.837291  
824.3920029  
3143.706007  
519.9931252  
126.5457388  
1782.575186  
5.495145771  
465.6062681  
574.6745488  
345.1424378  
38.07800255  
150.4707232  
122.2565755  
484.6774742  
723.8426832  
182.1409993  
1937.890661  
358.5238952  
645.8663  
203.1951603  
106.3252626  
3640.933291  
1610.167477  
1003.348461  
39.43434643  
1515.385265  
1741.317322  
32.31023327  
2922.740957  
1241.868637  
1706.213117  
325.750281  
927.7462547  
946.452331  
890.173442  
974.3104297  
981.1575525  
1367.787848  
812.9310886  
536.9422791  
727.95571  
2166.809437  
1449.602977  
1749.214815  
485.8096807  
1087.465426  
1531.581809  
212.8424868  
1183.618658  
184.8209533  
809.0836849  
1231.880459  
76.24657442  
41.22829105  
1275.375641  
1261.402638  
1240.446795  
290.5190188  
305.0030535  
425.8602456  
1098.624857  
1483.928769  
81.75560764  
901.8921491  
62.58067879  
81.60354334  
658.3429416  
429.1494796  
612.2790432  
22.62663258  
722.7145619  
12.68473676  
508.874788  
450.7637913  
97.29458949  
152.0088235  
81.45193842  
398.2921718  
19.33750194  
1183.071284  
2317.471317  
584.3854788  
122.6601214  
213.7359417  
110.5943758  
24.6727302  
88.92644373  
752.3787769  
48.9594668  
118.6388163  
35.12207771  
276.6490648  
12.87140656  
745.5241515  
31.6123018  
32.26595822  
39.15964718  
624.7921067  
99.81665676  
362.0550744  
383.2489295  
187.2904922  
14.88417255  
75.26961791  
95.2816275  
2.851874545  
93.54076423  
44.92328498  
420.313094  
934.1063188  
422.4584243  
162.402629  
46.58581824  
173.7589261  
1121.091849  
44.12764753  
110.0149752  
63.36908072  
45.62781322  
231.4387639  
101.8396681  
926.8537912  
371.6232611  
66.13655725  
9.858640452  
31.17127826  
203.9061844  
415.2059655  
140.3172551  
360.6284617  
334.2691068  
9.509608123  
411.5416156  
245.1711709  
257.3604332  
26.30486845  
92.59348293  
398.1056632  
83.50728226  
102.6394289  
799.7810572  
997.3837794  
113.4152566  
319.6455495  
156.7467987  
47.40790021  
139.0525224  
260.2220615  
159.4310214  
39.92286344  
223.3558478  
263.7527203  
16.742355  
34.03405825  
247.9524322  
630.6475146  
329.0637613  
308.3974041  
128.4460241  
52.33472432  
253.1753142  
464.8706077  
391.1141864  
347.3281905  
677.0178592  
272.684516  
71.5148055  
92.12743144  
0.2419778107  
1508.802125  
81.5396092  
106.9616706  
0.8138715353  
175.7174504  
138.736424  
230.6365783  
225.6355451  
252.947565  
329.0371852  
688.6755945  
2877.323823  
140.1515817  
3.487285753  
114.9177983  
612.0165012  
257.8023608  
337.5566931  
307.0992854  
58.73555359  
223.8695638  
908.8096803  
37.91115512  
587.434531  
36.89230381  
1389.027892  
532.1537816  
316.1169811  
615.5519252  
293.139745  
289.2101306  
60.60056393  
491.4360046  
193.1998754  
539.9206432  
341.7154678  
429.8434738  
63.33034806  
298.5518837  
513.7470961  
43.3334335  
283.675099  
45.5174337  
146.3594514  
127.8031181  
10.29765412  
26.56078955  
55.43148391  
33.21770841  
83.9588951  
84.14077316  
884.5588306  
64.5059604  
292.2075342  
172.8292396  
