42.4026494  
7.590686645  
719.9219016  
38.44502653  
508.0999711  
616.1097874  
1732.866253  
56.67119551  
989.2749652  
2330.286669  
1452.030194  
25.00134485  
764.2919181  
1446.993693  
2770.95168  
2372.82165  
675.0891563  
1274.116236  
7480.248797  
8451.07409  
2884.666919  
2018.036969  
5079.025488  
868.721979  
6843.364467  
1278.674178  
1511.821988  
708.9124054  
25779.9136  
3789.048123  
22547.6088  
12700.98726  
13799.10862  
17771.46234  
11184.20034  
107772.9061  
3418.591825  
4883.327078  
2845.525042  
11050.28845  
12559.52601  
4322.259241  
1243.441769  
1981.50695  
12348.31014  
1149.955374  
5232.405266  
7538.125489  
4920.86268  
1276.864172  
3428.378393  
6596.797976  
1423.459296  
2260.081529  
3538.815309  
7441.9674  
3637.100432  
2401.166549  
5078.580994  
2185.406793  
1703.683117  
1328.293541  
2524.927371  
3057.803778  
8697.498123  
6195.792466  
7960.176077  
3354.39246  
571.7879025  
6620.081857  
12.59691512  
296.2909543  
4800.744894  
6357.175444  
16965.60663  
1707.131668  
223.5362713  
2192.851756  
81.55779871  
2435.126928  
3757.737961  
4246.641918  
394.167603  
1581.877067  
174.0033753  
1349.470248  
3025.988448  
1676.965685  
568.2671635  
402.3386068  
3933.457975  
6698.903029  
2988.064601  
154.9032819  
68.15395565  
1317.155303  
363.8004368  
1347.150031  
532.0758897  
3471.834078  
1381.967356  
1578.567538  
1326.204749  
302.8656646  
1305.748652  
8473.784252  
2643.972749  
115.8553391  
4768.385918  
3423.029918  
2373.806788  
6170.716824  
605.3647413  
6018.989246  
2716.208607  
1571.531819  
1022.424115  
9056.834894  
3181.948636  
6909.969117  
323.5809409  
6898.385124  
529.7573872  
4631.777823  
146.7654888  
385.5310211  
5053.731978  
1519.176176  
1855.022012  
387.9816518  
2352.144792  
944.669648  
23.63733977  
3953.226193  
702.3047526  
198.5116925  
1435.680872  
1100.613829  
1054.673755  
589.845066  
488.1953499  
387.0528931  
83.86651044  
806.3188245  
2126.898602  
1869.112947  
207.17726  
327.7240181  
530.6964101  
1163.591335  
1756.430031  
1374.489041  
774.4141673  
724.2108496  
2305.690048  
535.9315574  
445.8490999  
130.822323  
41.56494964  
900.9509514  
486.5769797  
287.8638281  
4.339238548  
33.5106155  
612.9518989  
1541.651936  
222.7654628  
62.87659136  
1721.265143  
300.6637595  
1668.372807  
49.40272555  
391.0341772  
33.90816491  
2.688946596  
669.8464894  
73.80846361  
957.3151563  
4.935480338  
353.1723219  
554.5910913  
1256.771659  
38.16197039  
115.0324959  
72.4404327  
860.2847728  
594.2043144  
384.6588634  
250.2295195  
744.5239392  
187.6636808  
53.09415449  
400.8930538  
331.8693497  
393.2835553  
673.8988961  
214.7660694  
60.20379243  
11.58455636  
368.345481  
135.1602858  
22.22347717  
451.3123808  
191.5262413  
38.5446358  
323.2430003  
978.7347002  
130.4418525  
1208.795242  
4.943585106  
161.4420596  
264.4527564  
418.0435255  
358.876592  
257.0775173  
342.8225198  
314.8695409  
130.7864225  
683.2587905  
190.8877883  
68.16296599  
812.374033  
53.48092869  
223.4819337  
14.37145724  
32.48201278  
931.6883595  
354.3433959  
130.3264749  
56.96543122  
86.17781948  
632.2305853  
1446.331534  
169.0640646  
335.7612819  
410.4571514  
151.5070166  
633.1668319  
203.6271904  
156.332574  
654.529461  
47.96660559  
32.81325392  
590.5368178  
73.57749981  
10.27703862  
119.4545443  
271.7726886  
491.8462395  
313.6234854  
917.3683177  
1111.654406  
53.18001026  
119.1655823  
356.9141443  
1223.040955  
393.439921  
114.9588521  
414.2442397  
599.2590838  
46.83360084  
1148.821759  
346.3830941  
987.8240132  
177.2443178  
1228.762858  
48.20531877  
258.0607454  
400.2861932  
392.4112072  
259.7751371  
1487.951709  
551.0314647  
56.13263078  
746.5952867  
1276.242898  
132.2844348  
602.4419206  
315.1777619  
852.9912218  
30.53658373  
259.0554502  
123.8349441  
83.25160608  
120.9114664  
41.47661905  
258.060848  
299.1503035  
299.0828659  
117.6467822  
130.5716043  
1015.535749  
89.35581295  
139.8133898  
969.683937  
