194.021686  
142.4198535  
261.4111433  
90.72175543  
184.4458838  
154.4161347  
3843.218561  
472.7089395  
1526.222604  
5351.110268  
220.5329121  
1025.110871  
9741.572704  
663.989938  
900.856905  
12.92410929  
1636.452039  
1172.023397  
3820.390148  
1630.208828  
4751.078438  
1252.674877  
8608.80939  
1875.406226  
3465.359857  
5714.201901  
4537.727664  
14529.18077  
10555.08166  
4411.114074  
22901.91453  
6933.015824  
110.5656991  
28383.39593  
8463.001465  
1517.406779  
27797.53787  
47063.11995  
6499.190588  
14633.51411  
18155.1628  
13288.31318  
28361.56645  
4263.56062  
11056.19437  
5753.969328  
5045.175443  
6318.051642  
11300.57897  
3107.44886  
2951.086076  
1767.182488  
4743.542016  
594.4072771  
12719.80381  
1706.414026  
5134.812863  
847.6375288  
7365.686377  
612.3621133  
81.20600877  
2491.095337  
1064.926324  
157.1920269  
991.4775623  
2889.595822  
1287.159846  
696.1869775  
353.7437214  
493.757995  
2245.112235  
2693.7035  
814.8713378  
764.3673875  
1564.127033  
4874.982322  
470.9160315  
5425.720869  
458.2379699  
209.338791  
2844.17799  
3312.054951  
129.6849986  
3977.38325  
526.032121  
395.8302768  
1586.188147  
1175.091297  
627.237663  
3459.351875  
1876.502719  
132.4017599  
738.2681279  
194.963077  
25.73251036  
1572.163533  
930.303858  
468.0213931  
950.0730444  
448.2646097  
1925.260235  
3585.151194  
3528.688192  
1985.668347  
21.19405011  
2989.892903  
255.4341306  
118.4658536  
957.5894154  
9356.989515  
3123.566065  
9924.125484  
1334.69294  
7987.114335  
1530.511111  
1934.732625  
3180.814696  
11994.573  
14374.36166  
5471.908884  
2052.553873  
2294.342516  
142.9608626  
5450.793486  
1161.381066  
1076.883397  
3699.761716  
215.2346668  
1379.635115  
889.4837035  
553.041542  
3413.7864  
2445.232168  
304.5159494  
2247.408269  
322.5117038  
1109.165097  
393.2674821  
1020.760176  
2217.627104  
581.1459594  
622.2298669  
143.5397367  
256.1863949  
679.509097  
334.4668391  
11.21330457  
241.2112134  
1269.081857  
432.5586088  
506.414888  
1677.645982  
1242.989459  
2297.194334  
464.5574008  
278.1675491  
321.8919937  
418.5454905  
208.0420618  
654.5304088  
381.3967627  
108.6641756  
70.87509761  
327.462844  
319.2447699  
95.77778304  
64.02753552  
908.1453369  
319.4014279  
177.7890651  
94.05045473  
543.8950022  
178.960213  
469.7169434  
327.1226082  
99.78681046  
218.2922432  
506.127245  
565.7401439  
435.3780412  
88.54868239  
1137.3379  
174.9589851  
570.3787971  
317.7108539  
229.1096152  
190.9451671  
164.00809  
140.5592198  
534.6076756  
170.5015282  
104.8433041  
436.8509447  
130.0244491  
325.9738163  
329.7660688  
1296.524294  
350.249318  
26.04810838  
39.53028645  
24.51785084  
48.40519219  
318.8392851  
151.4334215  
134.3249104  
153.4821339  
178.9477422  
666.4773987  
490.2572913  
65.93175591  
1408.684088  
7.319347401  
211.2476106  
33.71808646  
314.6373506  
23.52125658  
83.59604035  
102.1432505  
179.5093137  
93.79502323  
255.9030635  
12.00062563  
424.7136037  
460.6472267  
81.98641787  
196.5489867  
9.021423896  
89.40988118  
73.6822224  
220.8878361  
541.4335599  
7.893832912  
373.2635952  
345.6214363  
58.80909154  
36.68810051  
62.23884191  
127.4112401  
47.87220899  
16.58643152  
354.8079655  
9.191825085  
401.4375425  
6.724249425  
22.32303133  
218.9586559  
29.71581724  
47.85615992  
269.7358271  
32.95608927  
227.798538  
162.8292417  
168.09698  
80.71228893  
170.7947234  
104.8072238  
30.7084806  
19.98147735  
233.6695158  
71.44582116  
209.4198629  
62.3066914  
162.1677219  
35.80225064  
40.89119565  
30.39529467  
58.96815457  
191.3702499  
179.6853397  
143.8262836  
78.92934221  
685.6465814  
10.78195287  
37.35885397  
69.2197423  
11.10835305  
7.396779774  
521.1768138  
157.4996428  
136.2471567  
7.53829502  
43.31243201  
2.05942598  
235.7603568  
189.3260903  
43.33854708  
107.2026453  
53.62110432  
53.76447578  
313.1628582  
103.3114959  
18.16963581  
152.3280254  
38.96850931  
4.400069965  
