100.9800408  
216.2192901  
537.7585109  
176.453268  
351.8801367  
2441.235334  
821.759896  
2764.113882  
4850.4111  
1011.543941  
4294.012098  
61.4638446  
1316.123799  
64.191194  
757.6122067  
3348.109617  
591.4873432  
126.8632775  
357.9483999  
9083.299093  
2253.690689  
6671.851969  
7547.631235  
9532.106342  
4762.07471  
575.009616  
865.6406936  
1382.262421  
2985.254534  
6202.395115  
3757.695108  
15536.71632  
3592.771445  
9296.731913  
5149.253965  
15121.24057  
327.7367315  
26687.73379  
8877.076662  
11886.71592  
2233.586845  
1417.052855  
3642.422326  
3176.489201  
182.4423447  
2009.934754  
895.1571437  
296.7410394  
4290.286533  
9485.18885  
1012.441756  
859.3716956  
395.1231527  
2000.412816  
959.361208  
3077.198507  
83.85069177  
920.0118001  
893.8902639  
2446.912813  
734.3516341  
3072.999626  
933.9772359  
476.689993  
4287.616204  
716.0403401  
1155.205572  
470.2823715  
1616.261892  
2317.031785  
926.4357189  
1582.311075  
3294.364133  
2964.496814  
552.5306345  
69.8851793  
5039.648833  
1111.48406  
64.7351238  
1450.592965  
1374.176858  
484.2688766  
81.35405643  
57.65850274  
594.1369064  
1337.044356  
1682.963863  
3042.679683  
2684.189082  
1322.46613  
3642.442544  
1767.827073  
171.9981124  
608.4166886  
133.2973849  
2152.437282  
470.0724606  
1536.304712  
3140.537447  
261.0532417  
1188.122739  
1211.479638  
2092.706414  
1584.91598  
3406.062557  
2954.030244  
4090.303046  
3646.003084  
3417.522458  
10322.30688  
11685.69945  
10282.13315  
2977.345641  
6603.42879  
1081.043405  
2828.606971  
13808.70154  
9404.852355  
22803.23025  
5669.648555  
114.2945735  
2055.825966  
1512.316219  
1749.452246  
849.7205184  
2409.658842  
2484.241923  
69.00814629  
2206.806502  
377.1501886  
2611.832197  
1418.066437  
3713.128429  
156.689906  
8171.856122  
234.0228739  
851.2791186  
363.9691648  
314.033854  
4917.053367  
2556.711445  
1570.940609  
520.6801973  
8.055167853  
1571.160653  
2223.982478  
432.6185479  
2568.568366  
281.2754752  
2581.969904  
579.3774294  
591.1570449  
232.3972936  
93.14593978  
124.6201802  
62.25907661  
924.5530465  
869.7703417  
1323.119887  
3221.10741  
2166.429273  
358.2500509  
237.8806216  
124.1477168  
1123.073562  
1004.619569  
1002.561908  
294.5654914  
915.7871537  
91.96857989  
172.0966383  
917.5203595  
518.7376115  
550.1943485  
168.3631555  
176.656168  
924.5023849  
18.61112674  
955.8225844  
493.8057285  
2309.067848  
77.07435977  
245.5233911  
561.855345  
243.5894897  
310.1409313  
682.6125827  
92.12084071  
79.57419894  
328.6621  
1252.491887  
202.3582328  
78.65083007  
70.36604688  
48.03925412  
130.3262982  
1013.238664  
194.7174257  
1139.219638  
820.4899342  
41.8030102  
225.9513842  
40.47560727  
70.51945871  
27.07473791  
237.6090246  
764.4378495  
119.4299336  
1239.394875  
425.7492275  
159.3617495  
942.8525616  
1706.542585  
237.0864618  
53.26805196  
473.8922263  
507.7901062  
154.9567075  
254.9414087  
723.6113147  
111.6488097  
165.9029049  
30.23261041  
118.2093157  
172.5085671  
621.0651591  
370.4985929  
522.0085906  
379.0413443  
66.9636093  
625.6521059  
685.1295636  
641.6986173  
569.8177797  
1873.416413  
896.4507492  
189.6701436  
261.0985072  
227.2690289  
350.6262667  
749.2158448  
859.3436265  
410.0111304  
336.2800949  
154.8467995  
12.76895205  
885.6112138  
609.0905526  
2311.585685  
1290.828864  
761.4467134  
2669.682385  
468.1430815  
280.6772538  
460.7729998  
4128.963819  
1455.111331  
309.9003905  
441.2126639  
290.6506229  
615.5374322  
4601.469604  
152.4625567  
1799.761057  
316.7342734  
607.8556795  
97.70918888  
36.7409848  
1494.480467  
1125.826194  
621.5737065  
88.19277257  
2665.141568  
269.9416309  
2659.313062  
672.5441672  
233.3872633  
53.29320991  
363.8116367  
548.3425678  
56.45340623  
972.6450885  
698.7841056  
7.56703298  
389.1129589  
351.3739107  
108.072441  
89.37689257  
313.2055925  
242.5781267  
56.98935313  
782.6443829  
71.39293252  
502.7771084  
579.7120286  
