1614.721028  
65.22263343  
485.8716112  
3554.520286  
3702.00675  
11011.78995  
6469.039024  
2791.855991  
8527.890231  
38235.66963  
422.5961994  
21210.37339  
4066.869444  
10590.97076  
13548.94863  
20110.86991  
7853.162104  
6.684820547  
8803.643256  
362.6906137  
22281.03506  
9190.575876  
2988.72538  
3249.74196  
5005.10643  
8529.781653  
16593.90042  
7632.773865  
3147.111696  
5443.411493  
10481.4725  
491.948241  
3852.434179  
1640.784296  
10298.70753  
234.6462568  
4338.744551  
1560.973015  
2140.260584  
3337.353636  
3219.675911  
4466.369961  
18498.03383  
7619.724184  
154.5102999  
4045.551028  
4844.754061  
35.38246384  
4467.319858  
536.945539  
1940.771806  
1041.384684  
747.9014405  
816.2215615  
3709.761092  
2271.119563  
105.7844296  
1568.628091  
1944.777451  
3658.086384  
2746.44493  
1130.490921  
9475.874297  
4209.729706  
2095.069436  
3237.727384  
1917.071027  
1898.90402  
523.8058246  
6367.195127  
930.4535024  
2010.923974  
487.9868465  
456.1768248  
4707.415549  
4203.410427  
3122.928744  
508.0350482  
1170.568131  
7730.822735  
4106.784395  
5368.606551  
2305.030027  
526.732764  
2891.45941  
13946.10331  
71.36980656  
3157.13236  
9451.437528  
20050.55041  
22982.83322  
5467.841934  
19949.04096  
31204.16698  
12469.47473  
24160.16948  
9242.813995  
39396.41502  
25221.43052  
15913.28948  
25549.77235  
20069.99211  
25671.42346  
52198.52733  
8307.616446  
83232.19301  
45827.3389  
36572.68178  
36856.70356  
101897.271  
175779.1191  
209685.0137  
13470.10753  
113327.2533  
12700.82428  
55006.93995  
188164.1842  
108065.1924  
390314.0871  
103541.9293  
34265.00092  
11228.26265  
47284.79583  
59779.0002  
3732.547316  
25885.68782  
49841.31504  
12725.16662  
41338.46397  
3366.406097  
18117.64595  
37969.70481  
43545.49447  
80.8301694  
59475.46391  
5949.913854  
38581.87177  
13531.4825  
9751.189034  
30335.72545  
16444.46476  
6341.894014  
1452.46869  
3290.26683  
5846.150433  
15118.12467  
4197.128377  
13860.84842  
587.3880852  
7603.502933  
336.9911906  
9768.091454  
25063.53487  
4852.934499  
129.8160201  
1655.396603  
2527.6308  
9392.439489  
1958.271972  
4662.883807  
5875.565117  
196.9860715  
3101.668903  
3412.536217  
8131.331282  
820.7303026  
1301.834709  
4892.789718  
3393.817162  
5056.114935  
1695.012342  
6707.600228  
726.5217583  
4067.80809  
1201.242555  
668.4608729  
2178.118886  
1277.886602  
5151.237411  
2144.883749  
1637.868672  
7657.054184  
4352.83385  
377.763917  
95.89386318  
8740.036821  
2952.898887  
2047.41134  
308.7910387  
1187.465673  
910.7708712  
480.4230796  
4695.127869  
1331.703092  
304.1793261  
2802.574533  
3208.932346  
476.5358331  
1239.28293  
1335.778804  
575.0956761  
23.13488468  
790.4496371  
686.3100005  
30.41018432  
216.5161046  
2101.347394  
3687.226978  
2896.676127  
876.4647304  
10503.52922  
3914.314694  
4069.832841  
878.3049143  
304.2399867  
509.6987164  
53.50683352  
264.7540928  
1546.601491  
1700.403749  
1463.52375  
1313.427001  
1129.573013  
826.0796076  
169.1388623  
9761.496899  
107.8063171  
11223.84788  
505.2264945  
2007.328223  
4561.98116  
589.0929589  
8817.425175  
2307.884945  
2062.369413  
3340.292188  
3573.459262  
340.3887844  
2418.087824  
3090.726324  
2407.758374  
5559.266743  
204.0647768  
126.5857517  
997.6928017  
1918.989824  
1922.386254  
1846.277326  
2509.394659  
1653.706313  
14580.18207  
3550.823036  
2996.377679  
303.8277094  
2688.774543  
2922.968177  
926.8241145  
1035.326658  
1508.141264  
10.58469134  
10.03897866  
4770.213779  
581.5392799  
3481.687686  
1384.5972  
2762.183465  
1710.204644  
2170.23434  
1127.224224  
554.0010458  
176.0365597  
8413.407389  
4033.522131  
2396.386308  
6697.507623  
1499.17173  
442.422979  
1665.291652  
26.566006  
1953.659478  
303.1353148  
2027.397842  
1829.085427  
1140.688682  
480.694263  
1338.635927  
2352.951864  
1734.657779  
3732.098907  
1198.117197  
481.5945947  
182.923943  
2240.767204  
1041.592298  
2138.785112  
