113.5963244  
255.9834961  
385.7221215  
303.301613  
549.1672969  
1366.937579  
6266.506909  
1491.370559  
530.5152484  
3813.704375  
1635.355573  
91.22721155  
3774.760159  
757.2884677  
425.6550435  
45.03165364  
528.4626014  
1742.326378  
1422.347909  
3090.973962  
21254.91766  
940.2662952  
6668.18661  
2808.442247  
11029.76945  
669.0331541  
5869.030562  
16603.84424  
4429.904693  
1139.042026  
32762.09813  
21068.53968  
1200.921987  
17903.82358  
10104.30969  
5657.103161  
2423.746755  
10987.55066  
6319.233078  
2605.151521  
65873.27019  
15909.27319  
19700.40252  
4392.247289  
8994.606831  
2931.023197  
6002.145651  
18072.83861  
9581.681111  
4166.12434  
1309.434386  
14002.90872  
2835.175891  
1414.332343  
2942.971417  
2011.759462  
5238.529789  
312.9068222  
3668.299326  
60.95757054  
42.22945891  
1344.191581  
636.0053105  
2168.942014  
4658.183896  
1349.931027  
613.2723167  
3876.891529  
1394.186435  
5093.109473  
3868.085542  
212.5021656  
483.626557  
181.6354453  
395.9290949  
649.6322511  
1468.772831  
130.7790629  
130.3926367  
1459.585977  
911.8036906  
1068.362973  
355.7076897  
1794.645006  
579.1582599  
855.6149317  
545.2594271  
3424.471619  
2248.163282  
1856.793636  
186.9625045  
5158.664648  
4112.075368  
1612.612833  
1906.270439  
421.0069666  
2551.699584  
45.10472875  
1183.049267  
3.552551061  
658.7109895  
1832.688855  
579.3025478  
1589.032311  
209.513591  
1454.835486  
3622.782854  
1076.424582  
359.6973629  
476.1925257  
1059.037907  
188.4084922  
88.51179418  
1954.734256  
2070.472077  
287.7639903  
187.6605906  
3789.807875  
7982.564365  
2469.615451  
423.4532692  
1786.460143  
255.515978  
996.9640249  
3.583122524  
243.4235428  
2082.726215  
258.0619906  
451.8158083  
505.9807677  
454.5407702  
735.3433874  
325.308743  
1423.284214  
389.385358  
930.5102567  
280.6504261  
1056.258225  
206.2455895  
2074.497697  
1112.048497  
489.0545592  
342.6943627  
967.8154121  
802.8191545  
359.9223044  
445.9003465  
743.8838851  
68.11325894  
43.93270494  
825.7321417  
516.1549019  
647.0001326  
276.9216719  
310.2421039  
777.1571021  
447.9601168  
451.5013245  
358.5119034  
916.2277865  
381.6448655  
86.45956889  
659.2757267  
8.012648445  
408.608376  
99.12152257  
0.6099687435  
844.0945859  
933.872464  
139.0463338  
54.59907263  
1130.845134  
677.7043729  
432.9741567  
205.6522446  
615.2706805  
194.0550457  
205.6273409  
916.0742491  
432.2569126  
56.05510488  
1392.422816  
691.2649273  
56.7179642  
737.3198754  
562.3550129  
168.5336866  
265.6635926  
41.40021964  
188.332906  
108.527952  
75.46144956  
425.6617333  
44.1595257  
393.8521235  
520.733163  
555.8414042  
317.4633607  
27.65105638  
558.9428058  
223.7533163  
161.3038933  
497.3655827  
277.4067511  
34.04453154  
103.3830869  
2115.490401  
169.3125247  
149.2222051  
161.5160276  
1785.55973  
72.57876797  
371.7921762  
52.31645843  
11.08656153  
216.0641909  
80.14925982  
17.22768469  
142.1976803  
538.0917434  
259.0292172  
335.3091793  
18.30694101  
348.6884606  
25.45726901  
67.4791071  
300.1941081  
369.0677728  
123.8431072  
534.2457481  
208.1748784  
186.2828976  
741.2524357  
467.0111435  
67.64384687  
317.6325801  
60.31010802  
100.8190903  
417.2741282  
191.3111035  
298.930884  
51.89781564  
692.9959766  
169.6792033  
24.96430057  
195.6159258  
48.82667537  
321.1015419  
62.24192165  
99.40195796  
151.4019691  
62.59769119  
109.3963853  
90.1260043  
14.18572263  
380.4284809  
218.4540419  
572.0741157  
280.1658887  
96.04150246  
146.4910096  
9.666415564  
1.080887725  
233.8607314  
246.4304773  
399.5542809  
138.1474061  
80.68485851  
61.53719176  
76.7045208  
198.7062271  
142.5675688  
248.935089  
88.58744296  
10.34651924  
37.57568677  
489.1683127  
301.4675325  
61.26395454  
633.8178106  
77.85713439  
213.7070385  
41.19546428  
47.84785902  
4.705765227  
10.38691747  
20.82851297  
73.44926689  
546.6195874  
127.3947702  
27.74131906  
4.353495349  
20.85730179  
11.38873847  
1.877430066  
