3.324824444  
219.9553978  
634.6957165  
142.5902924  
161.7397456  
870.0517249  
1512.98048  
523.2049578  
1127.892627  
686.2470452  
1036.144809  
2228.829859  
653.1023805  
8670.096455  
820.6244222  
1343.436464  
180.877152  
2766.950124  
616.1271957  
3154.954585  
81.79433494  
2184.454131  
91.95447139  
3603.104674  
4982.381285  
1148.039517  
5281.232502  
3952.45128  
2696.144895  
3706.80674  
1424.436376  
274.8811031  
1450.526838  
2144.86682  
9162.042431  
252.0576092  
2730.263962  
497.6871412  
4387.489216  
10772.34815  
11182.12112  
1900.510918  
756.2112559  
671.0978438  
1108.960031  
1657.211448  
4186.570058  
3386.984077  
2403.477218  
1046.925743  
676.7551421  
4893.445951  
82.07946613  
1080.104894  
8967.425068  
224.6242656  
1079.877575  
935.2654328  
245.0237193  
9785.556787  
1363.553979  
428.42732  
5058.097411  
1382.679516  
85.5997897  
4203.993453  
898.2432886  
980.2250121  
691.5274551  
4323.756496  
154.5592426  
432.6339686  
268.3323915  
1506.974038  
138.7419501  
4680.773652  
706.9192779  
209.0328802  
1510.262003  
368.2413444  
1711.283669  
402.1380653  
265.3127687  
1164.739495  
1068.068016  
589.6758602  
4186.658874  
568.9602676  
1313.079102  
666.291788  
1619.02788  
2687.732328  
664.6566487  
6.818541788  
1055.952633  
2040.039879  
1154.494616  
1631.788759  
2258.147184  
1093.982169  
1717.522923  
778.1695064  
8228.998096  
4159.234567  
533.4462751  
1966.938591  
286.9099081  
460.2120326  
1043.520155  
2139.996617  
2240.479163  
5915.600352  
928.6988003  
8931.332712  
1402.059977  
257.3624643  
2390.111478  
3586.433685  
7726.797176  
3681.08294  
1573.892326  
1804.305266  
314.36689  
633.9669174  
1692.561289  
813.7838613  
1337.774196  
1822.210282  
821.3577687  
1584.608936  
1692.381817  
372.8037221  
1701.868143  
1095.361943  
1791.332303  
220.5010404  
1867.440919  
403.601199  
312.1136963  
657.3710256  
412.3427861  
2786.744312  
643.5667173  
621.4213374  
2656.489169  
456.8503822  
1067.247468  
822.5578915  
560.0760504  
90.64089477  
217.097695  
265.5525696  
692.8643511  
310.9562951  
475.9789544  
71.79513822  
437.5350254  
152.5638185  
35.84171368  
539.2000185  
333.7660849  
291.697021  
1077.069751  
1781.626993  
1065.791028  
182.7593711  
530.0660547  
545.8558238  
1502.182387  
1056.760921  
323.8695567  
470.3535672  
64.14023116  
51.64492743  
182.2585381  
549.9311308  
253.7456597  
199.4136986  
175.1439231  
281.5402708  
870.8576976  
160.6491374  
230.4924684  
215.212634  
17.47032877  
238.1343647  
740.8265043  
40.55712104  
23.08362325  
559.7804655  
179.6460943  
112.8793896  
489.8545135  
685.0194806  
153.7531716  
52.48260753  
195.6242705  
289.556902  
114.1497648  
943.7990477  
426.7566764  
142.757049  
148.0342691  
10.31680908  
904.3464338  
181.2608523  
174.7020126  
1250.560233  
643.4948473  
297.8381804  
404.4660048  
508.948169  
166.8956575  
20.55783293  
86.12911045  
152.0214878  
104.5048725  
53.69088682  
158.6808899  
291.786149  
614.1082954  
152.8065335  
677.5686357  
521.8507708  
656.6829741  
392.9480588  
210.7019303  
596.1973013  
234.3941774  
112.065388  
832.6837501  
290.2994299  
31.79219089  
164.2165144  
391.7876932  
576.3007764  
815.437277  
152.470415  
55.20861257  
94.80634673  
659.65003  
1167.443853  
140.9934592  
55.52595518  
146.3250239  
653.383871  
381.2712515  
239.5424664  
390.2646356  
100.0933648  
402.5418728  
1001.011344  
502.245146  
111.8612319  
167.5574383  
381.3117736  
132.442175  
9.859971863  
77.36950698  
18.10526255  
26.11714267  
748.1111572  
3.792069265  
613.3961982  
78.58205012  
932.7230625  
91.85933328  
459.9073374  
292.0658658  
235.1776064  
29.25947981  
370.0163358  
346.5035631  
21.8004729  
1124.061889  
386.5816914  
145.0704983  
24.17488318  
46.25939031  
36.95464988  
154.6948642  
425.6201961  
133.8341809  
18.99739124  
169.4125747  
16.93172679  
44.36669699  
224.0379458  
115.1574827  
200.2167295  
173.1273578  
0.04705403965  
10.47774816  
109.5957025  
895.2198124  
