33.87564685  
60.76478268  
378.7275262  
87.89569986  
66.36385041  
156.3658537  
3251.586256  
1179.568969  
185.2469697  
595.7974696  
2293.743675  
898.6083226  
1375.467409  
983.7315691  
155.5371805  
168.9381851  
5415.599794  
845.9592267  
696.6848537  
3605.992083  
3777.562191  
5225.202134  
2037.26225  
2680.497275  
4314.367297  
90.68968251  
753.7987442  
1777.372749  
5966.404201  
8918.884741  
1031.172603  
4442.087115  
9261.647482  
13950.55789  
7994.813201  
5321.920178  
11330.55503  
4805.072006  
916.9716611  
16749.30663  
76877.48094  
10205.22033  
11902.71377  
11195.3925  
336.0689238  
1042.929472  
14081.09449  
22924.53737  
8862.887566  
12740.00991  
697.0639036  
16167.18137  
9529.922324  
5325.857669  
2689.324986  
2242.617323  
1254.332996  
347.2975078  
10053.63124  
2441.084189  
2036.343437  
2613.201805  
2658.257189  
338.7220538  
1888.445965  
3375.102006  
999.7730399  
1883.925601  
676.9344923  
998.0660284  
798.8478534  
3144.596767  
1210.872777  
622.6256823  
3276.052467  
590.7459237  
1169.872202  
438.7727559  
684.8338909  
929.8779883  
1563.44513  
532.5688424  
868.0298166  
1955.543331  
681.3318651  
116.1259678  
2.775025334  
514.6032433  
1503.23249  
6685.764538  
3114.982573  
51.05461509  
868.0077796  
141.511593  
2771.15426  
3104.198228  
153.6894525  
2805.349582  
652.8532206  
1722.60455  
926.9528725  
860.213585  
777.1286615  
3137.5734  
457.9209872  
1255.418604  
502.5713941  
781.4626327  
399.282385  
3136.116361  
2785.245911  
2668.388695  
877.0078189  
3717.559672  
560.0645643  
437.2664765  
5546.565202  
8628.75599  
6818.006191  
2464.190265  
343.5162102  
781.2136916  
2738.78626  
2770.187918  
29.70638022  
665.8259112  
1849.077109  
55.28673875  
408.3025236  
540.1487756  
249.7732903  
2463.795197  
1201.713303  
786.8451121  
371.8380806  
721.8747795  
189.2662885  
488.6363876  
440.8739622  
1155.371694  
798.162535  
397.7600726  
59.29350032  
89.96480741  
310.4323797  
1124.058487  
195.8257183  
697.5251727  
24.19541881  
646.3265267  
33.53511228  
1155.386979  
577.6719838  
399.6450181  
214.2172045  
258.1554575  
158.4126752  
1175.41676  
32.81594811  
48.60965316  
251.6031151  
49.99851352  
333.9346118  
92.9231824  
468.2697334  
20.80957733  
74.61411846  
1154.689099  
70.80630796  
85.76015358  
191.5573657  
398.7408663  
369.9238757  
384.1620044  
100.3466442  
187.1825911  
0.8193035186  
168.5712678  
216.4798509  
228.1402888  
178.4810196  
719.2137343  
711.2468527  
96.34090176  
320.7313514  
292.3676178  
332.3167961  
176.989011  
3.621768007  
155.8290481  
392.2961116  
796.5234156  
78.61132913  
258.6525038  
123.0786815  
269.6123096  
561.7243834  
86.53161464  
156.7626216  
56.66833486  
7.937074418  
154.1125321  
126.0626693  
103.2368675  
208.6026883  
249.6442887  
434.8931482  
390.2907307  
1731.101124  
480.990864  
372.2710416  
1872.549883  
428.8269325  
332.0219756  
78.56647125  
20.51339737  
132.5984196  
28.4315275  
213.1455362  
349.1978705  
192.4153219  
9.428298063  
140.2269474  
1019.269966  
4.694051859  
412.5792886  
218.6945548  
1771.265906  
422.2348486  
19.30659326  
1127.229687  
538.8380884  
464.9448567  
238.5011743  
572.31524  
404.5935088  
167.9544556  
10.99400075  
702.9116038  
16.2610728  
2324.690378  
337.6532369  
310.9693363  
34.86801638  
103.5845595  
304.2044087  
427.0476453  
484.877429  
499.0809619  
412.8493933  
856.5928321  
1982.927225  
313.0582725  
210.8491315  
930.3261046  
718.2548959  
386.5121327  
327.5140136  
439.4950788  
133.3598498  
117.2338784  
1357.979966  
1.794251328  
1146.700781  
687.7019771  
476.0487398  
128.3079395  
208.5307595  
802.9585521  
84.34198086  
279.5296225  
1657.709878  
1015.641981  
387.012512  
849.7406288  
598.2724445  
19.10649343  
259.742664  
201.1508879  
651.1267819  
32.46363609  
334.3711035  
320.9501166  
31.22811834  
81.01041631  
101.8625619  
610.9032836  
102.2213703  
877.1941046  
28.48832101  
52.0304184  
631.8014799  
99.50602992  
286.2826277  
860.6026838  
