40.30699114  
2.936388969  
449.007265  
209.3883958  
152.0084559  
133.0079019  
1280.03041  
368.4520367  
80.4324455  
1687.833307  
935.7705751  
284.5638437  
1353.475377  
3061.966663  
1371.263847  
1277.452405  
160.9134119  
816.9878208  
4662.164343  
6491.774101  
3569.310578  
261.1022171  
24799.37437  
1710.217187  
10929.76203  
3510.791919  
1496.088704  
120.0302584  
5596.028944  
2070.601353  
23249.95501  
4245.375905  
1984.520416  
2728.213002  
371.4678027  
35931.83752  
5841.335957  
3078.418892  
3018.034566  
5341.723055  
12331.67259  
2404.187736  
13440.4369  
5866.152599  
2463.732708  
870.3010146  
1547.065444  
2970.813939  
5865.200428  
5863.566083  
4353.776921  
1342.846733  
5768.326265  
1548.59306  
3447.908573  
8110.454507  
9495.144572  
1152.497537  
2444.006374  
1497.906418  
2755.083455  
5113.650968  
3838.411962  
3078.712206  
1828.716117  
2749.643808  
2087.499235  
470.6270715  
370.0585614  
524.5853593  
15.93443964  
1149.470774  
1128.838971  
2703.235477  
4462.47917  
5693.314141  
1165.549517  
135.4897915  
584.1563443  
1914.288586  
3242.612057  
845.3058443  
1511.571023  
1688.519025  
387.5167984  
73.62272734  
306.7025537  
380.0210761  
227.1478305  
1051.989532  
1146.448162  
2796.668535  
1989.398311  
241.3377908  
192.9144677  
1465.494178  
1395.955277  
2988.280149  
1471.208493  
165.5056125  
2553.775276  
1909.250167  
1344.587715  
2081.277863  
3276.333985  
4484.539575  
3491.473825  
1079.396408  
3733.72674  
5409.975379  
5517.489582  
9817.758653  
397.9106068  
4997.686185  
705.6088805  
2085.006116  
1565.069903  
4084.686031  
15190.01927  
4147.764449  
12.48041209  
4127.82837  
1119.326013  
6309.650252  
321.0337326  
371.848384  
3800.295331  
97.11913462  
916.7731875  
223.041825  
1171.685818  
572.5235082  
812.5982211  
181.1539057  
498.8667499  
292.725052  
627.7024354  
1051.222674  
630.5456683  
1672.043813  
749.5620824  
211.8732866  
608.3504184  
458.441909  
754.6151882  
2377.875286  
25.90621377  
423.6286333  
36.54632733  
539.9447277  
1280.243753  
81.65572309  
583.1476334  
1066.898749  
132.5295102  
34.70044472  
1910.572726  
163.5045315  
1256.529896  
1801.434354  
407.0535668  
385.1236693  
378.2193798  
278.6293603  
141.3346189  
458.1350566  
1210.686687  
180.0909835  
710.5919542  
745.9870359  
726.7162664  
469.009573  
956.1316687  
89.52365712  
400.0322566  
230.7205017  
84.94499419  
80.0093302  
689.5962883  
426.364873  
728.8264054  
792.5626959  
226.1188137  
817.8846678  
935.9860536  
214.9438146  
121.478774  
455.0099163  
160.3995727  
295.1710127  
98.12471468  
32.05363138  
117.6159782  
229.1821517  
198.166485  
117.4731713  
158.1902023  
11.85124617  
671.8012599  
106.3056975  
25.96713373  
350.5438619  
55.1910732  
326.3508837  
228.7839251  
199.0685739  
176.2789989  
391.9306159  
32.28671439  
68.01248808  
488.542257  
120.0247635  
348.4680226  
645.7947466  
7.811063862  
240.1516753  
84.62747125  
78.33205488  
263.6051429  
120.8307772  
495.331314  
342.0541178  
261.582128  
462.8733379  
126.7833967  
246.5465131  
698.7268343  
322.4382887  
27.91201915  
265.5504013  
134.4475882  
162.4711956  
1358.749827  
813.6967134  
138.8249803  
989.5787229  
95.70920223  
167.8581938  
441.3928438  
343.943978  
480.7093321  
17.59147873  
1.462392724  
385.5918662  
212.5879431  
188.1320734  
0.6432954916  
30.03633145  
781.1121782  
55.60813721  
380.4370818  
711.2909957  
12.60546891  
72.62189398  
45.4554484  
232.0131178  
113.4189142  
106.8034901  
811.8756683  
444.4699405  
278.7822283  
159.068376  
60.1211703  
250.5378281  
288.653201  
78.59401417  
67.47418099  
225.1287394  
194.7546022  
295.8807012  
104.9240648  
37.8429988  
294.8120622  
105.290612  
736.8656064  
434.2560162  
11.13405523  
282.1955877  
33.67809149  
233.6390745  
148.5986415  
87.85807458  
38.44780022  
53.70550124  
72.58752641  
151.1521615  
369.7035045  
42.92284049  
158.6673671  
33.96654979  
150.2490226  
244.622479  
58.1566271  
30.85356375  
262.5434061  
