13.54287109  
49.6985607  
73.7855042  
46.70647037  
85.31590259  
430.6441765  
19.81334295  
124.3614642  
284.2211097  
822.3000242  
984.8769734  
352.6904568  
837.3701109  
136.7972389  
2662.703647  
1400.919207  
1894.181097  
263.5044953  
997.102539  
712.7440922  
963.6814221  
1090.623583  
565.5751023  
496.3016772  
576.1239109  
4635.700208  
537.9846933  
259.2992734  
1234.660934  
1649.886432  
2839.830995  
318.1687901  
3332.666988  
2804.018474  
338.3159998  
375.1955071  
345.4592708  
2033.499204  
283.5479793  
798.0029957  
1858.362005  
918.075043  
427.7519159  
1600.223549  
200.5884915  
3816.12674  
55.33396064  
1610.345643  
1766.662527  
732.1166007  
608.2984545  
2315.391042  
210.5361788  
732.8604955  
920.4659945  
494.837074  
1570.638689  
196.0367776  
1846.890972  
2759.343668  
42.68099828  
540.0800738  
1542.59214  
735.7578177  
148.1604711  
403.5938353  
1377.515502  
472.4635519  
863.2491294  
1332.319112  
884.5049873  
106.2906624  
619.0581331  
389.2719023  
2252.283457  
1710.303407  
242.7137432  
1499.597879  
2874.709105  
371.3101285  
746.6483557  
1672.659121  
680.6117358  
1502.5047  
613.3464669  
1151.839122  
2371.333304  
680.5260192  
5467.603545  
1466.626006  
1849.489565  
61.24153997  
370.5211146  
992.9110967  
2090.329878  
597.5883627  
3221.333394  
1240.171256  
132.1499103  
22.63954944  
1015.733462  
172.8827675  
1112.039914  
1680.038759  
587.2049542  
1327.794112  
17.46574159  
4131.943972  
3118.710155  
4362.794816  
7862.132722  
11072.70705  
5667.747321  
8146.987112  
723.6489912  
5730.893974  
7066.860159  
6929.191325  
6773.201418  
3316.134264  
1340.600763  
98.40763405  
5160.516604  
3116.70296  
725.4080471  
3421.77514  
1832.013794  
61.44388016  
2040.774981  
466.9961822  
1052.284059  
3418.718831  
3198.210816  
1796.938841  
1511.676438  
2845.542827  
3011.19951  
141.9988032  
458.261908  
1861.192498  
1835.84422  
180.713867  
574.9843764  
2023.948679  
561.6882299  
1143.697669  
431.0565209  
1146.970013  
3375.147749  
551.4779211  
2089.152811  
281.4779332  
2802.883765  
4769.698307  
385.2022348  
83.14121894  
331.8256651  
169.1355425  
1256.765684  
721.2857707  
532.0929195  
810.0706438  
313.55042  
338.4127637  
3577.379658  
466.882405  
592.4499636  
82.15672079  
1066.181611  
728.3021414  
41.47296375  
574.6457492  
629.0880021  
1366.007631  
535.8102552  
699.3839533  
1777.245227  
768.0885664  
171.9292949  
359.2036728  
518.9667274  
588.167902  
924.4193839  
410.4174076  
1401.562819  
6.125230065  
583.9931097  
600.5534783  
97.65072048  
1100.257676  
208.3410232  
757.013136  
180.0695441  
306.940003  
5.436531154  
432.9925152  
909.0287494  
2.078298786  
65.47198458  
1606.168633  
709.1200902  
431.2409057  
28.55913159  
88.2633386  
378.4909446  
686.0197217  
199.1052169  
1120.907435  
2138.684973  
1324.28371  
550.6540387  
881.2536988  
258.1813444  
1050.791315  
202.7599705  
715.927779  
528.5419066  
835.9345078  
201.2237636  
153.6234726  
350.6803508  
703.2275586  
631.8762663  
183.8487729  
109.1595925  
797.4596571  
1727.13296  
1115.023341  
233.5284967  
88.44834161  
462.4457073  
189.3096025  
624.0687254  
3019.019579  
352.2212585  
1124.376908  
523.6138528  
497.4653712  
1030.491038  
134.5076433  
1180.491865  
118.2914114  
283.2969161  
353.7735056  
1621.378784  
73.08533168  
737.3796603  
709.8043294  
503.2790991  
1082.596331  
1935.785363  
1599.766105  
962.1201236  
23.79680857  
155.9789003  
370.8401493  
107.8276863  
130.1273863  
424.6965338  
69.34149885  
20.66493501  
82.65244782  
172.1768439  
2485.113522  
74.2389421  
1048.849721  
93.25783377  
918.1655203  
423.9895062  
9.917229605  
116.9112837  
1665.83456  
249.7070385  
695.458091  
844.6945676  
104.7873179  
128.958461  
176.2102617  
601.879477  
350.037938  
12.69566033  
56.98661606  
11.0770296  
5.785334056  
10.8411184  
37.21089384  
453.3397275  
131.9266489  
447.8858721  
303.9186008  
615.8396579  
1074.489173  
146.9406499  
1756.447253  
859.651356  
