46.80976772  
143.8648427  
334.133589  
16.25968454  
177.0193672  
1033.177505  
2216.828715  
10392.17272  
77.69146111  
5592.462893  
9459.841736  
10.91494927  
412.9746764  
2402.150339  
2963.587029  
2498.806277  
9560.489224  
2838.689252  
2502.869366  
30678.16728  
2372.121067  
15131.51168  
13696.45933  
17357.75376  
15743.37616  
36276.07157  
7885.691263  
25311.40267  
850.4510461  
23370.06935  
5191.671229  
31007.65971  
2316.448065  
22518.80911  
5787.148566  
45239.24377  
10472.01403  
14693.15349  
22885.92885  
26888.30854  
13737.16184  
12829.47874  
15658.43096  
2045.970104  
703.687781  
383.6642243  
9228.963991  
1527.332828  
898.1144402  
5427.246746  
11715.00612  
1405.244023  
2218.283158  
6002.744899  
442.926129  
949.8517057  
3990.805288  
1286.164035  
7582.099458  
280.0212486  
2682.632097  
3038.787711  
1129.817216  
1774.734945  
7467.411489  
314.836275  
1451.535383  
5062.870343  
604.0994723  
1719.088698  
125.7355849  
7567.422783  
5434.01052  
6781.488421  
628.6603516  
693.8341383  
863.816236  
6238.182996  
1555.031065  
4907.327936  
503.2516153  
3610.747108  
849.420551  
195.7018973  
72.02041044  
481.2161295  
2210.176183  
3605.188629  
192.2709134  
341.6649313  
1654.620513  
1187.911628  
780.8412878  
455.8019736  
560.7943328  
2415.884606  
301.5443875  
405.5378888  
739.9035229  
2034.964021  
367.1135383  
1337.014397  
1405.461338  
404.7721728  
1307.092271  
1108.574141  
1102.702073  
863.3987578  
1431.651091  
2690.875956  
1724.270454  
3937.228301  
1032.692299  
759.5806962  
1635.329653  
4013.023254  
1913.122379  
3359.170551  
3952.119238  
2452.910786  
525.5978202  
1675.023964  
1403.282674  
565.221955  
118.7110519  
1568.515725  
98.12895602  
862.0198516  
600.5699537  
160.7335582  
359.2607822  
482.1774353  
675.2881089  
968.5618666  
2562.632139  
117.6510942  
101.2396617  
274.8772433  
578.2427162  
2241.937618  
993.6123158  
388.2581819  
389.8581318  
169.9269303  
1056.919132  
421.6634529  
382.3269305  
360.3565452  
102.0553865  
210.7005528  
375.1300345  
826.8567394  
207.5619549  
159.5736616  
236.7755617  
120.5828018  
344.2550417  
1538.965409  
163.9866498  
454.4574735  
9.628133103  
71.60495577  
160.7732569  
39.41853627  
91.07927522  
212.4701706  
146.7388196  
509.2620218  
64.36174882  
112.9937433  
592.3097701  
146.1644073  
1045.498206  
957.2319378  
64.89934832  
697.5608161  
287.6174435  
140.2882997  
206.1106177  
549.0727055  
156.6423094  
59.19578907  
183.8392251  
306.9070893  
39.29955571  
769.7724679  
509.4479286  
332.1260032  
615.4652776  
60.57612536  
166.2745152  
11.94018738  
392.0191696  
234.8987122  
71.54543016  
177.9095458  
473.9566728  
334.2795928  
524.5953786  
38.9682195  
120.6615177  
58.61224542  
379.7834445  
17.2844874  
55.47249467  
955.4920014  
159.1013117  
1016.293026  
622.9350151  
136.1983788  
7.28954939  
1821.088074  
86.96719542  
620.251641  
235.680977  
607.4616212  
163.1791407  
36.35646876  
20.78651553  
344.6567663  
12.93999662  
164.6293285  
168.078471  
384.4240361  
78.22322213  
582.3964638  
758.9497005  
563.4186131  
690.1210549  
61.14689528  
718.0696632  
109.7341497  
631.7099596  
212.1581876  
1187.67381  
2032.757456  
646.6540522  
156.8733116  
223.2646858  
60.6774  
1476.780515  
127.970474  
742.1226596  
120.2976581  
585.9712282  
24.74562333  
262.8498172  
835.5194721  
411.3052997  
764.2487886  
2074.97288  
2412.523473  
17.40157008  
91.38188419  
31.18199111  
166.7059997  
210.6083639  
63.08760851  
878.9143626  
439.3022737  
163.6527537  
1086.108726  
87.53428923  
369.0965297  
26.67754329  
601.0100925  
497.1824733  
39.49496679  
233.0884116  
189.8748237  
519.3196788  
165.7377026  
298.0240379  
190.3172856  
232.4460313  
54.46739825  
127.2754511  
66.65731617  
397.282881  
472.9038767  
468.693192  
6.042753351  
153.7767177  
144.8355977  
452.1183408  
23.51496194  
111.8222121  
6.496000417  
380.4933669  
74.33199644  
73.97118536  
258.3795869  
189.5625347  
178.5604741  
115.2844767  
