31.59465834  
234.6590851  
380.9966089  
145.2070663  
11.17289154  
129.7473411  
737.9791488  
164.2820632  
0.529628555  
1265.053339  
1634.407615  
841.3617773  
10.61039457  
779.2257316  
566.2454375  
4857.888167  
3073.14569  
1951.125087  
2775.04716  
3840.237864  
337.5351556  
417.3119916  
1421.140261  
2208.481636  
3123.09734  
900.4865  
1428.072893  
580.3737064  
967.7969139  
4253.176671  
4213.205969  
484.6355889  
276.4414642  
1905.726713  
5598.177173  
3956.659644  
1619.588048  
4192.655169  
308.0278804  
2263.722727  
7759.562809  
3115.495776  
2934.889083  
2131.383491  
260.4278918  
7129.738057  
3388.586126  
1954.569085  
2845.385711  
1523.470924  
2495.083448  
1262.848474  
576.7097372  
705.596612  
22.39698029  
355.481166  
1075.455386  
2361.653891  
1434.334382  
7594.021679  
1409.717558  
238.667604  
3280.055013  
2683.514576  
1688.983891  
2111.962304  
2103.19275  
412.4489429  
377.3759355  
2532.634707  
3687.339277  
824.839562  
2686.242459  
628.3152168  
619.9526402  
7765.972816  
1357.813469  
1115.207283  
2744.515707  
600.6678275  
3193.992183  
713.2159207  
379.5832518  
200.6875486  
1214.750979  
14.59975919  
1653.483774  
508.1450663  
123.8910314  
874.3296039  
116.7739214  
286.3248467  
1845.962214  
73.2576122  
2965.5077  
73.09200797  
2091.215543  
301.5813711  
1650.100937  
875.0535805  
1116.264023  
300.737832  
3135.671997  
2392.926976  
680.5093895  
263.4833347  
1183.796238  
674.356539  
1439.106268  
1460.495394  
4406.637974  
3564.760547  
2372.466013  
4467.932451  
112.3968689  
18.04545426  
5961.025663  
1082.700855  
8598.684543  
1069.131539  
231.5987904  
927.0419455  
240.5587659  
932.131602  
550.7196098  
2995.434136  
20.08056236  
105.2148408  
255.9753633  
1361.266426  
587.1148346  
876.1988835  
1890.713504  
445.012886  
2526.524378  
3.617545156  
2312.117196  
900.5875473  
478.8864384  
181.4586782  
273.2614986  
1000.343636  
652.2248941  
673.4137823  
2852.215525  
530.1457171  
101.7236734  
29.27749521  
919.5378594  
257.6924789  
250.5070452  
747.0693112  
43.30555924  
326.2176829  
1212.471032  
1007.358412  
722.2272265  
8.125105417  
5.11555246  
602.2745756  
9.71673224  
27.0418616  
28.75171576  
172.1432703  
1512.266951  
489.6673952  
60.38654796  
94.1335485  
880.7353478  
271.9257639  
1096.525532  
5.297641804  
500.7101153  
198.5752318  
17.1687423  
215.6418036  
145.1283008  
265.7106399  
178.2611545  
525.2587112  
31.21270567  
307.4344401  
102.7245183  
546.9717427  
257.9527705  
42.10175089  
277.0363441  
227.8301383  
84.82044447  
240.8280619  
72.43346198  
0.01952466365  
287.4379367  
345.7738513  
183.2487595  
312.6011247  
276.451454  
108.234147  
284.1585078  
151.7416944  
694.8257389  
649.6195662  
91.43544903  
3.94024834  
1022.785718  
532.7344475  
178.8286786  
470.3647024  
768.9916538  
77.70986372  
938.5403987  
646.5945811  
279.3894884  
40.93253822  
65.90798428  
96.95646135  
779.2637315  
376.024685  
138.509477  
300.4349115  
332.4262958  
1.060370768  
147.5274443  
132.5970604  
274.4201919  
425.5351717  
326.179057  
346.5146926  
277.2561735  
273.8821716  
806.7932102  
69.88888076  
562.4521846  
955.4048429  
1342.4745  
2578.099198  
250.5307673  
160.8614639  
147.2699594  
255.7874278  
2388.840066  
27.60836685  
239.8376392  
990.3530188  
561.4873693  
187.4594412  
853.4721156  
952.159282  
801.0154546  
2644.920728  
1467.88758  
3859.882154  
687.842132  
11.71087087  
46.78847628  
657.042986  
123.961949  
1157.310944  
689.8421294  
844.1279108  
73.22837991  
881.0332463  
5.435448522  
2793.374027  
223.2310761  
682.1131647  
157.7112731  
354.797919  
763.6034939  
282.6479935  
187.6013538  
1781.5821  
655.3369411  
744.7260225  
1159.314569  
635.0912063  
439.89894  
326.7065744  
1213.769241  
836.2368032  
22.36519792  
237.9205711  
192.9637574  
341.4864089  
52.13718537  
92.84146428  
233.85832  
179.9467289  
222.3503366  
69.03460406  
149.32837  
921.4461738  
472.7129158  
733.4526522  
323.6957497  
