55.24754032  
280.4316236  
703.7195616  
40.08133881  
400.9644919  
578.3228837  
662.7698178  
15.0677475  
5356.421325  
449.2565433  
353.7152537  
1615.899282  
300.2884254  
2291.962291  
2018.914685  
8875.169058  
4707.099979  
230.3651404  
590.6460487  
9589.843463  
2482.082687  
7916.248043  
10277.72462  
4802.07927  
3056.842443  
2075.263159  
10355.81739  
1300.870262  
6299.875327  
10723.65654  
2098.500343  
2130.442755  
7417.663286  
3525.270531  
3768.502896  
10500.21287  
1455.380298  
2202.483071  
492.3716639  
9342.844476  
6080.182263  
578.7950445  
358.5468581  
1176.399785  
321.6266476  
826.8347068  
113.5817725  
265.8020484  
3811.855254  
9220.572413  
814.6424442  
1023.496275  
1609.013552  
1916.474303  
2920.786458  
1457.099888  
2588.751615  
7824.728693  
2829.089871  
132.304499  
677.652144  
470.3263065  
891.5518614  
1925.711284  
1582.051888  
922.8249253  
1033.793249  
1663.432348  
2351.466979  
2117.912417  
315.6951135  
459.4237973  
2036.912018  
742.0894337  
1530.156603  
295.8256745  
348.7080976  
3625.080941  
1204.795053  
109.224885  
555.0734041  
78.91459541  
2289.055391  
172.6673559  
680.6075005  
756.9667415  
27.48677683  
1621.603923  
637.2947314  
604.500826  
1373.633537  
2769.341008  
2477.847919  
87.05361817  
333.4650983  
268.212376  
240.4107835  
95.98699055  
629.8402918  
435.0456954  
37.72326826  
509.0852616  
715.4098737  
1851.217359  
2132.492357  
1676.768463  
80.29878187  
85.04084918  
422.2281597  
3981.787194  
268.3913992  
342.4750018  
663.5040674  
1028.194148  
220.5889065  
957.722705  
1759.182705  
2880.792314  
2982.358475  
1937.533033  
1211.786038  
2323.722337  
139.9193577  
777.1996096  
1548.016041  
265.8522437  
410.9325704  
341.737628  
468.3697893  
548.1955084  
1254.066023  
57.70409928  
22.61413297  
761.0133303  
469.317419  
214.4585217  
241.2396631  
463.4178886  
100.8228487  
200.8200477  
261.6459175  
83.55721014  
909.3553021  
110.3803887  
267.1241861  
154.5881471  
36.49052805  
351.5043926  
33.85541574  
473.2430089  
139.3858587  
543.969825  
4.290974378  
108.0382318  
41.30212222  
130.2735966  
524.9612839  
88.43596555  
730.1910243  
168.708513  
180.6845033  
570.4202594  
871.9891806  
145.5682228  
712.9791859  
43.25346348  
1034.088776  
36.74309903  
197.1243622  
315.5084728  
225.3031647  
409.2782584  
505.2458453  
187.1972925  
439.6293428  
98.98666976  
661.5396551  
791.1354673  
67.99317893  
180.5866586  
70.28701539  
51.33175189  
27.14174828  
370.3375555  
34.04370165  
421.02641  
64.16611638  
255.8247233  
456.6831242  
13.87831606  
361.4304995  
362.6134472  
338.4603095  
69.67949998  
344.2533737  
77.92050931  
116.6694602  
167.8686703  
258.5232241  
199.8200308  
193.3211454  
6.283587699  
197.776959  
9.034153933  
233.0310132  
273.2444552  
1944.676665  
1115.921441  
507.2437374  
606.2635873  
60.85888325  
547.0784907  
772.6496981  
60.26314701  
231.2610395  
1022.047906  
8.986935583  
358.3409992  
735.5388055  
341.1779296  
139.278511  
442.3454256  
286.7147504  
589.2741631  
23.26309565  
22.78627345  
713.8302538  
375.8377942  
608.7539075  
136.0619382  
190.6514246  
85.01712908  
1045.562984  
644.9776314  
12.14047494  
433.2219276  
189.1115739  
145.9814941  
353.0611908  
136.9804285  
425.954432  
797.477946  
108.7844612  
637.400983  
200.4547881  
676.0275384  
80.53529711  
121.5919203  
423.1804806  
241.1579201  
63.46040031  
162.0961084  
515.7888355  
59.37455384  
127.5150276  
890.8187672  
514.7575151  
362.5199434  
1259.899  
105.0531058  
570.9962619  
95.24484003  
21.63445982  
72.5786902  
72.43255117  
116.0027273  
102.1801307  
47.40956221  
420.3633614  
23.43042509  
180.4301008  
9.456639771  
49.22289023  
28.52712616  
17.60822299  
463.9389633  
343.3820128  
45.62046275  
819.5833272  
268.7747353  
104.1338897  
48.07647299  
51.98323638  
547.7748768  
118.68164  
51.62921279  
387.8755886  
204.6288795  
414.2061395  
85.2073067  
439.6955399  
175.9594915  
34.01587231  
161.7233131  
381.5475023  
