3.076239504  
39.56813767  
60.02095967  
276.1823121  
371.2153259  
1763.62488  
84.22776503  
226.4414393  
1790.637459  
140.8818246  
1197.043287  
3521.693447  
119.5989124  
2072.901787  
1210.396284  
1590.823387  
2726.177368  
3492.402799  
1229.02323  
875.1895187  
2768.522876  
279.5225261  
1819.206491  
1661.655298  
1313.680135  
5023.031006  
1372.959781  
1134.766272  
237.0180845  
6907.530218  
1684.813569  
762.3773372  
300.5899535  
976.7431666  
994.7454426  
2848.312788  
1337.877649  
32.25449759  
1950.362564  
1850.270639  
3566.016764  
195.1877978  
885.5622424  
1204.376024  
2729.089389  
4193.166053  
731.7518304  
648.6387239  
79.36967159  
980.6543589  
4168.76824  
6926.297446  
108.4419075  
180.5330675  
517.0214191  
4676.257626  
4697.393067  
873.8383133  
164.275598  
554.5746451  
268.5779904  
1147.208853  
358.3295162  
1275.283386  
431.8763281  
928.1251543  
2582.121227  
510.4766962  
888.5343652  
1015.089799  
217.626923  
1089.720802  
1834.541362  
58.79749782  
1567.970505  
621.6299203  
88.07582288  
3762.249109  
1254.465496  
980.3987935  
248.4695965  
2046.699067  
1157.42274  
85.52847126  
1070.108901  
2902.729931  
736.5560117  
3082.793123  
3310.365589  
2845.246649  
633.5803578  
4234.510755  
4483.214194  
1427.374706  
236.6683739  
559.0705299  
7409.786662  
2279.21788  
1661.447643  
3122.851042  
1502.601706  
2071.337747  
5877.551279  
9267.986825  
4173.534239  
5125.904786  
1443.590629  
11260.46892  
7387.674135  
9377.219984  
22435.82413  
17876.30246  
2098.444319  
7350.465537  
5387.885206  
5474.867236  
16752.19219  
10836.58888  
57647.97452  
13966.32862  
1177.759891  
1077.438555  
9349.097391  
4571.2941  
1503.139643  
4234.905566  
7056.661049  
173.9884368  
304.7601581  
35.66406453  
4362.334784  
3299.492195  
6223.443165  
1560.504417  
6986.00209  
1394.093215  
4699.250942  
1500.205265  
2272.972436  
9880.768622  
2651.601534  
4250.176011  
3063.681507  
63.05583717  
440.4170664  
764.0489982  
1036.461139  
1185.374672  
302.6104732  
2.320189109  
1053.455245  
1045.006921  
1908.879063  
146.4495744  
893.6885314  
953.5740208  
540.868253  
2884.994835  
511.4066618  
426.2143888  
266.1122976  
554.8963674  
1490.817712  
1086.315357  
1172.717789  
121.9875754  
241.7572399  
420.1803508  
257.7393668  
752.7252237  
188.4750042  
125.5134027  
538.4672764  
172.5974443  
1721.608523  
1879.752524  
553.4301545  
346.6393682  
633.3481609  
195.5868611  
80.27047117  
1178.934957  
256.6967899  
592.8029191  
1404.364717  
1424.664954  
245.3314679  
972.7366324  
1013.212014  
630.3989341  
284.5667861  
505.1110849  
1009.816608  
139.8852124  
314.9823725  
40.28537784  
1966.433046  
583.5348419  
1347.992604  
563.2975323  
685.8319211  
373.9130818  
1633.65488  
402.9118734  
679.7237919  
65.60788843  
257.5049721  
1090.914564  
20.84751021  
696.0279024  
379.1931748  
162.4859564  
115.4008603  
538.5971336  
606.8816797  
176.3805  
76.8703443  
324.1944846  
271.2637617  
158.10171  
412.6388856  
1148.818566  
340.1374512  
341.538834  
399.5035233  
268.0363174  
672.76979  
269.8011562  
1308.051796  
776.4489557  
1297.006648  
588.3868284  
276.7715452  
1328.852359  
712.7141117  
1083.440606  
661.6325829  
538.0661646  
497.9479952  
453.5929407  
917.5548202  
127.0934696  
67.4825915  
493.6808523  
78.20860963  
1177.634975  
322.1793957  
170.6712296  
50.01352905  
575.2773151  
798.1507846  
83.88068366  
216.3096734  
144.3387224  
591.5094236  
1880.963862  
69.92339761  
379.4429293  
1455.025822  
468.663212  
683.381559  
129.5983425  
273.8077081  
301.5158446  
70.50174622  
282.8096359  
259.6097109  
380.9122182  
447.046981  
391.6096498  
106.3968401  
600.6403693  
797.5689294  
12.76983717  
133.6563531  
580.3383491  
200.1897655  
193.8267081  
221.5416574  
1.645709897  
17.18069247  
125.6633268  
401.3793833  
143.6138167  
488.7602247  
570.4640981  
2.46666971  
45.6462472  
660.2118163  
257.0869891  
73.60853444  
112.3478246  
16.03274653  
568.1885869  
778.4239666  
