7.58554858  
119.1803718  
557.8153871  
353.2814459  
279.9607956  
2296.785947  
4219.416626  
1461.350634  
1737.752957  
849.072719  
39.42942364  
2316.226904  
566.5942983  
703.3963165  
1872.038729  
535.3330084  
1116.94082  
1259.830341  
1975.172673  
4213.963479  
11557.08899  
764.8304076  
6192.270494  
3537.41158  
3202.181247  
2421.5802  
1757.647379  
1216.906073  
6484.688956  
1304.783418  
5472.912304  
2453.811309  
8316.028755  
2588.613461  
660.7473778  
1012.008192  
545.1476707  
2882.111659  
2569.102119  
1638.093632  
17157.37414  
4365.341655  
8122.109234  
11663.33187  
2797.019226  
3867.491561  
255.2478472  
1669.972159  
6103.629894  
1569.259795  
6662.692851  
4786.690062  
1676.775262  
919.4692504  
277.5660847  
1357.503609  
3755.701105  
1170.685652  
5017.923287  
1538.441911  
465.2348346  
1778.071994  
244.344549  
69.72816669  
437.2063395  
426.2620404  
934.5452063  
56.39328123  
365.2992591  
1729.889677  
100.7935266  
2620.902298  
1673.32588  
5.029290515  
663.4357907  
2051.134218  
1007.431381  
940.6834541  
930.1977387  
1435.09825  
43.10505892  
1065.941468  
288.3122537  
1976.859345  
1072.348878  
1925.403276  
2950.90487  
529.8867947  
2304.262437  
288.2432888  
1884.227369  
125.4228693  
221.2537593  
109.729166  
839.172233  
546.6006217  
676.5281366  
892.2108166  
528.1955865  
357.0518139  
558.6948229  
273.1869819  
1667.838741  
1104.704361  
1256.077774  
339.676253  
68.82169983  
634.2873671  
644.0682736  
2736.695943  
2076.48494  
3972.298725  
1923.37926  
1362.028877  
2652.207701  
816.2642112  
1692.502662  
6265.13756  
4428.288525  
2152.276169  
1143.819518  
1806.340845  
195.9175328  
236.2826293  
647.8201063  
943.5774985  
4307.089569  
46.31183952  
1360.071897  
935.1757315  
1896.971478  
16.85568318  
661.0201282  
490.1068969  
731.418376  
27.63499252  
800.0087377  
359.0090127  
441.9142089  
100.28935  
437.9056855  
197.0373175  
289.1478711  
1226.64119  
309.6868878  
684.3020132  
153.3693547  
425.3149404  
329.0274941  
676.7717533  
351.6678899  
60.51826813  
113.3817037  
533.9314232  
360.9225221  
77.79678655  
242.2656634  
278.3910918  
466.432965  
234.9989263  
592.7769403  
530.4736633  
142.479788  
465.937121  
12.90172303  
255.8746713  
93.82847016  
216.5831724  
1224.874558  
56.46801941  
210.4932801  
1201.593759  
205.597555  
7.456137218  
708.8069369  
222.0394023  
19.3968284  
264.7452146  
232.2299092  
85.98736922  
572.6262806  
293.3517071  
162.999107  
208.0965627  
31.92594159  
227.9654898  
304.4162663  
209.6417322  
102.2522419  
678.6647395  
215.3539427  
10.81616753  
66.17368002  
129.1206269  
574.1359263  
40.26366156  
94.32463917  
521.9415283  
273.5345131  
293.3366883  
172.784866  
47.57307164  
106.1603802  
480.7180338  
83.76039976  
350.4123289  
143.0880206  
694.3740695  
496.1398927  
139.3345256  
439.1092338  
884.4392475  
358.5257243  
129.7616068  
74.5274881  
175.5865662  
133.6493394  
374.9205879  
110.64603  
55.03604324  
212.4243983  
212.5065545  
57.98122889  
106.6852827  
4.551229766  
182.9174335  
45.74979109  
434.8601289  
245.0946223  
253.1782549  
764.4275428  
137.7318785  
628.5464885  
122.8232505  
565.4631147  
280.7730987  
47.9377101  
101.3278391  
156.0724565  
51.72806467  
984.2468826  
513.5203915  
89.23334095  
64.25645921  
65.108877  
371.7917015  
158.3333683  
414.5208738  
2271.870857  
251.7842721  
115.9295333  
1999.056441  
52.07795698  
138.3293861  
129.6957113  
2292.803519  
243.4956495  
281.5910214  
93.09796184  
3.197934642  
225.7289085  
1326.984248  
53.60642249  
615.5727018  
55.51165511  
124.830757  
17.0351558  
140.0568052  
56.61422836  
184.7313749  
146.3953072  
63.0221199  
769.234314  
172.6779661  
792.834513  
378.1056967  
3.406272612  
2.062195972  
42.39538806  
134.0433954  
46.11712074  
349.3003399  
258.9114618  
9.769824765  
14.92339429  
91.02962697  
118.0215861  
180.051888  
625.0037387  
363.1515316  
30.82297134  
567.5339855  
108.2818699  
15.9863148  
55.62309152  
