4.45456966  
19.9828136  
2.164224282  
47.76690686  
263.675574  
175.8708565  
157.0953867  
105.2924361  
1360.003627  
775.4642063  
175.8533503  
436.1346812  
87.9577953  
481.5393836  
511.6316746  
1138.190253  
76.20201989  
168.6400748  
314.707876  
262.5864157  
1055.543457  
835.0127496  
1385.383481  
1497.754843  
1067.671115  
3788.901598  
434.7138735  
1025.235523  
831.3602821  
988.913638  
1105.247697  
663.5834898  
572.2643722  
878.4696424  
854.6467997  
1570.834625  
1048.463141  
2199.550545  
32.82725844  
865.290604  
2411.65605  
2083.563959  
1574.699102  
745.6927894  
219.744464  
5005.81702  
1486.676539  
4505.562871  
3791.07662  
571.5451015  
871.1425524  
1282.380628  
788.7017971  
2433.089208  
3341.760681  
112.989087  
1215.730462  
250.6445485  
294.450646  
586.9907067  
801.8916448  
1598.62137  
4099.294596  
537.1662888  
22.88594007  
426.2825292  
1903.209533  
1126.15652  
374.3228148  
1424.213776  
2931.872301  
589.4045684  
1425.892807  
751.1124855  
924.5820956  
7574.27147  
255.8269704  
683.4639223  
3664.914111  
3534.09084  
1136.751486  
148.0352902  
535.2517694  
1002.151812  
1174.792127  
2698.113256  
46.95748499  
662.8092162  
750.4936444  
502.0137559  
1410.69259  
619.868129  
108.025756  
2421.183894  
354.2664791  
172.8289158  
519.8192072  
250.0201133  
13.08339666  
6378.962338  
3502.258497  
1409.882818  
2080.907033  
3244.464764  
1499.972365  
2020.396535  
578.8951167  
2558.081585  
6068.12376  
3451.132472  
6927.427015  
4382.353683  
9126.683492  
8894.190736  
834.1302979  
2689.57334  
1149.181016  
3216.408601  
7979.281469  
350.0737063  
411.652636  
90.60879309  
4940.215775  
284.7825866  
177.5263126  
943.910309  
2479.489273  
1655.505027  
1044.398177  
1138.533076  
75.66506052  
2230.778326  
2991.515636  
1548.327082  
258.1665101  
3492.614689  
706.770764  
113.2202722  
227.267433  
1621.634801  
668.2159453  
1287.058707  
2476.597735  
606.5947827  
3900.3239  
123.6669306  
317.3432368  
1692.458101  
752.9403391  
420.553022  
1505.512763  
67.18714515  
269.9421383  
352.061082  
263.7155011  
527.4841281  
1000.083898  
1086.30722  
1329.658359  
620.6524913  
1898.879227  
0.4671277422  
945.5076435  
493.3068098  
734.9931076  
127.4136558  
455.486688  
3279.098058  
647.3996327  
510.124784  
969.0991101  
1223.031699  
15.69741546  
112.737435  
1021.364703  
782.617381  
746.9351028  
512.3563116  
84.65095841  
181.3767854  
621.7650392  
648.6202568  
388.3477206  
52.52344423  
445.484457  
304.1388836  
591.1171903  
709.0508183  
989.7008808  
14.40723907  
307.9078638  
276.8406591  
824.7763969  
59.72679282  
81.31240427  
1141.198039  
323.1077137  
137.3205608  
543.819907  
95.57154921  
1028.228109  
79.86027658  
595.0593485  
1704.046489  
332.5486734  
406.1393156  
674.5541388  
580.688652  
1192.596446  
95.22620176  
99.21986569  
84.02163308  
262.792357  
41.48269078  
190.8787559  
150.0999323  
98.66049025  
418.8123793  
467.9638953  
68.76334258  
496.4989017  
385.645821  
352.9847282  
200.5886728  
59.84373625  
703.0083984  
142.4557798  
347.241878  
295.1283761  
154.7255737  
1312.507346  
331.0378329  
8.472051279  
15.22150548  
13.40604756  
233.360095  
51.49482568  
23.34080851  
553.2227813  
267.9307409  
163.487492  
283.5143454  
261.2712987  
357.4402178  
45.92262807  
454.8101471  
462.2352018  
274.3953354  
210.0067996  
51.48717719  
676.2603043  
145.8501565  
95.90743827  
907.855093  
1233.793912  
320.4033419  
225.8524334  
69.3800744  
533.055001  
65.6149082  
70.23090699  
368.7878799  
456.0193829  
252.6405826  
86.13492292  
20.57448426  
109.315164  
44.4882441  
129.0633889  
627.1428418  
82.42465403  
334.5886117  
131.334911  
196.0326363  
263.1822886  
8.715712492  
451.7047292  
36.02931433  
174.1803019  
14.63525447  
69.39417573  
0.459649633  
81.45826059  
2.994769644  
114.0241669  
15.48533363  
236.2322875  
100.7673649  
74.15285517  
71.94501538  
51.46194414  
383.5333199  
46.61498477  
78.60341285  
399.9635666  
