0.5865805055  
29.77917859  
9.874350661  
245.1762432  
449.5040803  
209.6159695  
5.760968773  
69.27877919  
2212.324746  
826.9677769  
1190.562269  
4028.874756  
414.9936794  
352.000152  
2086.579637  
919.8850493  
3.148491839  
1802.910544  
213.215249  
760.6459109  
403.3826164  
218.1366377  
71.27038899  
608.4202544  
1093.175918  
954.3152092  
350.1561586  
2847.640026  
75.45098143  
491.3373673  
667.3755158  
2295.788239  
881.9689606  
8836.004229  
163.2390594  
642.7088115  
416.822895  
535.5440545  
520.5152353  
907.672164  
2930.535153  
3923.503254  
811.2295511  
209.9745545  
4651.712241  
2923.04829  
644.252282  
151.4384214  
3624.081157  
942.8538098  
345.381294  
1559.222649  
135.5154006  
239.2574721  
504.6924084  
1880.147274  
3934.562968  
1139.616941  
590.8649847  
435.6902445  
621.4788103  
366.2569202  
2046.766208  
479.6815498  
1235.530237  
250.8951086  
152.3237514  
273.8285736  
33.39304657  
1653.099213  
813.8618206  
632.7190472  
110.9265022  
1583.326646  
469.8880337  
1339.339895  
1599.539096  
551.2884312  
698.3588283  
760.8363246  
95.14269531  
1472.42816  
827.8390252  
1556.6238  
461.2001922  
1681.513288  
642.5150146  
4553.417279  
672.4871322  
1708.327676  
671.7093777  
2944.78714  
3705.287608  
2770.010056  
754.8126481  
1883.774569  
2815.227473  
3627.72722  
5547.790924  
1843.972401  
2960.240331  
7767.444785  
6747.470993  
13513.07993  
2450.887583  
18542.95403  
10349.77775  
6159.693376  
9252.40781  
25050.1607  
25683.97182  
37501.66717  
6978.479902  
18416.12874  
5260.963791  
6122.726306  
28233.99465  
25674.9226  
80230.0135  
20901.03408  
5638.71153  
3427.081676  
6411.81978  
13258.84029  
2511.478849  
4800.983352  
15594.57305  
2245.611947  
6605.55945  
1260.615211  
5885.65302  
10085.14109  
10317.93605  
847.04168  
9907.274285  
3258.417991  
6652.117635  
1514.493992  
2409.120574  
9781.867716  
4021.586032  
3217.230655  
1526.228943  
623.7766976  
5710.709177  
1210.122165  
2378.217162  
2944.317914  
2026.420592  
406.9407003  
378.0310261  
871.682613  
3323.368198  
109.0087367  
713.887578  
739.0975618  
602.6189369  
3072.938943  
511.0372753  
1083.023184  
1515.214949  
106.1407535  
1116.58868  
740.0804447  
2905.191886  
16.4478227  
62.44793875  
1916.440589  
2472.144881  
1227.701642  
1229.411224  
655.2566598  
256.7499599  
113.3511775  
38.02512553  
615.1301742  
614.5951047  
80.49016085  
1417.962827  
438.8585318  
292.6287938  
2967.966467  
1120.954356  
425.6811865  
654.6410589  
1070.953596  
521.2789894  
1195.373421  
795.1134883  
383.9957186  
312.1310471  
1.07263603  
1123.807572  
2000.600472  
252.4443453  
311.7484417  
1532.187751  
510.0433546  
247.9590313  
197.7571978  
526.4878259  
225.3721693  
222.9157051  
102.658789  
27.43845223  
143.5373957  
172.3720422  
1070.628488  
58.44278219  
143.1309788  
818.3686062  
496.5566437  
635.3740081  
447.6806541  
516.0178908  
888.8153104  
313.8086348  
896.8591522  
33.24924977  
221.2140169  
184.1524953  
804.1633106  
1290.573415  
590.345314  
155.7281563  
290.8190619  
339.5015855  
189.9769884  
218.1945474  
85.16128882  
638.5249598  
394.6455311  
861.946805  
181.7402583  
478.2375372  
371.222427  
285.1287289  
55.0784869  
436.6910068  
367.9536714  
424.9634985  
422.4136469  
251.9985722  
715.7371206  
154.1078202  
152.1718065  
103.1021408  
287.876316  
831.0709563  
531.7157099  
17.55600051  
2651.316149  
95.48194067  
36.4420795  
60.4404938  
2248.108547  
645.8679061  
252.9145231  
1007.81021  
84.05594257  
27.03135901  
1060.973967  
322.9292247  
2456.85734  
338.1654454  
469.8356251  
17.06345036  
462.4006397  
751.1324828  
568.3870092  
1851.515153  
1379.16308  
421.143805  
108.9024954  
897.4815609  
199.8107926  
372.8155774  
256.1166292  
953.1378109  
483.8616836  
312.4909834  
556.8137004  
373.6055224  
21.32814029  
92.66542714  
145.8811969  
318.6943232  
127.3600105  
229.7254341  
625.3874062  
171.592608  
630.1472592  
3.084302241  
110.0087409  
18.7558798  
