249.6056004  
53.56933819  
364.4058235  
406.965219  
419.1987353  
3543.524132  
2995.169017  
3989.221349  
6418.061498  
5201.10577  
4594.119704  
5559.758579  
5457.308627  
461.6765625  
9038.877692  
2923.956275  
3386.446003  
3752.847756  
399.1309369  
7726.148641  
5098.478383  
2319.053562  
1756.808528  
179.9138062  
7574.267846  
4154.434019  
7491.369245  
2987.646221  
3689.091439  
70.33691723  
1055.376887  
4008.804151  
5148.172841  
6295.68261  
3097.833857  
6431.738734  
2041.155609  
5808.742725  
386.2145273  
92.00907369  
2384.966925  
1025.641526  
1368.650263  
447.5609136  
242.5136294  
104.6585324  
2091.619455  
917.2349737  
220.2887623  
905.6372869  
130.3328147  
1302.082867  
534.6912923  
186.2387496  
325.1125934  
370.7162853  
2398.146147  
2092.772497  
71.82760648  
3735.895388  
757.0432066  
190.8425559  
1.5202379  
1498.828502  
997.549541  
255.4676661  
27.67954028  
764.268889  
15.39760606  
54.90711822  
24.72333171  
1025.01647  
1095.093429  
1260.191945  
1119.266222  
4919.199465  
82.03913103  
274.7887228  
155.9089431  
30.13115697  
576.0261232  
1271.795809  
866.7533585  
73.43693651  
731.1857934  
124.5312591  
296.8709386  
1024.970045  
0.4170542977  
1368.453068  
1524.043403  
532.6455649  
2789.786308  
1247.828484  
886.0421797  
1012.886436  
710.4486045  
2912.982716  
756.2760678  
632.7589505  
2065.686562  
3154.159096  
1160.526642  
6719.311981  
1512.585157  
6875.495213  
4048.246412  
2480.054401  
3455.917286  
5950.164957  
12064.68058  
19631.42723  
568.2126443  
11179.14629  
3723.664143  
2705.9288  
8969.941999  
17551.0631  
24822.51014  
15193.20399  
6774.771478  
2823.661249  
692.3453819  
3327.734263  
198.6394609  
678.7374443  
3641.238897  
293.2592696  
5045.34604  
46.94767283  
1415.940852  
2932.602851  
3143.419637  
792.2995244  
2941.260031  
276.8407057  
4255.661956  
282.142932  
345.4005184  
2533.572622  
2759.884248  
3659.627824  
1441.287141  
523.2942856  
1383.806095  
1704.515308  
420.1510642  
2383.706708  
193.5955273  
804.3325129  
172.7658622  
896.873605  
467.7490776  
257.2092004  
366.4302475  
76.71234149  
420.2515314  
1389.672472  
155.2207331  
1198.926986  
157.9296565  
425.0193889  
360.3866168  
224.7053153  
725.9145011  
85.99349008  
118.8168361  
666.9103617  
184.7402072  
453.2061808  
116.513816  
1120.436058  
124.1130984  
201.0225218  
39.85176699  
987.525458  
143.0594719  
518.3995373  
1393.205245  
45.97493909  
409.4317501  
980.5025428  
260.6161342  
0.3906979152  
76.4293607  
394.7104866  
187.7885237  
705.9604081  
15.98856882  
87.87476517  
108.747769  
255.4228191  
527.1554861  
322.8257575  
10.69997784  
9.714526218  
693.7985137  
37.06428507  
469.8520943  
162.6652898  
255.0121075  
486.3460235  
69.73816983  
459.6132524  
49.81822608  
1290.559122  
708.4831062  
0.06617220873  
761.7218557  
153.3799783  
51.67093687  
537.07816  
216.3031749  
10.56082561  
470.211902  
105.0081331  
217.3263317  
840.930121  
15.32884853  
96.95100917  
550.6827005  
146.9008076  
39.59379757  
253.8632276  
94.04151133  
518.1617012  
502.9877623  
1765.450764  
311.8041688  
61.23449069  
9.779713137  
233.4553424  
1073.932791  
727.221462  
510.4167166  
452.0005025  
186.3536324  
94.55674424  
118.4555187  
92.75766826  
1758.398846  
125.134796  
4.065797646  
697.9134797  
291.6371227  
10.76781874  
96.85685563  
47.7387391  
1291.614935  
1347.353977  
915.1100476  
2590.615024  
956.9849108  
95.6319675  
660.8917558  
1523.800212  
1189.686495  
852.0004921  
1002.283548  
174.3626476  
281.4655851  
1619.483846  
141.4678571  
1797.385083  
133.2875249  
2499.779317  
629.4974911  
801.7183794  
1053.053352  
222.4484746  
875.5183691  
1593.924381  
1249.617232  
226.7638929  
1505.405357  
656.1941682  
38.9313413  
193.0629815  
666.6593516  
571.9272001  
51.12910748  
1340.862055  
472.3781913  
104.1000887  
23.67252754  
281.5977458  
529.703019  
587.0123519  
519.3056219  
362.9938475  
157.498907  
525.4065902  
232.9398687  
455.465742  
1027.18918  
