162.8690928  
121.2347823  
129.8528782  
12.2344057  
26.45566284  
1301.841621  
1291.553467  
4073.961645  
3178.812466  
424.7807587  
4513.628585  
746.0364982  
1458.043378  
122.5850257  
3434.003751  
145.4189455  
10.32993799  
2259.778294  
1672.833877  
3175.952664  
6529.454742  
1401.004994  
511.4193018  
428.9830497  
4337.117658  
443.5855766  
12725.83773  
491.6710453  
5062.191784  
3701.106242  
9243.911196  
2178.05773  
6206.542434  
1430.545848  
3384.388828  
1269.822918  
1987.900197  
14360.0122  
7082.174885  
1021.091754  
831.5640043  
735.2274767  
3389.320591  
1270.021154  
480.4262736  
466.5649275  
227.6036195  
5382.799146  
1714.32001  
8059.866995  
4535.512077  
1040.971157  
579.6074706  
1060.338056  
1232.188809  
1215.553392  
564.5347511  
670.9209147  
59.24335498  
2507.667924  
312.8591616  
698.6723813  
876.7789247  
1063.88154  
8.625865631  
1218.979294  
1132.574603  
1984.013376  
433.8522748  
456.0127568  
781.9576774  
1037.643135  
3201.788991  
645.7357336  
284.6813675  
504.2760701  
288.604256  
145.1988164  
2259.468034  
596.3374072  
565.4481565  
1479.078217  
465.8063486  
79.95619175  
1716.408811  
345.9138497  
306.8357243  
459.7258124  
317.9424066  
1236.524749  
773.9698253  
312.921282  
3335.036682  
3844.574153  
362.3531793  
2750.837023  
723.1005681  
3570.858872  
55.5929073  
1138.836684  
3774.026712  
45.28840476  
1864.604954  
706.4458463  
757.08046  
2245.200114  
3093.873557  
3780.914026  
728.6199044  
3572.349852  
10946.36071  
13094.24477  
2213.826935  
4131.092113  
796.1338757  
2348.708478  
7505.935933  
3062.020396  
14301.36152  
1101.254533  
26.50283717  
328.6305574  
920.3104225  
3100.622679  
2.548401482  
1437.575633  
5678.506643  
1005.315569  
723.1438072  
461.8377856  
2360.377474  
2272.342196  
1277.818645  
509.5057142  
808.9210281  
1.524040652  
710.6447282  
144.4866608  
150.8451068  
748.8853786  
872.3295119  
846.0745605  
21.54438173  
273.9859395  
442.9790172  
179.1448157  
49.86934583  
780.6646723  
462.9562347  
66.96680239  
180.2342645  
368.9855999  
848.5771203  
197.799966  
161.6482759  
195.4712701  
1495.63564  
146.5526557  
6.903047778  
50.07339803  
263.0405885  
401.9296104  
198.9044378  
9.077873069  
88.97679701  
1.554667177  
181.1092355  
463.5227775  
104.8681422  
43.29593046  
175.1069003  
107.6927691  
220.4406923  
154.7777401  
550.8658582  
1070.921925  
225.3429139  
12.73849147  
94.19494306  
451.7258891  
19.23936037  
75.31588641  
539.5131057  
99.64461828  
312.1092561  
366.4898453  
294.8211442  
122.6057024  
23.18109942  
268.4123557  
4.575443029  
225.0253064  
119.0631104  
127.9525218  
56.97838634  
78.32480928  
177.2835702  
138.1841127  
548.2566961  
463.9813683  
233.4039218  
58.8527857  
39.00246647  
13.90678073  
170.2384098  
190.7994552  
749.0151803  
208.133078  
623.2349128  
19.44457947  
277.314816  
598.6490353  
227.5582634  
296.5682041  
567.6024827  
56.81811279  
176.8986448  
145.8754957  
528.8642295  
57.98236884  
931.876665  
346.0046918  
1061.292744  
67.26783802  
80.80415251  
48.47499458  
1150.695901  
772.3622639  
743.4676727  
650.7538237  
118.1664408  
172.9454894  
2091.438345  
2056.698846  
228.7289358  
1353.771135  
738.2785166  
116.6839016  
443.166409  
169.669237  
998.8647281  
51.48619714  
683.1887493  
397.7877623  
140.3190512  
190.2052289  
501.5481349  
248.0061738  
703.6758589  
1590.234723  
1025.629403  
2499.823891  
48.89045234  
76.71229419  
64.41313984  
795.408721  
71.58833016  
93.15034643  
634.0593148  
968.3438104  
430.8333157  
616.0153315  
70.76408023  
539.882599  
107.5519312  
243.7849709  
82.19304481  
163.9308451  
573.6224131  
370.8832854  
453.8568258  
415.3386629  
842.3116517  
187.4467899  
565.6477564  
209.4980823  
248.7536158  
217.6905422  
90.85029262  
1079.757572  
300.6427537  
24.89133176  
134.2369438  
11.9972335  
97.36352374  
14.20065352  
13.25575154  
169.5506309  
195.5744891  
102.2220589  
15.67580648  
416.027741  
196.9014191  
1.717934802  
505.0087  
