13.21953787  
165.6467448  
631.9389745  
119.5729761  
143.3043682  
300.7749177  
2477.714811  
1001.777636  
2140.247843  
604.1658525  
313.2310363  
1575.344775  
2992.047395  
557.2955846  
537.6781342  
2040.624109  
6618.792232  
1552.234303  
5080.37555  
4071.329015  
7159.166008  
7333.275662  
6414.287629  
1995.422056  
6762.545682  
10945.85043  
4470.171172  
6317.063943  
1258.662175  
971.440879  
2205.164331  
7659.189952  
8544.889075  
14075.06242  
5299.706644  
3375.021858  
3431.11136  
6093.746428  
183.2210565  
1262.288413  
34865.0411  
1472.906266  
12883.09477  
9744.82287  
2824.356449  
8267.135765  
7145.599822  
11517.79368  
5085.339185  
1623.795808  
3785.257883  
2122.3952  
900.6064513  
2846.725038  
172.7405664  
1832.911963  
5597.340673  
831.1951809  
9451.486791  
656.6212681  
58.60835451  
1061.205022  
610.7011924  
767.2366041  
84.66421694  
192.742709  
623.6902915  
1299.51529  
65.14803815  
477.6198384  
431.7587339  
497.1091209  
856.0383885  
571.7564564  
389.1771853  
6.278641533  
1471.518273  
437.1289259  
518.8578228  
161.8076218  
24.6866362  
522.9174343  
132.0222151  
3544.244666  
449.6081959  
28.79184326  
1794.587723  
313.8841259  
313.7788048  
848.9841545  
594.648053  
1520.59879  
945.7468383  
315.4382007  
509.0735099  
1098.06968  
45.27666585  
514.5316532  
1143.825725  
148.0156774  
1442.932928  
2241.386737  
1224.392683  
966.3264984  
30.13858964  
2262.180107  
348.2984629  
2231.689297  
158.687178  
2201.24209  
2364.89974  
249.5641717  
595.8796123  
1052.480358  
10.54329448  
189.0007511  
1163.595901  
4118.452653  
2171.58529  
324.7152627  
191.9376376  
36.96282065  
610.5123463  
168.6723449  
58.61110366  
195.0230708  
315.0251477  
124.1053481  
562.732472  
274.818001  
45.8024786  
709.121369  
293.8340613  
889.4750554  
94.06133748  
573.9979819  
38.57604088  
426.7239237  
92.5630706  
58.29959415  
183.0474618  
76.28025914  
240.2565524  
2.770698511  
413.0489688  
618.8308561  
580.2865034  
215.7095042  
787.1873025  
58.17509205  
485.3302867  
32.04888449  
255.6699162  
66.81130487  
440.1971055  
201.1314365  
780.5740011  
34.4729263  
420.9217577  
592.2510524  
799.8128567  
201.148357  
1173.212889  
86.80957289  
205.6540549  
673.3221128  
288.7060782  
387.9379104  
571.5771278  
100.0647275  
85.25806367  
356.6340093  
23.89374644  
279.8226606  
34.67927153  
324.989903  
364.296465  
62.68309202  
190.8068356  
410.2803423  
252.0747522  
108.1226668  
503.4182866  
414.2139065  
445.2246907  
13.37036837  
403.7352794  
586.4737559  
27.15643416  
5.020446043  
429.2955288  
452.5216883  
475.5464012  
226.9123454  
611.9318605  
129.1550743  
196.3766667  
201.5499318  
153.292976  
390.9754865  
118.1330672  
90.6079115  
35.29652646  
165.2687329  
10.24662144  
275.014637  
193.0758302  
279.706687  
72.18410041  
438.7897663  
262.1336808  
120.5126553  
1189.683879  
577.7851745  
443.6176815  
119.304338  
112.7986273  
612.4840898  
269.1382313  
105.4270211  
182.2460068  
327.5738743  
210.2589899  
194.9095269  
43.59847467  
108.3918632  
111.8523163  
111.4836364  
281.5024287  
67.64822823  
289.699925  
303.5238477  
798.1781836  
30.929018  
145.2794827  
730.4419441  
130.6280158  
298.2856763  
384.3627118  
108.8042553  
92.09041127  
220.7840497  
61.31591905  
376.067486  
46.23436173  
3.714720987  
109.694067  
337.0016714  
1346.990691  
161.147826  
727.3685557  
1188.866887  
7.059799571  
50.18464509  
136.3340264  
1019.489945  
143.6100434  
234.3542766  
609.5268931  
91.94877324  
78.74273595  
1264.404363  
230.0424772  
266.0636482  
103.2226188  
1147.648749  
140.4391169  
356.9927165  
365.3854798  
3.411789308  
68.21351026  
422.5477255  
531.6484162  
78.59703795  
333.9777037  
485.1060557  
461.6415598  
175.0068526  
332.4252755  
80.79065752  
39.93869122  
138.0440531  
399.2012149  
64.63024975  
123.4691404  
123.9158252  
84.41038807  
157.2488603  
208.1275525  
248.1766818  
65.02169498  
64.66063645  
16.48647879  
47.15841627  
255.8879049  
