90.69636813  
35.75585113  
394.5915033  
60.05428935  
229.8580076  
337.5726025  
3682.194261  
379.7712528  
1675.937513  
74.56201608  
1201.606047  
152.6872853  
2072.465957  
1661.174945  
3824.154542  
268.3830435  
1014.13424  
1823.277305  
574.6787117  
2321.688989  
6769.117557  
757.7068711  
7858.78859  
1010.336485  
1845.250679  
1841.821466  
4042.780737  
6096.914113  
1028.808813  
2671.180376  
355.7113031  
1698.754364  
12153.04165  
6419.271604  
3455.357607  
6354.189088  
6258.673397  
7867.405992  
476.5633958  
6350.013243  
22621.47885  
1468.381102  
8004.259948  
1526.941857  
1974.432424  
3160.249491  
1281.881188  
566.4385572  
2409.981568  
2397.477579  
2013.974068  
7082.800593  
6461.7456  
664.8534582  
835.2935557  
162.2824376  
773.3809951  
3234.822785  
4681.07739  
228.6949885  
1022.950002  
247.2364257  
680.4432041  
305.8303906  
1335.90462  
624.1545065  
907.7135046  
1586.828945  
4102.041123  
427.4951907  
798.4448845  
175.0682474  
2838.358683  
536.2577301  
2316.701696  
526.144123  
674.0234472  
587.0555909  
1034.042093  
204.7362792  
770.7533804  
817.5099132  
157.8318772  
39.70219602  
185.4445375  
1521.351462  
1439.034206  
84.47014916  
490.5923744  
101.6151461  
102.5087439  
644.5675346  
352.2453233  
2663.110427  
90.95799825  
42.09397678  
2255.940557  
612.8458787  
2229.158845  
418.5362478  
185.8192556  
609.5067147  
910.646513  
742.7240252  
1205.608284  
819.8455945  
1376.221217  
894.5349174  
2175.212346  
171.8713086  
379.6450215  
3827.09309  
11.52667737  
7116.537729  
1155.554664  
1675.983525  
5151.300602  
5230.552551  
4880.046485  
84.66572804  
180.7987988  
359.1603521  
797.9771119  
1838.007673  
188.1210133  
361.7964307  
464.7623063  
47.12436505  
337.2548589  
154.5719427  
891.4415349  
59.33406605  
985.1427881  
136.0420533  
175.0851616  
48.00550162  
192.7621917  
33.6464492  
213.6042802  
563.2942974  
144.2823833  
223.3716143  
27.95586116  
6.970910755  
200.3318996  
397.4551985  
304.7470542  
198.7447533  
463.9902024  
99.51024611  
25.42234724  
130.4094727  
243.3063984  
515.6450464  
317.6878722  
479.0745692  
90.41424652  
459.3269772  
134.3891484  
468.3216816  
467.3183656  
95.15988922  
231.5202879  
138.4679487  
20.00322609  
91.07997111  
375.0261199  
23.02664956  
152.6687391  
18.21968514  
28.66331862  
65.74150256  
157.0759596  
327.5022903  
129.1854381  
45.51042507  
359.309425  
189.3992727  
135.9745115  
87.21740048  
263.1559272  
230.2045784  
52.85541767  
8.164191237  
270.8495203  
63.97935424  
874.7190436  
339.1375138  
21.71557143  
145.3172164  
37.77654799  
16.76753105  
47.48657283  
213.5301295  
463.8079853  
91.22032221  
136.8447377  
159.2624484  
9.234860168  
194.4692458  
51.58571443  
251.8981701  
15.73739525  
5.557424959  
14.21006591  
106.0653973  
535.5055026  
49.53611212  
464.7153488  
453.5000748  
124.5723423  
45.4707515  
552.7143401  
141.1488477  
357.0516924  
82.45167137  
176.7561868  
30.02886074  
37.339865  
7.370205965  
682.6536003  
120.0133284  
157.9678252  
644.7501973  
70.62720266  
45.8606877  
112.6606323  
295.8710451  
441.962083  
111.6506391  
832.860074  
10.45889262  
128.0856288  
280.774238  
335.4151116  
264.3287991  
214.165178  
455.9541383  
95.66981209  
468.0069776  
239.6615282  
606.3876037  
383.994748  
310.3840108  
88.27434647  
93.75002921  
100.1382333  
28.72113637  
90.99418288  
111.4234769  
89.72812666  
1080.77736  
144.7361811  
23.53644442  
111.6213825  
140.7326243  
89.46862501  
57.63102574  
274.1637764  
38.41066068  
278.5999596  
287.4695257  
144.9941223  
1020.168581  
49.11024262  
610.8821903  
39.87365554  
196.2521638  
31.187972  
66.01561781  
279.0963749  
611.2889047  
123.7546365  
81.62109434  
250.0433247  
4.245234369  
158.440376  
35.03569279  
79.09302686  
3.625183486  
61.52614124  
63.76256106  
136.8318416  
22.16737164  
223.2228091  
59.0184951  
188.0781712  
227.0628675  
15.72047958  
13.25795832  
85.56802637  
41.28002096  
78.06136946  
154.0231448  
29.07196287  
