1252.387642  
67.92934103  
928.999332  
5065.685995  
3065.99905  
19518.03405  
9939.548648  
11547.18442  
13253.56836  
40131.08221  
383.3708729  
40266.23095  
6219.496337  
1659.865927  
18941.58683  
39615.50689  
6160.413283  
1086.682732  
14223.09897  
251.6310809  
16131.6254  
7088.136536  
6239.216146  
11323.23997  
20253.73968  
8445.184962  
20272.54248  
6615.214109  
9107.04147  
3532.877965  
11314.96365  
2461.261664  
10410.51289  
250.8924039  
12375.26334  
2960.635084  
3484.376503  
2939.367756  
3983.234756  
3882.941367  
10416.98512  
5777.836949  
10909.02547  
10534.69162  
882.2838376  
6010.280758  
16263.76735  
948.7407025  
253.2894947  
3458.18236  
3254.197655  
495.1621996  
1624.924212  
7654.48331  
2022.345573  
2249.772933  
6717.518922  
5364.412246  
4979.43771  
1886.501998  
1916.269584  
1083.271434  
9317.607748  
12017.48745  
1540.813003  
2130.909528  
11572.26606  
827.6661383  
898.2211097  
13597.4732  
2577.158782  
6309.847405  
866.7306778  
155.2747682  
5215.47856  
7796.030919  
8148.703758  
499.2398115  
10254.53691  
23378.28982  
20200.0835  
5871.127204  
3460.867257  
2898.521628  
3873.605006  
50302.02991  
282.9578323  
12913.7537  
18177.76741  
27301.44349  
41457.41717  
13336.83837  
37693.39778  
77111.97286  
18674.44086  
37104.03271  
25799.17221  
88640.97774  
49801.08357  
38043.57798  
73405.9264  
30613.24817  
66352.76093  
133601.2453  
55659.69418  
177480.0587  
61920.8193  
98901.91595  
111008.5165  
288010.5463  
486034.7671  
471415.3825  
47278.86082  
229491.557  
43055.65283  
143696.5346  
449243.0175  
205858.5336  
1056254.643  
261143.4952  
33141.89272  
44904.08402  
96282.01738  
153934.701  
3723.998814  
66906.17236  
141860.3451  
36848.69832  
65000.33288  
8451.097647  
83206.93212  
79355.91932  
131735.9858  
2254.338098  
153652.377  
15878.14085  
67097.81563  
29884.87182  
12713.09596  
94033.52879  
33347.59956  
11483.60277  
3543.011368  
5774.697024  
19078.58816  
35173.68979  
5763.5409  
19126.19437  
2771.96206  
6673.337256  
1092.340214  
23939.14442  
54811.69711  
8399.124572  
4.334180695  
9541.156992  
13004.4105  
18813.05391  
5372.110385  
13968.63366  
14104.32554  
836.6573918  
6590.945727  
11788.76987  
8505.917479  
614.4771503  
8544.314959  
14836.00239  
12109.84177  
3949.994714  
6852.979856  
17425.48696  
4991.518459  
3799.970723  
5040.123556  
13250.43961  
4276.681813  
2825.308871  
7204.591896  
1314.462744  
939.0754514  
21095.44659  
6194.895072  
1957.237275  
920.0808768  
6538.423551  
6090.627004  
3152.149113  
4250.228089  
4757.972458  
2749.631211  
307.2342918  
13426.45765  
5423.444705  
608.0505531  
1331.308737  
4802.20156  
4081.345119  
2711.200417  
12910.00252  
1377.616785  
772.4883316  
255.8515471  
2572.967076  
60.95634895  
283.5703883  
6437.424929  
2575.687271  
5156.976529  
857.1763414  
2438.272398  
1748.045962  
2218.743301  
14.58879293  
2435.512833  
23.39399046  
291.2416469  
221.8196342  
2612.631483  
423.3472391  
2101.806021  
4656.62349  
2692.824358  
390.6127946  
1099.361053  
5950.150963  
4625.204818  
1807.486107  
1477.223079  
574.3153843  
1885.13552  
1221.286448  
592.9872113  
1359.371682  
894.285687  
2361.33205  
3070.188197  
87.69387172  
1122.856021  
2990.506954  
384.6406687  
6173.540231  
3863.502224  
836.3097176  
443.2667006  
134.5574695  
70.62925404  
1956.558011  
1856.232729  
113.6377493  
2587.574064  
1795.823055  
4138.179621  
1187.985323  
3762.994798  
1377.262243  
241.0453251  
351.591655  
3105.951558  
686.805695  
1301.952453  
1163.622316  
2324.443209  
2335.316557  
1596.216293  
434.354565  
113.8576309  
488.3746219  
309.7109286  
553.6475036  
175.7726714  
5713.215644  
1882.242564  
634.4735364  
3805.648818  
1035.798883  
609.9052264  
1140.939131  
583.6167974  
814.4637569  
157.0366015  
236.7024475  
1195.312874  
124.9461848  
123.8465094  
2213.903385  
2255.45173  
1868.501855  
1484.369084  
267.0824875  
534.4058419  
255.4788726  
1069.685726  
141.0446802  
117.386981  
