90.05974735  
55.63806221  
175.039319  
88.92090126  
40.76766491  
812.5832996  
1463.422365  
2644.451998  
3753.786371  
2692.139933  
1450.65394  
258.5300384  
374.4064598  
366.0734685  
1310.448268  
3177.108929  
188.7070759  
182.517851  
989.6157118  
1670.309977  
4710.46939  
1387.883861  
7810.800502  
356.9718745  
6828.583862  
7521.584659  
1408.969417  
4225.194379  
1502.821321  
5388.163904  
116.7442853  
8332.913914  
9436.008459  
3863.862766  
424.4847091  
4293.288868  
1545.205573  
3300.709293  
4949.032859  
951.7999392  
3385.288649  
130.7015372  
415.2433727  
324.9349111  
386.4704473  
641.2854404  
2777.249823  
838.5449339  
1886.71038  
740.4498929  
2658.604151  
665.8041758  
105.4748634  
1438.840394  
1437.143013  
78.7103649  
2155.596904  
958.5147509  
2197.634133  
475.6527004  
1074.907535  
91.16180282  
980.154054  
1171.003868  
2492.079838  
322.15982  
1315.877599  
747.673517  
175.6812675  
79.35178814  
693.3541218  
510.8922065  
2013.526922  
100.5870706  
217.9459034  
344.3622027  
771.473571  
872.2296048  
872.5611593  
796.3458153  
114.8370325  
639.108343  
11.16634938  
419.7394116  
87.81058504  
2051.875675  
264.8685809  
487.9755532  
536.0874386  
573.0284336  
163.6133934  
49.55664771  
1019.452563  
579.4061972  
517.1895456  
184.2880469  
200.1404163  
155.3119685  
1673.156277  
93.48461838  
196.3657739  
728.7198249  
804.6327434  
70.9418323  
500.7734786  
199.3606338  
154.7518137  
159.5986321  
545.6836584  
688.9302546  
341.9070898  
1764.409304  
85.02203501  
1446.573237  
537.359032  
261.1957249  
1279.430091  
3042.21742  
2754.614039  
34.86834269  
323.2389647  
593.9592902  
355.800828  
1133.25658  
442.1264935  
1073.988967  
511.8324295  
614.13017  
400.192052  
452.0614407  
922.5515239  
226.8853764  
55.47168397  
110.1697274  
127.2979027  
354.6966906  
506.5419109  
595.7135748  
768.8886068  
400.9305498  
836.226777  
278.7051267  
39.21163872  
43.11020527  
392.4359385  
1085.803891  
74.91209681  
459.5692587  
637.6239693  
439.1124671  
99.76763354  
561.5633623  
21.89091501  
759.4852679  
21.59987656  
66.19043763  
116.4791634  
21.12493838  
287.239618  
86.70909154  
207.0167567  
427.3788614  
347.6260507  
606.8687719  
28.03291671  
338.1852871  
91.45780434  
32.09714799  
766.6685244  
19.37236622  
911.4814416  
204.5938821  
599.8367774  
153.3238292  
43.00317642  
939.7746263  
286.1561581  
261.6007907  
11.61777314  
45.05169296  
15.2147198  
64.95441694  
43.00546295  
38.54239886  
158.3940686  
1117.411146  
257.3024034  
358.4628195  
157.150711  
375.1799244  
131.8920615  
82.52549682  
185.6890017  
414.380156  
245.7793159  
33.49388062  
157.839539  
294.3580044  
581.4467224  
123.9514258  
213.792182  
195.2421359  
179.0294777  
727.6038096  
115.6341077  
335.7718491  
444.9355998  
261.6436188  
177.4293852  
6.898902949  
504.3304565  
688.3576219  
799.9782625  
59.43769231  
823.1844517  
455.9422236  
1107.604035  
18.26668013  
226.0481735  
505.536917  
342.1154706  
698.2745206  
737.7798768  
575.7796761  
44.45061444  
584.8993205  
2482.470444  
1128.075734  
249.4792452  
98.49145024  
446.3994763  
877.8415079  
2706.135269  
2029.015861  
267.6341227  
1199.626908  
647.8258738  
259.4470027  
675.8065336  
367.9682432  
1890.732622  
160.7141496  
152.2572423  
150.1018978  
283.8970381  
275.0414028  
1452.624655  
972.1257584  
970.3187713  
2798.155019  
3157.852291  
3792.749122  
176.5983398  
128.9372627  
400.5249565  
2592.572137  
380.5434314  
494.5220932  
983.0874414  
1026.722336  
444.1383234  
1684.910949  
27.46843606  
1570.961482  
147.3540337  
525.9414428  
213.7845311  
871.7224813  
1330.202936  
697.419232  
1270.672593  
2292.4737  
2894.433397  
91.23082159  
2450.623722  
264.759924  
138.2905096  
1269.33139  
327.1249105  
2375.630206  
388.7814574  
608.9124921  
1396.389211  
375.6709475  
904.7390257  
55.74083267  
232.8561241  
42.36321831  
755.6326505  
160.6501012  
3.628040216  
634.554346  
275.3561212  
224.4324396  
2296.256767  
