1140.113951  
255.6876613  
983.2612536  
423.7479303  
2887.668856  
8263.514664  
1520.481833  
1295.031732  
6225.846386  
17274.61086  
3083.32395  
14821.14783  
161.7974425  
4880.363308  
8128.307183  
15192.08602  
4048.728362  
132.5482828  
7311.056043  
3827.108216  
18504.26512  
4855.336088  
202.4602448  
918.6727396  
3000.226857  
9560.376773  
2893.271491  
2810.760035  
1314.305678  
3407.969344  
14657.85808  
236.821857  
2283.633856  
8591.569024  
1681.699721  
2390.958265  
5.902170648  
8726.466633  
4191.771712  
1202.835064  
4404.063626  
7163.968354  
16792.60619  
1348.456289  
995.6869918  
343.265893  
2722.249863  
5829.469834  
3712.163012  
321.2441515  
1649.71143  
1921.532538  
1565.704696  
234.5353711  
1852.106708  
471.3645961  
484.6387144  
1179.366561  
7314.873786  
3071.835537  
771.0837599  
3039.745009  
928.129315  
1926.649955  
624.826367  
256.1509954  
844.5616973  
70.10406576  
763.9548242  
518.2293911  
1571.124835  
392.3036408  
11.30866572  
834.2723151  
263.4703832  
343.9077917  
892.1152896  
1947.373072  
1456.9138  
73.31567142  
2174.674277  
1751.04452  
1764.499926  
367.4198375  
736.4604736  
1100.639851  
714.3002388  
3599.612147  
2750.441384  
4238.291656  
206.2001852  
354.2600725  
6083.898033  
609.4485443  
529.0530884  
2694.366896  
1445.102943  
6109.899205  
5412.155034  
3480.997548  
821.7092606  
3979.161404  
2766.446796  
3399.273494  
2960.687056  
9201.974465  
20788.37761  
28568.37789  
6529.398242  
5071.940773  
26636.94052  
40713.68643  
101.6346457  
26442.63666  
6022.160805  
45475.91001  
50164.29044  
49545.93124  
76767.36815  
6525.556928  
29096.96006  
2780.984243  
8553.165982  
18835.01655  
550.4962791  
10052.76414  
7044.253477  
457.4709762  
18781.02818  
3053.306656  
6766.674642  
5561.071307  
12441.19453  
159.556807  
12808.65744  
3505.414827  
6413.003801  
2226.046691  
1927.53738  
8665.314899  
5367.105124  
3191.728231  
3489.139051  
693.8608999  
958.0807373  
4492.222141  
1286.48039  
4643.94339  
922.3145745  
1371.993446  
496.3200246  
3680.634491  
1766.114051  
1313.14264  
12.18691774  
2359.65387  
1041.982392  
2933.686423  
2850.17434  
2585.558976  
1515.234491  
402.6611489  
1836.920301  
456.4152239  
43.66045814  
609.2055431  
2297.747232  
251.1492248  
3491.540395  
125.778423  
2120.377003  
613.8205495  
230.3692072  
2289.666909  
280.4111473  
1745.929422  
792.3959645  
529.6605092  
914.308089  
145.5910579  
1046.232758  
4885.068228  
1508.61183  
158.51294  
6.085805309  
1173.629406  
341.137745  
1699.225513  
374.4751207  
212.0592967  
560.7203145  
281.5038495  
228.4374237  
402.327312  
184.1627737  
42.34033851  
551.0077071  
550.6671077  
29.43890546  
230.8392427  
3.5884833  
143.6468766  
446.2853718  
36.79929483  
318.6437662  
254.4290667  
184.7323109  
191.0671086  
289.1949229  
228.978248  
1050.218956  
711.9148812  
808.8653641  
208.404284  
33.42349  
57.34022054  
28.36392779  
34.92691946  
263.292381  
156.7925226  
95.44103924  
331.4125588  
485.6275975  
423.9455424  
494.4470131  
243.5826958  
439.7284724  
73.35786242  
237.2395513  
178.8287883  
229.3219329  
318.8383404  
282.8098579  
39.23654636  
469.1090307  
49.10869172  
191.8833308  
103.5601905  
306.5998582  
155.2821726  
159.9253833  
48.33594292  
45.69394212  
77.24947633  
33.00453515  
107.616603  
45.22425158  
207.2073647  
102.4253938  
74.42595402  
14.62586756  
97.58261102  
140.7332223  
218.6406207  
82.8002184  
240.8066271  
316.2929391  
4.061371823  
168.6283146  
41.84264645  
61.4438096  
15.68483969  
68.25766569  
40.21827352  
37.88668404  
29.61685614  
144.3210554  
8.135123184  
36.03205593  
215.0076479  
140.5677194  
26.53489061  
29.44084833  
160.955728  
21.9608727  
173.3401507  
158.1258278  
64.61947214  
241.3876771  
471.2875158  
15.26920819  
19.11472201  
59.80216648  
67.56817443  
66.13742049  
75.68188019  
195.7366362  
178.952503  
78.17991535  
619.7101324  
93.34099027  
851.1956501  
62.43609356  
235.3665618  
129.8576869  
