410.2441838  
113.0969798  
703.3145529  
550.3304977  
2058.499102  
1960.866577  
3462.918767  
558.751222  
936.6848539  
1874.771655  
274.1019137  
3528.345622  
585.3618135  
6039.078809  
3175.320465  
1079.800066  
5668.515878  
1345.493213  
26.63251934  
9176.214193  
9706.911264  
3639.820268  
1373.10494  
1071.439308  
1242.992507  
1294.394641  
2635.902242  
10802.89666  
6956.781315  
4728.374983  
30029.6158  
17117.84748  
6382.503655  
43587.56724  
4197.317168  
2240.029237  
18470.75311  
15309.93253  
1315.325587  
1227.583641  
29010.41229  
24276.19105  
20399.71417  
5529.678322  
3458.110946  
2253.220346  
7253.17867  
10139.60239  
17009.47231  
140.7184502  
97.42275299  
1444.352725  
641.1288362  
1414.400035  
2080.092521  
648.8592596  
8550.067369  
790.8472554  
3094.660066  
1672.604251  
674.2065058  
1486.725921  
767.6584237  
349.2740275  
1075.699451  
3018.179221  
1126.003356  
674.012187  
1188.553436  
321.2393833  
1393.304475  
1213.919998  
184.9120338  
814.0399121  
241.1242063  
2202.608318  
152.0189758  
519.3518082  
451.1589647  
718.6464909  
939.4873772  
326.4266578  
19.10843562  
1051.623891  
837.9845112  
52.35244794  
548.1756972  
4483.617583  
980.6349676  
198.887691  
3840.59725  
506.2507507  
1441.927217  
614.9642759  
6.287976181  
482.2294774  
93.03270375  
44.18839671  
1349.532769  
756.6252262  
532.0912667  
1590.928756  
0.9443336339  
973.1143003  
2232.494006  
905.3662909  
1555.909055  
314.7479748  
1186.796084  
1881.277943  
163.6368081  
4078.095334  
2755.340858  
1460.070358  
2533.831068  
1216.515989  
379.2645419  
90.68756245  
1782.429224  
433.4202695  
236.5182499  
169.7825544  
37.14299511  
98.04289969  
901.092008  
743.1906747  
486.0561831  
264.6700184  
543.2616178  
802.466444  
64.66811797  
78.91981472  
87.94243419  
218.5448086  
1081.732475  
306.4665571  
489.0178776  
589.815747  
122.908446  
103.2293788  
597.3249926  
397.445482  
210.1131275  
16.30635883  
1308.624011  
37.45216529  
1054.317671  
275.0904233  
185.1365833  
327.9570181  
276.4440283  
320.3445409  
127.8965604  
475.9248496  
475.6073809  
292.3152712  
306.0875097  
115.238802  
657.0915428  
235.4150672  
167.7514893  
368.8555867  
108.4093839  
364.5517874  
105.4059336  
41.89895613  
324.4977499  
207.7324023  
90.10532487  
88.76436313  
282.2677486  
347.0504282  
790.649334  
366.0948146  
328.5510969  
373.6808356  
174.4736546  
51.43447334  
74.34054691  
324.3079983  
155.3195291  
224.7188019  
78.84946653  
22.06906494  
214.323407  
64.25043298  
472.7048033  
195.8382778  
18.16494711  
230.3627433  
643.9416746  
22.3882471  
41.97940437  
100.4404727  
71.76287674  
954.1815096  
116.2199493  
178.095153  
94.66868897  
137.6054999  
73.29728277  
54.77856357  
97.81889555  
51.4402401  
36.13149353  
240.7911464  
228.7829419  
317.7996985  
82.04763362  
190.1020479  
71.17906392  
98.86239007  
342.2316448  
132.2872804  
191.6069508  
310.9509085  
8.468089559  
113.2033675  
141.9526299  
378.0796205  
120.5597105  
170.7083097  
48.4937013  
341.1128741  
178.2701147  
13.19279092  
204.0747008  
54.51301148  
204.5739857  
20.63725319  
154.2668915  
322.7986211  
27.0069636  
37.28136137  
43.18329179  
31.44143203  
6.136612465  
193.7998122  
39.37843492  
73.75115724  
129.8432877  
71.33847363  
59.2908553  
98.28691204  
4.317742521  
91.26032162  
24.91419453  
22.10098553  
184.43782  
167.6721826  
34.65301796  
598.2147728  
38.25506487  
69.51867015  
119.2878779  
88.19378989  
184.0847302  
133.2314061  
113.380317  
44.49095394  
71.56633681  
379.3905289  
29.72194595  
76.81565265  
25.13540752  
944.426622  
259.8734284  
175.7442088  
2.10067572  
102.0537114  
299.184277  
42.22150458  
218.7398689  
77.99549764  
248.2915356  
36.83169376  
105.3080234  
26.27683252  
40.97860986  
83.12540686  
2.364148082  
51.29103358  
32.57816606  
29.66677159  
143.8018047  
70.11243852  
3.986504276  
36.98703704  
44.3210787  
39.6099658  
16.87201768  
28.71486072  
131.1064422  
39.81587352  
14.76634786  
