132.8022809  
166.5836409  
255.4934932  
289.8000936  
91.53164842  
598.0580219  
267.0133925  
2388.324019  
1393.928364  
1039.915133  
4591.347943  
3297.21215  
1029.212326  
633.1605458  
2865.372655  
5217.994222  
151.4324515  
606.1871773  
30.4121775  
5602.337573  
15812.7528  
2868.815035  
1452.149743  
571.5209211  
5417.181445  
327.1914242  
17270.60508  
6172.372473  
3318.26047  
12365.33969  
1100.592699  
3597.411002  
4648.206685  
2684.582418  
4313.588783  
312.397189  
85.21755301  
9198.345197  
172.107983  
3616.125932  
4107.104156  
241.5340112  
6103.85602  
413.5267677  
4955.890009  
2728.672082  
1682.885731  
3336.245642  
1155.724317  
2218.298553  
78.58176837  
557.693975  
763.6246035  
629.8647749  
509.1172467  
4025.460005  
100.8276376  
17.40120049  
1743.132012  
1890.000929  
1092.327445  
336.2841907  
78.09848629  
1180.71124  
4.933517494  
2469.231978  
247.8463124  
727.0371822  
1250.777955  
1208.868953  
1592.470534  
1764.030775  
3388.060116  
595.3891805  
104.3516713  
643.9789137  
223.1265128  
951.9533333  
336.2292664  
523.4591436  
836.6517694  
153.3882002  
617.2363977  
744.6656667  
1958.872025  
174.2205676  
2319.809681  
116.0287751  
341.5924499  
578.1203138  
699.6716338  
229.5053051  
2606.468721  
1979.733973  
800.1838317  
566.8988019  
6577.547179  
3661.876717  
292.4365062  
452.7558746  
735.2626963  
98.38663661  
1367.033613  
2261.64392  
2522.17078  
4182.110331  
3027.032619  
1070.633  
1171.895898  
9958.196486  
14649.89217  
17609.39646  
3354.009288  
10403.70136  
3271.615725  
1219.601557  
7971.353693  
9094.752691  
17590.73403  
3134.87303  
2283.404974  
1924.342916  
1903.047814  
3290.836747  
630.8200405  
183.4434133  
5681.97418  
2074.807866  
1229.958896  
1576.421605  
571.9217  
3278.664903  
1991.124904  
135.9615754  
769.519265  
820.9569872  
1220.85614  
360.5860493  
1005.261112  
1307.917146  
231.0576469  
739.0637872  
556.6983039  
1872.323335  
931.3236273  
67.18595802  
1386.05719  
185.6952818  
1082.979174  
312.0534086  
415.7324747  
1198.208295  
1929.305601  
294.5668428  
2.826708882  
835.2231139  
8.503012957  
25.94810105  
573.2096121  
4.493784505  
120.3675019  
280.6006503  
217.8028386  
148.9675266  
3.020112847  
112.7918298  
639.4424465  
716.7650194  
86.4178615  
1331.349552  
391.2834636  
712.5191186  
19.32089347  
103.3791776  
196.2310468  
728.1432807  
446.3846912  
546.0667856  
253.7370328  
257.2775218  
236.1500535  
1577.02075  
133.5603896  
1161.226487  
116.4605004  
106.5323602  
547.2280513  
64.39004809  
58.64391736  
424.6240139  
462.1726583  
55.48229362  
1088.611877  
23.173335  
115.9940751  
224.6223934  
105.0294256  
327.6987025  
54.648547  
600.0814048  
20.65150057  
420.0419133  
289.7392522  
137.2748792  
63.75943082  
564.8467984  
611.4187708  
115.8346198  
400.2267154  
25.81450541  
217.5804841  
1552.875562  
62.55939213  
407.4427857  
196.6074868  
181.1628108  
340.7083306  
303.1308831  
778.1973267  
40.05637498  
140.6076136  
25.05145713  
317.2446841  
36.50044116  
114.3560113  
408.8888202  
578.0157123  
1442.48927  
18.21330512  
296.9461988  
95.53481051  
308.0886198  
1104.24685  
890.2102161  
836.5953215  
572.0594927  
17.48208378  
78.99668822  
153.4727119  
65.20254123  
1115.238182  
67.65442773  
824.0004506  
1257.900195  
107.7743135  
45.76617324  
200.9084488  
402.1292599  
287.125499  
1012.940536  
1244.99271  
4573.920097  
102.0536462  
65.56268275  
89.31871592  
1365.073652  
262.3028054  
1069.444695  
664.0282481  
517.7711051  
461.4163874  
1140.264795  
178.3471269  
1451.047016  
321.9034067  
2165.812096  
821.1305286  
692.3791906  
87.32491342  
1192.044852  
85.93557971  
116.190878  
404.1478178  
593.7140664  
1254.197416  
848.0391267  
488.6119346  
301.0869485  
1267.649015  
615.9756502  
198.6846043  
823.5107434  
73.2539405  
172.7916703  
137.7890629  
131.8530151  
144.3557738  
647.994632  
182.1174653  
26.79528987  
308.9278759  
523.1045431  
149.5545973  
320.6359095  
115.436087  
