29.09229823  
6.275218508  
16.21323905  
82.8713883  
519.4504525  
243.8491937  
321.331268  
76.27895199  
193.2395222  
487.4914648  
1289.76328  
1007.218709  
872.1970703  
455.1039204  
69.57413612  
18.39164028  
112.7063561  
223.3490765  
196.5396639  
625.6119755  
688.0369336  
172.1231093  
54.94719965  
712.3170891  
656.2716734  
1192.909597  
303.9878375  
695.346773  
22.92202129  
320.4175221  
1221.25939  
2268.282904  
36.8239199  
879.4846981  
100.3981185  
9.427285536  
855.1642548  
400.0795105  
352.8132906  
727.845715  
1157.966558  
28.66266959  
767.1538207  
310.5980208  
17.19764975  
429.9414475  
411.0132853  
2060.136296  
1882.906399  
1478.281291  
932.0104608  
1582.616903  
6.971797227  
202.5266996  
857.1146623  
114.2752293  
1265.883631  
522.4448318  
1740.39114  
834.1520916  
350.8776648  
102.0378383  
243.2861654  
529.8606137  
190.0443015  
159.8122747  
808.6130117  
143.7324078  
290.5248046  
2806.098519  
1425.452858  
354.6465182  
540.5425423  
121.2614141  
1039.659832  
314.2553591  
453.7578891  
864.301536  
681.4183744  
1408.051724  
260.0798958  
1017.365038  
795.3515856  
728.9375082  
320.8680555  
276.7924364  
10.81128329  
1777.330642  
169.2558014  
1021.353498  
1683.492184  
88.17394722  
2295.701577  
7535.828282  
1344.429566  
3004.22329  
5977.348433  
5743.516003  
3136.901404  
2282.725329  
1372.990793  
2940.039524  
1920.172222  
1445.725423  
2504.958047  
5286.334937  
2374.540681  
5844.378695  
4545.624312  
10931.24098  
20668.85172  
15661.589  
1518.234698  
4585.258191  
1500.636099  
13210.30773  
10671.44304  
9434.620012  
42624.04013  
6451.303096  
750.4760694  
1602.494643  
5726.811393  
6919.51325  
70.35571975  
3027.084571  
3488.928889  
1707.571302  
2678.821311  
192.5925304  
4134.596628  
2694.347972  
2963.351883  
4.225299098  
2586.536003  
259.5633041  
1790.379951  
1051.03618  
137.2150185  
4927.443629  
2776.179981  
554.2476175  
1665.280344  
752.2050231  
41.48433228  
556.9913265  
669.315224  
261.5228121  
1312.012311  
860.5961168  
451.1019633  
936.2904882  
237.9080574  
151.3063815  
701.3346255  
81.23153667  
559.6521399  
39.05668536  
234.5993405  
551.6632256  
373.0137031  
49.5094368  
395.9205954  
375.022485  
825.5737756  
260.1011913  
84.22157759  
54.55746835  
439.72206  
289.9016707  
476.8772905  
1391.301413  
225.5057933  
362.9843973  
657.3629866  
891.876539  
293.5716768  
72.02888999  
2338.197477  
677.1415528  
20.24615969  
275.6314288  
552.5141525  
120.1712669  
135.3473438  
624.9530351  
260.9614467  
644.6409283  
893.4156724  
78.16310345  
363.6617436  
65.86198476  
13.54553905  
650.7614845  
197.4766837  
199.6003677  
1555.82725  
798.6099253  
759.0125537  
1247.107302  
20.90033887  
698.9088299  
124.9731703  
26.85010322  
157.1693867  
35.86348009  
622.447746  
1983.133414  
2968.183072  
1348.71153  
150.9733922  
1317.11718  
766.3329436  
259.8141752  
156.9343399  
1529.509948  
458.3164672  
378.0906269  
667.8947232  
426.1289417  
573.2574366  
652.4624089  
1238.377324  
1754.403381  
461.8088674  
143.103107  
933.1784785  
3678.917766  
668.0476529  
207.5228676  
691.7936428  
224.8228507  
288.1375138  
298.191089  
1911.510429  
1305.133339  
1432.970495  
145.2709814  
400.1340203  
517.3487337  
3212.831673  
473.5670014  
3.4207648  
1218.383369  
220.791896  
1799.013351  
703.3200705  
794.4390085  
124.2169334  
294.1369718  
1514.976649  
7733.210771  
573.0154745  
116.0519215  
121.3933507  
2069.895676  
1590.080892  
1289.322238  
769.0666787  
169.182914  
1381.628371  
2757.129485  
58.42708265  
1097.409686  
61.2845297  
975.8879787  
1676.93355  
447.9679468  
1134.236465  
958.4440298  
1671.400215  
1049.220565  
1355.886729  
567.1665754  
713.5319976  
1025.68023  
300.1069028  
64.47534093  
1205.182797  
794.8926846  
238.1610736  
473.3601975  
208.7908996  
116.9190319  
398.6340384  
588.3203104  
86.69522357  
340.333082  
1244.097582  
1585.894809  
24.74387301  
648.3762539  
28.06853093  
902.0518571  
1141.185393  
