66.08842231  
99.67720271  
93.93884738  
36.67778355  
0.2641912712  
318.2728024  
387.3008757  
304.9640069  
405.4629437  
1105.285241  
517.7522947  
1147.460129  
507.7912236  
13.33505159  
164.1922389  
79.71965468  
355.4244926  
237.1475756  
615.7680191  
124.4732088  
434.3638557  
626.0521665  
617.1075874  
1382.220192  
378.0694172  
2051.99587  
70.68141155  
1008.378545  
6.320289618  
2192.037206  
242.7436286  
944.4713281  
1105.000825  
147.7091868  
741.4900906  
5.077035686  
985.7897052  
40.83121556  
301.6902299  
1417.223323  
441.1602489  
945.9800225  
862.0675054  
598.8873443  
431.6185054  
976.8674388  
151.7985558  
419.1550476  
326.2763527  
1435.961935  
4395.523745  
336.4108622  
477.8087307  
433.7713061  
208.0115594  
916.4803767  
297.8031589  
78.23357912  
93.63074314  
1232.309409  
510.3248128  
12.70897402  
1004.289703  
3.211328244  
162.6549296  
881.2396101  
1822.437683  
20.28590483  
1885.223855  
2558.979579  
461.5753922  
226.984942  
1136.727168  
953.8695754  
83.10802515  
155.1454766  
704.0343023  
587.5994625  
302.1862296  
1928.871277  
1330.525797  
493.6740565  
724.3745396  
133.0644375  
34.81457538  
839.2588968  
396.5035462  
1874.995709  
136.031828  
165.8801477  
782.5840709  
3825.547702  
1913.790754  
63.54405314  
112.971757  
19.42445326  
325.4449637  
237.4880712  
251.3180217  
21.72474252  
16.48461657  
128.9882646  
1242.903172  
1075.134701  
175.8460895  
270.3159934  
449.4499168  
1495.129401  
964.9775705  
709.2483686  
1802.888781  
738.1156905  
407.005118  
291.0610621  
1068.926468  
1642.252785  
633.9169864  
114.3231464  
4014.259082  
1032.493714  
2754.800883  
336.4642401  
991.6749401  
961.9878174  
544.5777241  
606.6590292  
63.51038733  
922.5434064  
810.454205  
1138.34737  
260.170941  
178.838731  
211.5163303  
2285.834846  
813.576518  
57.64593702  
847.8306667  
411.6235599  
336.1646924  
1280.630019  
15.77635044  
209.11925  
490.5527212  
123.5402209  
196.3574478  
51.99502856  
309.8643952  
14.25407268  
35.05730182  
178.0448447  
85.42566432  
212.0435926  
653.7977356  
682.9845854  
967.3303472  
25.90100836  
901.9978247  
42.03657361  
439.1163622  
519.2117666  
399.6302073  
861.036541  
2078.451396  
99.15870013  
21.18377605  
330.20837  
248.6554364  
400.723389  
286.469715  
284.5694504  
837.3149224  
563.9454609  
310.7611944  
134.7297902  
258.368472  
873.073317  
112.0639951  
440.5583125  
144.6129541  
137.0466363  
73.14230592  
98.03933411  
58.06116389  
485.3959547  
14.00663251  
684.9288554  
294.0394198  
1628.433237  
629.8212429  
0.9319848743  
277.5332604  
110.8855057  
14.96700745  
172.9483183  
199.1980996  
226.8836585  
74.287716  
896.8903426  
800.7545169  
451.7004256  
580.8052682  
152.2118906  
1095.324518  
170.8597549  
1583.260466  
204.5502914  
220.6971223  
423.1515323  
1003.517688  
1084.494955  
32.90445344  
1307.705698  
159.3255828  
1002.547343  
115.8016551  
515.2300619  
75.13754161  
411.5406651  
1079.96891  
120.3992351  
451.7064978  
2288.142285  
491.8432208  
1840.664219  
252.8330514  
19.48738291  
2620.965809  
512.6983238  
209.8132895  
109.0691094  
851.9919174  
134.9844747  
328.5762745  
451.6357546  
88.05353217  
687.5707506  
697.7892621  
105.2925942  
1118.199211  
286.2791704  
273.9584603  
352.5565945  
76.24357017  
311.1092581  
577.4341034  
728.5710229  
226.2087906  
256.6225705  
189.6183292  
690.7659483  
115.6658021  
429.8039183  
535.3952878  
47.09219102  
22.56054632  
1160.448903  
25.1761408  
22.4994635  
628.8571532  
16.50927219  
76.06225224  
88.75205596  
258.5539905  
142.2802845  
273.7015868  
40.43397067  
502.685328  
409.2604375  
333.5193938  
205.3217539  
51.2531282  
98.70116486  
264.0135303  
24.37618545  
380.5403718  
54.32316108  
571.7375707  
76.57789242  
270.4321885  
237.6464731  
67.14161895  
314.8323117  
80.93219931  
462.8507574  
18.97616196  
653.1081611  
5.671490054  
172.1924956  
134.5950194  
176.061406  
543.5431327  
19.51662522  
48.49429629  
30.35652775  
268.3952455  
