132.4260036  
67.86603103  
150.6565278  
84.94254775  
254.5056173  
372.5890134  
1534.606062  
235.4660287  
1441.996503  
1747.989931  
588.4862966  
783.9904134  
4382.250792  
1416.906535  
162.7348874  
997.1806728  
1527.042712  
2178.366218  
2538.043043  
786.2755916  
2604.243607  
425.7551039  
6720.964855  
1379.366578  
8157.136362  
956.7913568  
563.4430994  
5773.092857  
5777.716464  
1031.948597  
5826.590063  
4799.12683  
1133.581125  
9932.777352  
6153.163911  
2754.076545  
7518.358754  
7945.325614  
301.64172  
1017.942111  
4974.303994  
13594.70158  
5954.90315  
1677.067504  
8381.231454  
5997.529222  
1961.377161  
4442.663797  
345.1701735  
5292.630575  
6426.004823  
261.6829501  
808.7403395  
3921.601298  
2447.778247  
465.6288854  
3629.983336  
14.65535157  
251.9156037  
1685.588016  
673.9667718  
1829.69737  
253.2136738  
1353.526582  
294.979308  
126.5105396  
206.0501475  
656.3350551  
228.5863421  
2123.995897  
1527.89731  
533.7824598  
726.7671178  
16.99688893  
649.1370612  
165.7446863  
1206.409122  
867.9966096  
667.598109  
981.6301052  
200.8387808  
2850.570096  
253.8154995  
972.8645814  
3889.753035  
1245.924198  
318.5533233  
1624.81686  
2085.455256  
359.0779078  
846.3746559  
1659.722483  
2298.287473  
3150.356044  
1111.163301  
1665.847234  
2929.091086  
3017.673921  
2083.586554  
6014.175482  
608.2190289  
1494.559442  
4577.926801  
2023.551916  
1440.159107  
2698.31769  
4456.290833  
4873.009264  
4644.412507  
3065.241568  
10435.95674  
10229.6476  
296.297843  
10387.14197  
2362.764673  
4857.272922  
12838.78937  
858.0352843  
31924.44902  
2975.798311  
487.4807785  
2095.934982  
2726.375697  
4883.568886  
950.7463622  
2487.966141  
4369.662426  
1249.265531  
993.0757265  
285.9545813  
4485.955733  
546.2437073  
2664.651329  
620.7878124  
3572.940022  
975.9531403  
3459.928404  
438.4724147  
142.2351136  
5327.702561  
511.9949998  
497.0014989  
915.1420633  
408.4543719  
391.7594499  
232.6622381  
73.0467568  
197.3430325  
958.5356709  
261.377651  
129.9682372  
79.73009105  
1121.911364  
475.5654275  
1023.269562  
561.8181457  
1009.115394  
597.0737635  
591.1776869  
72.09066222  
1320.964089  
136.1763803  
868.8813211  
604.4175276  
97.26173772  
29.74719435  
104.8030356  
281.505845  
688.372512  
486.4137771  
42.24801775  
194.0581421  
386.6728889  
1132.298431  
789.5717617  
50.2538606  
570.9889999  
151.7697898  
771.8219875  
139.5663897  
749.4655469  
728.671284  
144.0005252  
213.6537715  
37.35333485  
618.5898583  
302.0644312  
340.8618994  
455.5845751  
6.10950318  
118.5209702  
77.92821092  
7.756948773  
432.8445231  
781.1497799  
740.8284646  
8.360438035  
481.2199298  
25.9961896  
191.1626451  
59.56424559  
184.0171874  
334.6559246  
171.8834031  
233.4588675  
16.5167349  
57.83682549  
147.7251883  
199.2473188  
263.0089095  
516.4049893  
835.5486428  
548.7064595  
192.9444009  
79.30516579  
211.9560866  
19.80458599  
214.7345328  
180.0094688  
237.7950878  
423.537917  
45.78531346  
602.3529518  
241.2499985  
212.2354852  
226.9317088  
142.2232418  
520.9075729  
369.2886075  
87.13481673  
423.8383961  
330.869045  
844.2319247  
643.7332964  
396.1438812  
83.88604958  
1153.870788  
8.645236643  
685.6450247  
149.4505925  
64.39958136  
43.43327363  
18.8675203  
37.35285055  
126.2502502  
736.8849447  
227.5625662  
273.4669143  
203.3030068  
858.2516301  
662.7827529  
338.0914378  
15.93254846  
92.17405745  
295.7821457  
209.8897372  
604.9493933  
56.83711935  
583.2579308  
63.64658181  
826.4341823  
120.8390666  
29.7308868  
402.3968377  
141.9697743  
696.5264383  
36.59787428  
127.5884738  
10.35058387  
312.9749371  
201.4659209  
290.2276235  
395.1774613  
24.60495138  
11.85700339  
492.8916327  
174.2127545  
198.2878494  
95.9485221  
166.4759927  
12.94888897  
0.8735229571  
326.4513941  
163.2117023  
132.9514045  
218.382767  
63.84668088  
42.77369105  
331.8765072  
543.7909115  
54.13158825  
380.8436267  
50.22062871  
32.89887247  
16.78575657  
