61.19391109  
48.88026896  
152.2778707  
56.93380168  
41.9555773  
40.1529964  
380.2924946  
95.80735506  
387.4649771  
64.91709468  
341.2644473  
4188.127054  
215.8525447  
313.5134238  
430.7197616  
3197.543244  
908.6276619  
115.8954754  
771.7794945  
3790.703371  
88.61924386  
844.1565091  
1481.818815  
381.4968634  
610.9059429  
1071.883722  
249.0503585  
1259.369652  
2959.577141  
470.2666882  
115.0241767  
1.848947825  
251.485416  
5387.051453  
2762.289022  
3425.404666  
15.03291793  
271.3141197  
1704.11102  
1694.166059  
279.9478366  
1230.672298  
2103.350529  
321.2209337  
1645.953653  
1322.782189  
64.62421894  
25.52703454  
1609.343206  
34.50246011  
547.818533  
381.7988168  
1232.665644  
1042.424068  
1606.803343  
174.829903  
248.7171879  
240.6693109  
505.9512712  
505.3946214  
226.2918491  
361.8055832  
617.471255  
1364.842823  
427.7269301  
593.8881907  
205.6495446  
121.30977  
458.2613273  
1975.699842  
1406.653216  
718.0913335  
344.3901945  
301.3757083  
991.4917122  
709.0389026  
672.0123334  
205.4280109  
90.20927402  
5527.218305  
694.8387146  
170.3197489  
248.8624397  
268.9351581  
1636.724785  
2469.285802  
436.8027185  
734.1800424  
715.6831132  
299.8179799  
1445.680907  
756.7851578  
319.8641793  
2812.71607  
371.9601491  
436.1425258  
385.7129333  
78.36772974  
1116.273736  
4.742575923  
487.1124613  
428.3123521  
811.1403817  
738.4826063  
1984.518225  
3298.528865  
638.2693856  
1917.677739  
1039.382174  
1004.498695  
5197.64026  
4266.541768  
5755.126856  
1827.374412  
750.7112164  
5228.984354  
3831.51896  
2067.596513  
5384.62194  
1076.062194  
1758.639576  
366.7382064  
3184.600026  
1345.060411  
487.4894753  
22.49021293  
1270.091589  
273.9758063  
1215.608426  
266.2602725  
837.3310775  
336.0085589  
1794.567311  
261.9199606  
2612.905759  
539.7388576  
378.7026644  
5.570360267  
3.571317564  
3026.391336  
867.1664455  
204.9176225  
609.4665786  
460.4681564  
338.4119612  
2169.924926  
566.4256405  
468.6321547  
171.6759745  
195.5522817  
1339.98948  
376.4652569  
723.8284174  
1588.471721  
98.24067702  
102.1858989  
568.3286453  
45.86272824  
255.776713  
574.8504197  
360.9867966  
69.29170808  
623.6943324  
38.19861236  
833.2212316  
825.7443058  
425.4537824  
229.0570155  
306.9346608  
418.8500829  
300.9494711  
48.78094684  
726.7870178  
30.88522129  
8.770209252  
132.9276645  
280.9447296  
176.0067968  
78.58243753  
515.832437  
358.5411324  
82.81067941  
233.17361  
49.45797477  
427.6601638  
152.04699  
203.7650188  
844.7748999  
140.9545349  
338.8454677  
238.5638813  
896.5696273  
74.37600579  
627.4328714  
17.6381926  
21.46652899  
336.6788127  
138.0120452  
704.8339187  
49.91771115  
273.4231871  
527.2587231  
189.9139795  
326.833595  
89.67074305  
130.2040124  
47.8203166  
1084.951749  
852.9159124  
187.2030216  
156.8418386  
106.5839102  
1200.980286  
580.5404449  
364.6033576  
658.0303585  
21.69790983  
406.2282152  
1145.651764  
271.4641461  
444.8221003  
224.0566618  
128.5657939  
162.863035  
455.5666792  
38.91989652  
1173.7581  
386.838827  
515.2308022  
336.72071  
1064.90667  
369.2898508  
803.9881865  
1858.06853  
447.5994197  
842.0974887  
686.9835387  
101.7274358  
456.0897321  
109.5538449  
19.96307066  
1186.518795  
256.0205656  
222.3343716  
238.3234092  
173.9269627  
337.8441339  
249.6127233  
114.9350642  
434.6430279  
287.0019555  
1201.346767  
435.1043191  
53.15042391  
121.3813975  
1113.128235  
25.87622241  
214.6848135  
16.73895309  
151.4210866  
1384.244154  
372.1940054  
273.6504372  
721.8728738  
236.5973196  
499.203282  
89.50257708  
7.491686758  
1003.795803  
30.35007057  
303.0045021  
992.8553537  
911.5798348  
27.42763416  
266.8986832  
1358.331225  
16.67685891  
228.5952834  
694.6173654  
349.0989439  
173.6188476  
226.4473237  
39.03011604  
96.57170779  
118.2953078  
37.92532248  
246.2822276  
12.33314139  
179.5940995  
43.10379791  
303.5515911  
245.1612002  
208.2268516  
120.1097478  
1173.30999  
