3.655625303  
11.84138916  
697.9870204  
118.0009644  
956.264692  
2037.582794  
2614.176754  
691.3190392  
1327.291196  
115.0654479  
991.1930479  
652.5439664  
43.88714309  
1035.898626  
247.9960352  
357.7047585  
1098.341841  
3591.463212  
2713.482036  
9590.558865  
6613.371313  
1997.299159  
14774.91259  
1527.425268  
33.586603  
10548.25763  
136.5524783  
9024.937553  
6.836648483  
5007.359687  
5763.698028  
7514.718154  
5566.860829  
9032.339396  
17967.72565  
18901.73439  
4937.279873  
1916.278904  
11431.07618  
2721.324807  
46071.65108  
3526.372436  
10593.04108  
2430.9093  
4116.591556  
4237.596063  
2309.12379  
17494.85883  
1167.795812  
4532.840291  
4934.516125  
3388.035536  
1744.154402  
11603.94056  
6529.81582  
107.0170699  
779.6789575  
1476.887231  
3132.613967  
763.797246  
160.4403287  
5716.293365  
5100.039329  
1905.269042  
631.8798212  
436.9207287  
815.0390855  
948.2773488  
1385.793366  
1746.697272  
91.56912027  
466.8993026  
293.951492  
1535.815369  
1208.721083  
906.9380667  
764.1360554  
1046.427189  
508.0836998  
486.844482  
1024.138602  
300.6524628  
616.7073193  
43.1188122  
335.7069254  
2109.246342  
27.82279345  
527.700369  
47.82618189  
1438.765482  
1920.74997  
1766.389487  
883.921341  
3045.338464  
1174.591118  
192.3970812  
1391.264112  
432.4669824  
108.6089166  
844.7570141  
5.925200479  
185.9522607  
876.8692438  
439.0091738  
2811.789259  
4486.452136  
2806.516701  
349.5785394  
2313.016083  
1810.899288  
4130.1858  
5932.322513  
645.6127546  
1969.566497  
491.8325988  
4062.504016  
2163.077309  
1265.605714  
10142.27972  
2784.117864  
1137.459126  
2820.950991  
403.0634588  
1398.001136  
341.7087263  
802.6197684  
1020.612313  
45.64821217  
1710.43954  
520.9555768  
612.3337655  
332.2890356  
394.6543209  
144.5508692  
559.7283403  
266.6798904  
241.0599099  
122.1177211  
174.5043635  
1158.207339  
582.6045218  
394.4749651  
116.3224562  
389.35946  
78.64502384  
601.5732011  
89.40433226  
1088.631729  
315.4401882  
455.8826822  
131.7200544  
446.0958565  
761.429141  
78.73990004  
163.6475615  
661.0544934  
571.9542767  
188.3320429  
46.27565394  
382.5217785  
55.23535038  
57.81675436  
291.7835074  
408.6284327  
30.14838224  
426.3695733  
223.3723115  
653.6751446  
269.7454585  
453.9269809  
1235.137801  
538.8475964  
565.9533685  
27.44976265  
51.75214661  
65.57971404  
454.0907317  
245.5873481  
667.9489627  
20.66211146  
984.426305  
376.312282  
12.68117026  
231.1785223  
390.47402  
159.3825798  
511.0211487  
317.9605834  
365.7566917  
539.0254715  
328.7620451  
110.7001472  
74.99394405  
243.8347342  
107.3719942  
116.8889421  
139.2118041  
55.03534697  
307.855508  
13.48682896  
23.07349216  
79.25588767  
154.2140751  
380.9173751  
212.0978793  
550.8333295  
13.37433466  
435.2293022  
279.1174456  
11.88269795  
731.8275609  
570.490162  
623.286505  
171.742822  
118.0811372  
266.0715564  
354.2932596  
57.34352128  
173.9426057  
14.86643504  
146.4159206  
23.8703378  
180.5843806  
1203.960421  
18.16193446  
12.02490829  
390.953145  
268.9007026  
33.22509697  
127.6131348  
230.8483354  
143.5436517  
946.3442086  
531.7343148  
145.1357837  
26.58769617  
20.37205038  
26.8748547  
582.3322287  
269.9535861  
427.7175977  
107.0659587  
155.102265  
61.84554815  
22.67998651  
155.3507667  
14.32804314  
23.03733152  
576.4606988  
337.4515487  
99.45872735  
1074.049729  
298.9931686  
253.4167428  
540.8248607  
614.1163681  
624.6282209  
356.9014632  
290.8180838  
61.21610278  
124.2656002  
676.7381513  
149.3289645  
163.2570884  
10.47657477  
817.4932934  
15.25700519  
21.67141079  
62.36123072  
118.7440894  
129.0718561  
380.365952  
835.4515107  
159.8127091  
546.7851441  
389.8957989  
4.453326383  
53.33760119  
68.38008852  
414.6720266  
152.4141475  
89.82618941  
63.48494816  
20.53321142  
23.13610137  
82.62409028  
165.9760008  
123.7493786  
558.6381469  
99.3535255  
119.7004261  
358.1060032  
69.00244024  
194.4518976  
71.93860287  
