78.91326426  
66.27766099  
259.7523913  
200.8250736  
440.8763945  
0.1211416629  
1040.988905  
498.4081651  
211.1858882  
350.8415113  
246.5654939  
45.33533765  
2484.641921  
910.2966633  
1829.590576  
2700.10142  
1392.443044  
1642.277072  
760.031697  
2120.338205  
3184.625728  
247.0182648  
2197.733633  
7524.35058  
2987.094258  
7463.811908  
3772.747178  
5151.552214  
16530.15589  
6581.231017  
11149.03684  
9758.282944  
1121.59196  
60757.01579  
9999.454948  
6815.111655  
4440.879204  
32952.32571  
2812.573468  
491.5218507  
24257.49849  
11322.78999  
7881.773025  
3009.327881  
3605.012961  
3542.408346  
819.6513095  
2290.843441  
9664.895264  
131.6480671  
1652.68562  
2946.089239  
536.6015353  
1166.020319  
2320.009394  
4044.883941  
2050.170701  
843.156904  
2888.391701  
4164.30164  
124.1998589  
688.3902423  
237.4501457  
1490.376471  
1767.657911  
1398.615011  
283.4744389  
1018.869095  
48.66670548  
1109.026947  
2105.884665  
2225.822208  
86.56124361  
348.5222583  
10.21101328  
651.9045737  
843.2125624  
851.2170742  
856.8623379  
779.352451  
209.8310205  
902.7120289  
92.83337787  
998.1520246  
162.3036481  
904.1244959  
422.8498391  
2532.508319  
528.8630867  
3001.580547  
748.9863275  
85.75705149  
560.7339216  
2007.362785  
357.5661446  
210.0872015  
1144.918204  
682.7128169  
136.2338379  
590.4626329  
1002.584139  
373.7816379  
314.0484509  
246.4223692  
1692.020354  
438.7490589  
56.58352945  
512.8598322  
406.4379063  
199.9679061  
3242.311086  
345.2870321  
1420.441968  
118.5090738  
1118.779391  
65.06678513  
1505.410922  
1140.517983  
3598.969993  
144.0577934  
466.7691848  
1.634821748  
142.2546184  
1517.313734  
49.77126868  
22.10717666  
62.24503118  
591.7506637  
34.69884546  
1116.066185  
447.9352148  
337.7747324  
53.12560096  
532.5450585  
422.6628382  
645.9504134  
281.1274329  
455.9170787  
131.7038864  
500.1938887  
210.1919248  
474.0499962  
187.3797609  
76.11209924  
66.65750423  
97.36265224  
94.62771993  
43.87996734  
57.35490404  
169.7038329  
192.2747734  
66.27905855  
136.6562871  
153.5012952  
21.89044987  
94.07863223  
90.88031245  
223.7852971  
164.4655768  
9.185831488  
82.70591987  
2.865803278  
70.06439549  
4.295805863  
334.7225178  
5.760861042  
26.00183657  
582.5302166  
432.827576  
42.39630458  
331.6408832  
316.8537038  
25.49386588  
195.4993288  
475.0797462  
18.54449467  
402.5169671  
672.3808929  
6.865323562  
372.3890019  
235.9137998  
272.0769138  
847.4512594  
133.4300667  
94.7753796  
57.25676633  
223.0312418  
302.6821992  
361.3845371  
41.89089064  
65.29164286  
63.70762009  
193.8454461  
283.8255784  
287.9070494  
299.3978317  
325.8275786  
44.28751319  
214.7657801  
130.9890465  
38.35848076  
443.1215572  
45.06123488  
200.6342104  
0.1887349573  
472.6911271  
644.9135112  
12.864802  
409.7162493  
328.2363625  
133.7488006  
112.0081816  
113.1810485  
420.881923  
54.19439269  
69.4764304  
436.8316356  
26.23650685  
217.6782219  
333.6079962  
249.7984183  
479.4888775  
288.2764972  
17.08115408  
114.082562  
30.80478174  
270.2593681  
426.8871398  
46.44956931  
19.24376666  
704.66773  
93.86251314  
6.177516462  
733.3926691  
671.655129  
123.4706678  
387.9762352  
71.69903311  
334.7580116  
74.02132075  
466.3478859  
20.17763257  
54.64586214  
457.7626639  
55.52059245  
13.49013694  
125.2744077  
463.8982795  
688.7640517  
198.9245969  
416.0801317  
1130.014875  
103.5702236  
59.67914498  
44.84040134  
556.5131274  
293.7771906  
287.7717134  
579.2159873  
99.95071376  
399.4789508  
718.1861806  
68.52345577  
765.2397088  
46.19968915  
19.05645145  
51.71945207  
211.5709402  
415.6004278  
13.59001567  
84.45082568  
252.2119446  
81.93965734  
7.73695051  
457.3184247  
4.870119644  
561.0541896  
127.1637919  
236.1807004  
834.9573871  
21.61327035  
229.8950492  
94.02321553  
55.23922622  
66.62475836  
249.5430744  
48.02358374  
171.3721595  
15.48625843  
31.46330528  
352.5389247  
296.7896078  
13.75585646  
48.47873517  
46.51715659  
