27.93089386  
27.58893591  
835.0734541  
47.55030885  
280.8083047  
4092.431343  
6087.265317  
1047.796895  
1072.606589  
9786.937909  
6958.741404  
2567.07845  
2190.730114  
4996.443297  
8631.667879  
322.5173671  
2204.569024  
446.6669289  
1001.831149  
12123.94067  
8276.656157  
5740.031031  
3347.158605  
288.2673931  
5048.752456  
4170.634373  
1029.979976  
7214.568359  
4061.237787  
9764.659484  
10528.65248  
10512.30255  
3085.421516  
20873.42556  
3018.211598  
24797.04329  
1020.27354  
10599.35268  
6042.453287  
8863.24433  
2289.557922  
7944.32242  
2566.33998  
191.1734556  
1968.160996  
10197.39228  
176.8475208  
996.6975508  
405.727712  
5588.367568  
3656.070838  
8109.254494  
393.5261887  
3722.465025  
2093.02005  
1856.668975  
1082.765071  
6260.154853  
1021.123195  
7307.937168  
1.6087498  
5130.985936  
3099.486143  
2341.996502  
2261.349188  
581.1681208  
1232.82847  
137.6566335  
1304.783398  
4979.080134  
5253.767991  
2788.831005  
589.5195675  
3933.186612  
3528.128465  
8836.076288  
1051.904733  
6699.904162  
3637.467381  
778.0488666  
1887.939269  
2748.188703  
186.0419611  
6468.69979  
948.1119  
2119.761883  
4843.38769  
1301.950425  
1359.320877  
1211.739449  
1795.307514  
263.9024502  
4249.672134  
3108.950104  
330.9747635  
40.70997557  
3708.31288  
1975.973178  
1224.617299  
1296.70009  
3390.051326  
3357.484735  
805.868749  
115.3116368  
3218.587912  
4420.802593  
570.8679272  
1424.344659  
4690.620765  
4033.183464  
9192.369401  
4425.751029  
10230.22232  
10700.35029  
6622.844303  
3783.875152  
2887.364968  
2929.242305  
5431.754373  
4376.16138  
2066.57205  
1248.801826  
94.03633734  
7495.437138  
149.3210373  
183.4990058  
1920.049268  
885.9036197  
1732.513847  
3008.297598  
3047.234344  
2854.808742  
149.1225106  
1730.250409  
711.4492086  
462.2855768  
1758.250063  
4931.798318  
894.8683853  
416.6444635  
383.1380579  
185.6627665  
1477.464385  
776.256793  
85.26047707  
292.7672358  
475.8537592  
860.1952004  
3066.934105  
930.6660686  
2285.299244  
155.7983162  
2570.306557  
956.858654  
156.0548009  
772.8505453  
198.1155649  
907.5213399  
398.4266612  
35.20890519  
122.7718991  
565.395985  
243.6211885  
349.833661  
1744.413126  
100.3411058  
32.84753817  
539.7167377  
931.7005218  
554.9867863  
383.5856316  
73.77636074  
1445.117  
1069.209177  
275.8612735  
869.4846915  
186.5878865  
501.4438445  
46.43259203  
20.46869068  
607.5687595  
719.4980756  
892.9817794  
96.62261508  
712.3079776  
3238.175818  
1293.111917  
757.4164292  
1395.934847  
198.6424855  
174.1924842  
2703.535371  
1452.809765  
164.6488458  
772.6286603  
493.9242814  
233.2768144  
184.3807317  
785.6422134  
1810.819367  
468.0962721  
446.9051471  
263.6705621  
134.778201  
15.21531649  
383.8917412  
577.9903542  
1427.692292  
893.1677664  
6.262939556  
454.7197741  
255.9280684  
256.3599073  
866.8346006  
343.7000881  
1243.974473  
514.9346106  
1278.017829  
316.9209178  
306.337251  
1197.456089  
1620.174735  
3270.09274  
115.0878081  
676.6608927  
195.0651676  
6135.394139  
2848.545452  
153.8337962  
293.0550402  
727.3303613  
2083.4255  
5963.104293  
6304.378626  
604.3582354  
4924.294846  
309.6045302  
1223.29276  
2421.91932  
153.5362119  
5608.391462  
819.4019276  
1335.228628  
376.3720346  
555.748232  
10.12030641  
2225.625332  
454.0262802  
2508.619288  
5072.716849  
7359.967063  
6897.361779  
922.7618259  
90.59809951  
1351.12297  
4889.609254  
454.3937378  
1013.798944  
2964.852142  
1762.716392  
691.3018541  
2891.387129  
345.4405947  
6760.445471  
297.7974069  
3367.892615  
21.26404767  
1126.044613  
3767.266647  
205.0447776  
1180.173682  
6819.916211  
4654.095872  
1338.363217  
4346.234549  
2503.794333  
460.6575043  
48.01622574  
2797.755883  
3207.203994  
136.6536141  
1140.180751  
746.5261887  
38.89782229  
830.8437304  
141.4650072  
1860.980145  
1244.520751  
466.0206188  
640.1631307  
394.363162  
1070.783769  
799.8061797  
2194.776925  
3554.723706  
