2.552514  
5.930056047  
31.99214529  
84.7701463  
109.3952474  
1382.901626  
218.0256836  
287.5481789  
1296.439557  
4132.33285  
402.0048653  
1065.863707  
586.3227885  
567.290508  
578.4260204  
2996.633187  
226.0683636  
2268.643555  
120.6926237  
659.8578284  
3173.669385  
1234.857424  
997.1267477  
1005.747435  
1888.527336  
1792.030695  
3021.05607  
955.5700776  
565.1879637  
207.5399357  
370.0828847  
927.4734109  
41.51191279  
319.1669947  
942.2973186  
817.8703871  
585.7113402  
623.0289792  
289.3413947  
43.41754113  
908.2114622  
1474.02536  
265.4195866  
77.5381007  
1895.523014  
716.9504441  
1287.500666  
752.3723738  
796.1529131  
62.81544302  
408.7869793  
327.1933012  
1607.023128  
4353.113599  
345.641756  
2270.040973  
1525.678465  
366.8870458  
973.9838107  
4335.786678  
655.6060783  
260.7132105  
4070.205948  
3017.935024  
411.4959278  
175.0689054  
268.5418057  
608.3401351  
778.6054926  
3086.499003  
1405.690132  
1004.319273  
422.0615222  
1586.143951  
1823.763003  
705.3696407  
768.3801923  
1473.657107  
3577.034121  
7659.597078  
5871.958899  
1585.86198  
1467.629751  
1156.328334  
591.9679676  
2731.101931  
1229.02024  
2506.781403  
3630.316042  
4733.385545  
6369.1113  
4307.692496  
8546.838562  
6774.430684  
2262.690064  
6357.019005  
12465.48833  
12019.86763  
5906.260502  
3699.51285  
2077.411039  
3968.655886  
14538.78571  
16170.57204  
4658.250332  
31717.53939  
8870.035777  
14733.81521  
13336.41129  
45778.04342  
69118.69967  
69543.83638  
4105.47754  
37770.55045  
9010.238758  
15840.49276  
65671.6711  
30568.5293  
162643.9559  
27424.90478  
5887.174844  
10597.69968  
7050.378438  
24978.35826  
431.5749431  
5855.65092  
21702.24627  
6677.567495  
9480.976037  
228.1343073  
12123.69958  
17115.69025  
11753.84425  
1299.461215  
18498.42338  
2747.654619  
9460.502455  
3882.662806  
3594.263264  
10400.67805  
7468.67914  
1267.389607  
1046.954972  
847.4231037  
4615.880899  
6113.804464  
1050.356546  
2678.046155  
1754.405832  
1783.21157  
1282.084536  
2264.165662  
3735.263921  
2011.29354  
1535.6276  
2082.504753  
2482.743711  
519.3151428  
1104.245831  
938.9170933  
748.8669881  
371.8354911  
371.470695  
253.4957305  
637.3762061  
118.2652351  
230.6459844  
1141.358479  
1247.064939  
498.2939789  
2684.839084  
388.7950882  
89.75149489  
846.550488  
240.5753979  
111.6780432  
448.7922362  
287.8330038  
559.1131078  
2688.61727  
66.07836854  
648.7348276  
944.3983024  
106.0001852  
125.5834853  
1436.066132  
630.0086531  
1335.099394  
719.2677527  
368.3910082  
548.6450407  
24.5108198  
1208.506866  
1562.535699  
373.4134324  
262.9704618  
5197.331283  
167.297755  
585.2037011  
336.8833647  
919.234806  
230.0255629  
195.5937547  
186.3400717  
126.4253606  
43.66403572  
868.7714831  
701.1943624  
2602.476171  
1315.783469  
4156.310111  
3284.21392  
468.9960106  
444.9353183  
2013.09499  
1539.850734  
5.419656437  
105.296255  
594.8201195  
938.2794006  
1777.803865  
1851.879268  
3198.854861  
1143.40236  
115.1394184  
1238.890039  
560.0269114  
1675.290793  
86.9692033  
291.9224895  
1085.114069  
182.6286248  
770.4454237  
1747.392676  
411.7067853  
1422.653903  
951.9370339  
458.6721983  
169.9304881  
306.348864  
458.6166074  
42.06343095  
293.3524237  
59.01294845  
309.0801299  
1639.564762  
364.2316762  
920.9118531  
202.3456776  
1525.997447  
4309.343731  
419.1055838  
138.0488459  
630.5638989  
214.0001551  
310.8628676  
712.7836575  
88.77839388  
187.9977055  
223.901809  
1033.606283  
336.5446232  
59.54583803  
378.1299715  
2293.502413  
840.3861274  
843.0332201  
501.8529496  
104.1182942  
444.9682782  
663.4629514  
547.4608169  
196.0919072  
222.6953205  
589.3756013  
214.1363157  
531.8979074  
1602.146213  
1332.690716  
538.182077  
701.3616222  
306.5308199  
118.4075394  
79.13319491  
1662.696929  
182.3858895  
54.27917345  
157.7237609  
135.7231723  
605.7254784  
456.8182898  
1415.047499  
59.05284129  
196.300083  
587.542989  
