395.9177844  
28.43227631  
1467.697757  
603.2961729  
2819.844458  
8083.19045  
197.7368142  
2164.638487  
11212.83856  
13954.75039  
2814.53135  
18716.57994  
397.6317621  
4970.691592  
6137.143598  
20566.182  
3042.927513  
150.8311864  
6703.090272  
1962.518363  
9723.121357  
5511.135914  
940.7405747  
1493.916799  
7306.680838  
5757.037586  
4309.286057  
8102.012478  
941.8553945  
1209.427122  
16905.66945  
1451.859069  
5787.379066  
977.996976  
2929.18731  
4229.614108  
1094.229265  
8455.341242  
4457.80094  
372.2113015  
6070.940999  
2692.637451  
4732.640686  
412.0113892  
1979.504124  
706.224883  
4041.261627  
5361.97033  
1272.607764  
367.925597  
1447.45364  
2218.202413  
38.62292619  
1106.667002  
2084.954442  
72.6336666  
272.9794065  
1375.898061  
2075.98837  
268.9567419  
2070.445519  
675.293676  
173.0873268  
3226.462969  
2296.838015  
193.1763653  
690.3522494  
3139.959749  
1255.021843  
1411.901687  
2101.995617  
860.2552963  
595.2785275  
2316.923971  
205.3536503  
919.7105864  
51.87328196  
3239.481905  
713.5996381  
155.6941427  
4112.724076  
1637.999741  
509.4735276  
965.262442  
36.84361836  
778.7864139  
932.1347436  
860.7977254  
3659.909338  
1064.038387  
1301.942544  
575.5043875  
1233.226635  
1961.014046  
1860.873942  
980.8189079  
175.0041235  
5742.296823  
526.1665087  
2964.265199  
1397.289835  
83.07073125  
2118.886839  
2524.137468  
887.2211735  
5446.496203  
2123.193808  
5119.958199  
5526.768808  
3267.716155  
8091.06732  
7740.947665  
2632.396059  
874.9830548  
1587.675103  
4241.930752  
10346.73287  
4283.627826  
20507.24772  
2274.137467  
368.3669382  
1050.42029  
4131.995806  
2475.587745  
2066.760523  
533.1329432  
4676.212477  
1137.904336  
846.7913798  
433.4869408  
1683.464602  
481.7956174  
524.2367642  
1852.577233  
3245.920266  
144.0573193  
3495.315862  
668.8958149  
195.0047614  
1323.6055  
4880.11748  
490.315006  
157.8985821  
639.5724007  
1572.612621  
1351.299641  
360.598506  
589.2517076  
873.7486915  
1023.921709  
93.38495857  
633.7547237  
87.58350093  
199.3881274  
288.9475518  
480.9741181  
5322.47681  
1592.606512  
2398.16121  
3717.759812  
462.378393  
208.492014  
1365.468756  
152.4893423  
301.0771145  
310.753266  
1155.438662  
967.5603124  
2015.724215  
402.3786808  
746.4237565  
431.2684986  
214.1597514  
220.5597839  
33.27603466  
755.3651031  
442.5969909  
176.9815886  
12.30018851  
268.9607874  
117.1027348  
132.437494  
79.09733505  
2.788037619  
1711.004772  
399.7797609  
347.0785482  
907.7399052  
214.4546288  
317.2799714  
95.98677423  
74.04828251  
806.7776491  
367.9946747  
178.2278867  
333.4303885  
1039.592621  
149.2187847  
13.07290872  
688.7761198  
7.104275557  
304.8841465  
101.4034613  
309.3341766  
8.327984558  
927.1041096  
726.4652929  
190.2896985  
360.5432945  
1879.828832  
646.7653059  
2394.204223  
1025.970332  
1092.001139  
1063.667077  
617.5627572  
176.6754964  
1738.207547  
137.4709736  
77.79500562  
66.81746165  
914.2441902  
1848.838678  
2013.606074  
642.0817955  
431.2535872  
611.5525945  
2602.997817  
952.0842251  
270.9514923  
2148.227454  
1143.574358  
137.5292228  
451.1109628  
104.8562017  
69.96541824  
908.9315277  
31.99909861  
332.877685  
679.9869405  
2441.87  
1546.727197  
77.80447297  
308.8561822  
164.9854248  
794.2741431  
428.1336957  
322.8177286  
644.0658609  
191.2515436  
197.9883366  
252.371088  
774.6836784  
186.956857  
270.4337063  
282.2544858  
332.3556801  
936.5238291  
488.4442065  
600.6774749  
740.3721323  
143.3645688  
356.1755065  
932.0206262  
467.7242283  
476.662028  
525.8713353  
179.0970298  
486.2153404  
136.6731372  
1333.44643  
542.2328178  
7.212620073  
119.2689296  
114.9750903  
168.7370926  
487.9802832  
587.8757634  
8.841355566  
968.7881863  
834.0487857  
92.41525934  
170.578971  
367.7005665  
277.8365997  
857.2272225  
199.233709  
209.9638007  
14.67631809  
312.6342998  
382.6768262  
115.0357483  
740.8168159  
374.3381713  
170.9822213  
