134.3863916  
112.4911674  
279.2813427  
3.364531902  
53.89162297  
658.5391571  
1114.479066  
2733.006642  
1218.92489  
1492.147607  
1327.70688  
132.7759124  
319.6471162  
985.127331  
144.4701017  
2556.912401  
171.4260239  
808.1812681  
776.0850395  
5066.465159  
165.6973685  
3223.235226  
1882.448443  
2751.142153  
1641.201901  
15714.74662  
2504.441776  
812.240853  
2597.020869  
12367.56852  
488.2241223  
12983.45338  
2827.146983  
11180.60029  
3516.039245  
6199.88551  
2396.296344  
7328.08804  
2294.451073  
9099.54588  
5900.631715  
3333.224394  
1398.804747  
1216.54718  
580.8413728  
7159.080509  
1644.913018  
1696.902164  
253.9815096  
6597.730811  
728.154644  
7642.265715  
2217.170036  
2190.806067  
2469.158057  
986.1463469  
2291.128824  
3331.714777  
3465.001899  
3095.42623  
5046.84757  
1154.040993  
4008.546383  
308.6439393  
175.1260828  
210.4991044  
1169.769911  
1313.529248  
734.4827798  
137.0016268  
124.8998879  
1305.969545  
180.8241391  
3867.987739  
57.38573834  
753.2139436  
362.0461194  
1918.466549  
711.6000078  
512.9881192  
303.7676789  
193.4205176  
88.07034765  
442.060777  
392.1621519  
493.6746866  
1476.303166  
791.6211804  
73.85003519  
206.0159014  
838.06924  
931.1997337  
1614.483867  
2383.54666  
350.6946593  
335.0320252  
259.4040544  
635.459761  
395.0617826  
1624.488022  
373.2509823  
1017.784934  
733.1571971  
1922.133417  
142.1823741  
520.5378452  
837.5658424  
1510.042023  
368.1433445  
1805.340373  
855.2955244  
860.9272631  
2016.088376  
908.3167462  
118.0900158  
3240.313391  
1076.960341  
1693.627237  
1306.036513  
29.6881065  
791.1448484  
2282.683837  
635.3305159  
255.1954284  
99.33880303  
194.5947624  
1157.87157  
1474.585382  
65.90125776  
51.53702424  
108.4228518  
748.1339029  
209.7459353  
1329.725618  
930.3023078  
171.318231  
1255.130551  
168.318046  
797.7101515  
738.2208626  
125.6139892  
122.8564383  
609.1926764  
120.8445678  
78.96635442  
155.5214692  
132.8667738  
541.6772713  
36.05473566  
562.4412365  
360.5001286  
300.3441773  
3.282339682  
256.3010029  
70.93909694  
435.22082  
377.9364512  
440.9141985  
1568.26321  
11.72650586  
1404.261622  
54.28801189  
134.433222  
14.41080159  
321.7721261  
39.16516672  
66.99611561  
79.33288859  
132.8356742  
10.06568251  
532.0620003  
98.42120307  
116.0796586  
129.687566  
343.7609392  
150.0790357  
112.9033621  
11.55745873  
250.1614527  
82.74149871  
544.6132449  
367.4863433  
461.4651621  
248.3353826  
526.7862897  
135.5722687  
44.45231591  
135.8320957  
190.198558  
131.7979772  
206.7730053  
353.5966637  
738.7641224  
144.3513293  
140.4834961  
512.9937372  
177.373798  
19.17381696  
603.8965778  
424.9213112  
39.16098775  
37.28568534  
173.0239744  
15.21136924  
80.43213096  
527.5068727  
489.2624381  
319.4678224  
624.1199773  
796.3705381  
302.8151585  
68.51013156  
55.68007898  
169.676948  
123.4171254  
165.7310156  
144.9066213  
366.3451453  
124.2218021  
304.2693197  
368.7239977  
6.956250226  
268.6924585  
163.2349113  
391.3263229  
46.1183379  
272.4001215  
79.26415515  
238.4068842  
67.76391515  
312.8434499  
339.6558186  
463.9795868  
132.4401146  
510.0249828  
1199.808088  
1.62491629  
72.2420639  
100.9929383  
7.182499492  
75.45995555  
152.4133449  
511.4562022  
152.8114424  
29.17580463  
29.14271004  
186.2297047  
612.2267719  
663.4511614  
235.4741256  
617.2955201  
2367.097688  
9.701660376  
81.86978237  
126.4495387  
1108.625243  
292.0972437  
75.08093139  
457.8555313  
94.27815278  
62.64359312  
880.1414883  
164.6722982  
576.0045137  
312.3353345  
567.213565  
196.2877797  
406.2342197  
284.2827337  
525.401918  
269.1910155  
0.7782991522  
873.5641627  
25.07964073  
252.3451491  
537.8819115  
16.38160174  
83.28870629  
5.546388272  
105.2893796  
33.19677422  
436.2655439  
161.2485861  
58.90318729  
84.42500505  
55.75328579  
1.685832048  
385.789259  
168.285033  
130.4692793  
111.2653859  
577.88867  
20.1043942  
62.09494532  
171.5314232  
