222.1074087  
75.35930406  
74.10496388  
519.8119956  
715.6934922  
1046.900883  
2145.865511  
1705.018581  
1297.662377  
4725.148434  
958.3093819  
8083.627671  
5847.181758  
897.781215  
2642.697904  
941.6326303  
1813.923594  
2489.380081  
506.7644972  
1298.366741  
5246.480345  
468.4965005  
97.86789664  
801.3562949  
2213.726756  
3970.124772  
4358.965986  
135.336558  
129.5009787  
105.2653095  
465.1350229  
889.0312223  
5298.349178  
190.4723052  
2857.239862  
345.0663169  
639.5972275  
823.0059894  
164.8869417  
377.5575543  
8650.082235  
1316.81309  
1546.207486  
379.6481078  
707.1318165  
846.1100436  
2695.855928  
2024.808249  
848.0638389  
768.866844  
607.1480689  
656.6984136  
293.225315  
513.0690343  
901.6216612  
1316.002759  
1235.731727  
716.7090673  
1079.861405  
2761.490468  
1132.376335  
60.81103175  
344.5315428  
1586.623153  
756.9236748  
121.5010025  
897.6841185  
523.7568779  
1333.520397  
956.4012038  
601.6491116  
66.32543596  
176.4648445  
558.4070397  
2486.912871  
2632.022014  
923.4095765  
2101.227336  
782.7570421  
5533.404043  
2770.546653  
500.6596489  
607.3668709  
1528.488834  
687.4135668  
3182.310447  
1383.534678  
660.2489073  
5076.583303  
5787.448042  
10127.28786  
1437.054449  
10440.13002  
12510.9243  
4991.927605  
11963.794  
8747.772279  
14940.24137  
10092.58749  
5534.34524  
7081.886603  
3495.455459  
16568.45623  
24882.71501  
8262.926084  
42611.9994  
15165.06453  
25402.05629  
21137.93986  
53689.50233  
80295.64924  
90274.50494  
5471.349372  
52175.31084  
10840.92928  
26251.56579  
77013.12928  
51685.17961  
172602.9614  
45729.92835  
6937.155058  
8158.250718  
28501.25737  
31437.42409  
2037.611632  
12600.66422  
26394.39779  
7547.306191  
17548.55472  
897.0764306  
18801.06569  
22858.72626  
18125.90451  
1181.409425  
36121.87617  
2781.352779  
19751.47458  
6694.185071  
4265.740944  
21058.23614  
9955.619383  
3106.28018  
258.5447742  
2521.845257  
2646.99053  
5335.242729  
1919.262175  
7684.144335  
1318.761202  
1841.606542  
809.6246512  
3399.609461  
8592.466837  
2651.732488  
158.8865125  
1037.423393  
3383.596826  
4853.974535  
391.3594638  
3882.596513  
3757.132818  
3.033878438  
948.6822266  
2046.7622  
3090.736516  
126.0485422  
1050.754813  
3082.11673  
2727.504089  
2193.417125  
2198.716286  
3887.662936  
103.5305289  
692.9248761  
737.462656  
1511.900696  
1856.090112  
462.1845356  
1371.900351  
510.4709096  
591.7335046  
2462.263686  
1328.814904  
557.467248  
140.9398869  
2290.755483  
644.2426135  
1947.727124  
83.90596017  
2262.17366  
436.9185146  
102.1738752  
1555.132629  
904.4905335  
47.9354512  
1514.611302  
1847.632961  
496.1196171  
464.3503172  
1503.01923  
380.0997391  
10.7414497  
358.198811  
215.4973333  
53.24527767  
1130.949249  
1644.817249  
866.5512184  
1740.552961  
1456.911812  
5842.616559  
2551.599106  
3136.884137  
313.0088242  
450.1881549  
247.4113457  
77.13478172  
48.99788316  
1703.097668  
995.5006397  
1759.527617  
286.9522438  
1081.256152  
361.5304907  
128.0813226  
3419.882211  
1064.053206  
5023.900569  
26.18939427  
2678.289046  
939.6776751  
580.155127  
3193.944493  
1011.926216  
916.7990082  
846.0295072  
2953.694689  
124.1512466  
738.0398089  
666.5049434  
1395.148533  
3781.616754  
316.6839899  
467.7854909  
364.5319625  
269.7215281  
384.7833191  
671.4594495  
736.5830969  
557.3321296  
7555.993308  
2690.889321  
1619.858195  
409.2339048  
444.781773  
1171.597221  
1267.032508  
14.31616339  
61.48872533  
245.027502  
111.0665177  
666.3540645  
112.661361  
1016.314264  
1335.551939  
1875.278318  
1915.884486  
1619.923846  
951.398604  
110.5168275  
908.5829795  
2154.766838  
1681.202268  
163.0111331  
1695.225468  
525.8156008  
181.7687733  
1656.68015  
280.5077306  
248.5550071  
167.4063117  
879.3888824  
826.3597064  
527.4336525  
19.03434097  
578.3226306  
1098.598971  
763.4086121  
2266.217272  
96.88293901  
104.8098445  
175.6292423  
498.955004  
223.6380063  
432.2926054  
