28.20672293  
19.73229648  
453.5539389  
15.4714873  
305.8625475  
15.15814774  
1577.679142  
417.4873577  
2633.359494  
276.2966679  
135.9767395  
3.243905475  
440.5892131  
3253.59793  
3170.766923  
73.70693301  
5388.875951  
2171.885425  
769.6764685  
6339.451102  
907.0570875  
9830.280663  
2284.45794  
616.5570945  
166.7875872  
1264.156143  
3578.762152  
1095.899912  
39.19493429  
163.8494728  
1620.619685  
669.4744012  
6653.784721  
540.8022962  
10798.54205  
141.5523584  
1851.374627  
2508.029165  
3528.969198  
3510.679988  
18632.70867  
8709.907799  
7246.197429  
6674.119771  
577.3469241  
4475.253346  
4921.886893  
5192.129054  
1776.197325  
1955.50818  
5009.807517  
3031.664251  
3500.902084  
6734.542746  
2011.977043  
2015.202567  
5673.46631  
2156.371094  
2975.705981  
102.3172121  
1106.353536  
1926.823361  
4412.536735  
5749.563466  
333.7681443  
210.9017242  
647.4503556  
3265.811788  
143.0075901  
623.9917755  
213.5606135  
1281.296474  
4348.795863  
12.62528324  
5435.921696  
191.6019819  
1432.797685  
1606.229058  
502.4448573  
190.5180302  
457.9460794  
646.3203009  
811.0355128  
182.2811782  
530.036959  
1397.558393  
184.4589142  
1402.252981  
1153.104296  
696.2580247  
2712.862462  
465.6568289  
2325.237769  
3388.113518  
375.6818052  
345.3263041  
6262.69576  
2131.326864  
149.3280208  
1600.213665  
257.9071463  
2459.67612  
26.89877814  
1334.386462  
1743.34761  
5635.086315  
2046.90799  
1874.139889  
3125.263042  
1604.604501  
8792.198021  
6354.973404  
651.8573428  
2437.098461  
365.5847014  
7614.222375  
7650.567854  
1354.126226  
12548.38627  
2258.300006  
495.1032543  
981.2535754  
4069.788801  
2826.0015  
414.3331556  
665.5696651  
2045.200444  
1460.108678  
535.2548711  
207.4934746  
2551.156088  
1109.506778  
2765.05523  
431.4257792  
1132.639892  
368.7796861  
2490.065002  
35.23245336  
411.5878643  
289.7592441  
1269.052524  
984.9237583  
133.2370102  
88.49330425  
1050.415529  
976.4932033  
199.9796839  
437.9863762  
512.6740769  
516.7232059  
129.3943034  
232.496487  
388.5639805  
999.0209149  
81.40378951  
375.9363747  
952.4067424  
12.73933201  
68.28678547  
719.4491926  
532.6584138  
295.8708281  
145.9923086  
274.9451368  
933.071306  
179.7703373  
217.2717082  
336.2825549  
483.9528996  
139.3953512  
13.15403143  
700.7094446  
135.4680325  
295.1684822  
40.7247871  
235.2506198  
147.0355924  
35.08367352  
404.432195  
388.1042456  
184.5125805  
559.2579321  
1209.39734  
0.3106122146  
114.0359119  
1247.259999  
528.6353507  
205.161176  
0.8300760578  
0.7377443699  
729.1684458  
23.85115043  
194.2895151  
518.7693467  
314.2410203  
99.47797289  
289.6979085  
139.2240248  
134.2255611  
54.53680809  
167.4996419  
82.81365954  
36.12661098  
358.0267045  
164.6216738  
575.0189672  
131.3327379  
398.6812946  
747.7095797  
115.1610468  
179.473314  
294.4343117  
1148.507258  
245.3922261  
651.664089  
354.4706242  
294.1130937  
181.3172306  
29.55587627  
69.03737429  
18.40512502  
627.4386263  
272.636431  
685.1133636  
0.9220689816  
246.8501664  
256.3067984  
1039.569757  
257.7514108  
28.75333181  
225.9465468  
17.9177045  
186.324431  
566.7376182  
359.0174707  
608.6564227  
197.1378381  
356.7821195  
203.3875573  
676.2390104  
477.3989305  
133.344324  
491.3399313  
586.0855383  
19.0632015  
519.3355964  
387.0418051  
212.6257107  
718.2518912  
140.2845651  
1709.220636  
2292.683112  
53.18168397  
36.55009557  
199.3424832  
583.1107455  
279.4662754  
234.3768468  
687.3876241  
357.8873923  
1003.896434  
1345.19105  
59.97007321  
361.2956072  
272.4266569  
1299.675726  
533.9823055  
43.0655139  
253.0352858  
16.75104197  
439.0262708  
244.3491675  
838.8132311  
340.3951411  
429.4566625  
654.1787017  
6.901049953  
335.0357882  
455.0025706  
343.3398738  
19.40925418  
79.26247235  
69.50448568  
6.826298582  
633.2315822  
4.5257755  
131.056826  
28.83827802  
178.8980148  
20.79198659  
28.60538949  
44.53311406  
36.92487017  
122.0606382  
312.8853127  
