355.1166668  
51.16060275  
795.6220111  
359.9760338  
1353.030419  
2255.358716  
6944.113382  
1371.881358  
1088.935945  
137.1559274  
1348.955477  
9134.362115  
888.0613529  
4441.483967  
4088.492278  
2093.222586  
322.0282916  
714.9894307  
3105.015753  
18667.1027  
24522.13293  
5177.26098  
6199.296581  
6189.709379  
8314.795018  
2141.749667  
372.6742797  
6077.089261  
7550.292167  
9079.598373  
19622.30505  
24487.2283  
6716.757084  
47003.4285  
8800.487176  
10491.22511  
3781.593691  
18930.17441  
12662.36168  
3752.333828  
70847.10566  
8958.537824  
36089.59622  
5389.206311  
9871.76907  
421.2480731  
8707.14368  
19898.92263  
10328.15032  
320.6453388  
2660.650288  
12022.72265  
6020.485472  
1711.860133  
112.027085  
1100.04516  
3381.207737  
2136.509866  
12426.57469  
281.5303129  
1136.636393  
1398.440541  
1219.6522  
1378.675903  
216.6333709  
1663.264287  
541.2866522  
1331.795476  
128.706777  
473.4404227  
647.3448178  
875.8855044  
479.6089761  
521.1855297  
362.8552744  
3384.339031  
2281.015616  
2935.263502  
1484.607255  
17.67965818  
2800.004909  
165.8878053  
499.5159682  
1820.790073  
659.5411422  
44.52892656  
1800.989722  
190.7503093  
320.3191938  
4077.392691  
2447.733791  
220.8498512  
664.3379494  
107.6741479  
2847.934621  
433.6398924  
2561.97153  
6660.028643  
3354.141585  
723.6056673  
2271.142135  
1499.859682  
5437.589501  
4950.345197  
2007.04689  
6987.188991  
3469.075603  
2008.598979  
1758.599776  
12369.46521  
15297.93293  
18974.37969  
1393.219464  
14839.95654  
591.1309094  
3543.533153  
8681.435786  
12089.94105  
37645.28732  
12994.46275  
625.9416006  
2754.218654  
974.4469759  
11882.6703  
656.8847058  
1678.591793  
8489.903045  
247.7376479  
2664.182581  
530.3567483  
3694.494789  
5171.907053  
2780.640696  
1652.982481  
7819.631785  
1051.43262  
4286.1384  
423.3931501  
1373.070879  
4918.844133  
2900.457399  
761.0930313  
7.743215783  
250.0287998  
2786.894447  
1523.722018  
222.912167  
396.7351209  
534.3847587  
274.9666447  
844.5129057  
987.525374  
908.36406  
222.6875763  
758.0506104  
757.8096373  
2975.674479  
555.2081349  
240.6144859  
624.3693449  
1217.120826  
108.9822177  
664.9419989  
459.429365  
201.6826939  
46.64924893  
341.6017113  
634.4984022  
273.4587516  
147.1351156  
1335.625313  
154.5933656  
154.8447487  
114.7650943  
57.13899748  
218.7180201  
221.1278143  
285.596779  
833.9228937  
56.8200299  
193.8598457  
2118.521238  
151.3819145  
381.3432678  
227.7365355  
1441.591721  
80.30238553  
572.86571  
1035.363659  
187.0167191  
55.11221046  
284.7009655  
110.4750824  
351.6979576  
63.34663347  
41.48268641  
1207.78697  
841.5373617  
83.6276396  
573.191126  
449.1854986  
76.18423831  
29.83447147  
33.65356623  
42.85473849  
77.03949046  
67.05718994  
149.3699713  
66.22644339  
165.9525147  
1011.621508  
731.0427601  
334.7369158  
2.446026889  
180.5316416  
371.1241504  
6.463777  
18.32290179  
44.79949163  
343.7763846  
598.3820489  
1244.011107  
382.757439  
700.2214917  
26.87857608  
43.63864002  
734.7734399  
224.5522071  
217.6318988  
40.35542445  
160.6244443  
91.44581014  
354.2824013  
93.72575385  
32.59359745  
704.9159362  
550.3343287  
12.85217929  
224.4466385  
146.0920564  
359.327356  
36.69865288  
9.661597133  
165.1607401  
32.70059398  
234.6050707  
366.0163202  
223.0170975  
91.5196293  
92.20925429  
531.9958855  
32.99593353  
22.67081177  
25.05887285  
175.8524497  
403.7961774  
3.751739079  
56.93077275  
17.12550152  
244.5486286  
31.72888853  
421.6033017  
11.83572999  
385.818372  
534.0739197  
121.5965205  
98.49351258  
159.4082554  
28.00653715  
16.90272345  
45.62428427  
130.2227277  
190.075256  
77.89345042  
288.0366231  
86.52648906  
28.28427695  
197.7020182  
59.97568846  
51.10294248  
139.359749  
67.47071191  
171.6054358  
36.92533745  
417.9954028  
412.7718806  
85.71380424  
39.64225662  
82.82543092  
369.8307815  
97.22725663  
483.6122611  
115.4426076  
100.3690982  
368.6716741  
