52.39515894  
97.78711862  
452.700961  
359.0321611  
312.347175  
386.7004616  
3770.210788  
959.3371168  
1046.275373  
458.4914945  
288.3958326  
990.6466255  
1644.681691  
490.7845018  
711.6050711  
733.402954  
1490.511721  
1293.45453  
553.3914088  
1005.300208  
11000.8095  
1069.848007  
6096.283717  
354.8993259  
4146.070787  
865.4149948  
7559.759284  
5576.468071  
6210.704824  
5203.730311  
9395.801373  
11331.11059  
5923.007189  
42574.73774  
5778.137026  
3029.007954  
772.9849772  
13878.04971  
2226.003975  
44.02865236  
37543.20727  
11874.7931  
4750.01543  
4739.090532  
2132.515052  
229.7262133  
2411.947626  
5670.016603  
9603.40763  
114.8499294  
31.4256762  
4806.299292  
496.8955097  
1552.87749  
522.9238996  
3236.650419  
490.4534666  
2026.191184  
3758.821591  
1342.647789  
99.87840702  
1784.955048  
797.2185659  
1556.527606  
667.5554102  
521.6040866  
1423.608609  
1511.157187  
508.2752656  
620.0063086  
1668.159186  
1540.903975  
63.89868142  
355.28373  
196.0113633  
644.7902975  
2866.348414  
2824.780024  
265.3670413  
1075.115789  
831.4672737  
753.7462744  
202.1578939  
235.6513893  
1465.067534  
1257.169341  
371.3397948  
2193.21147  
279.9550396  
858.1738618  
3106.465862  
1496.891814  
1653.009224  
1767.462565  
1349.224817  
1136.12556  
63.87162894  
821.5214603  
679.3334774  
724.9682869  
693.8280714  
181.8357758  
260.8177363  
1464.720213  
719.4667564  
1143.966118  
1539.750921  
21.37893312  
1118.967548  
647.5310097  
2385.223115  
3559.577839  
231.0835323  
1547.459075  
417.1568349  
4093.286756  
1745.084355  
900.4800175  
5280.883396  
968.6306201  
228.3430956  
1018.156892  
427.7567321  
331.9890917  
12.97178489  
532.0613066  
68.50328986  
1609.955544  
447.5475127  
335.7108215  
1184.026206  
22.27199263  
556.7959837  
158.927454  
1184.315717  
1205.214432  
569.0656882  
224.4249278  
25.51463433  
943.3137244  
796.7742226  
16.63345839  
283.7954555  
92.36827721  
1432.841462  
301.3687376  
237.4547579  
172.6631384  
826.5608139  
406.3871597  
59.63889673  
677.2570409  
46.1093155  
47.35283424  
428.6853519  
61.60209592  
314.8382043  
699.6056161  
4.458759414  
745.0426685  
10.8444673  
3.638559988  
405.4947524  
203.7087108  
919.329685  
161.6109652  
160.6852927  
622.9150043  
299.4537237  
29.30335882  
6.672634499  
390.9375701  
25.87811833  
297.3340465  
66.94720247  
7.832915482  
190.4509304  
556.2889536  
211.5878156  
0.5816144401  
58.23281459  
26.01332032  
364.3202882  
96.8710677  
361.2416309  
187.0412171  
31.21545011  
368.216432  
151.2716859  
6.453174648  
178.3194563  
185.4961491  
59.34179307  
120.5083858  
301.7887826  
164.1633024  
299.0566901  
210.5544856  
74.21268861  
98.41559893  
647.0707975  
83.43877338  
39.15668183  
50.59602282  
484.5849007  
138.5218814  
45.44148721  
445.980497  
21.71263949  
276.8027997  
109.8687618  
880.8495575  
184.6746586  
18.79466911  
145.7476116  
731.6017811  
632.8618482  
180.3682131  
38.12300431  
578.1721953  
374.1671004  
310.9859028  
136.015985  
62.77105835  
13.08235759  
334.2961164  
248.6780491  
18.62618365  
63.12922574  
55.16964912  
85.86555222  
146.6185045  
804.56646  
199.7768289  
147.8929274  
441.4593763  
76.21729905  
40.49396142  
11.19948242  
480.3541783  
24.17289847  
500.5030346  
263.9666373  
38.08944604  
6.029228095  
97.83820873  
120.8700072  
18.96425828  
177.7614695  
483.5753716  
338.6096831  
614.192312  
60.27623249  
219.5000272  
243.3122508  
229.2594588  
192.0004445  
82.050934  
391.0985858  
25.18271585  
108.4506055  
451.867715  
72.94411292  
128.5032359  
28.72177391  
269.3146314  
172.4004398  
74.44474217  
223.255359  
308.7553941  
403.316925  
113.4976517  
267.6490839  
2.727411182  
94.25789882  
118.7884929  
15.56599764  
24.78831669  
203.0997142  
85.19696747  
55.96079645  
314.0865448  
54.13865026  
1.088083069  
14.00376704  
186.0194501  
70.77092945  
84.72159747  
76.64074629  
43.40547525  
38.97067616  
293.7505298  
236.1570696  
6.805721782  
6.751833533  
