0.1289658952  
71.15293607  
157.3350421  
53.37533455  
246.9066051  
709.556464  
608.0764061  
174.4406329  
1786.607757  
460.1501006  
681.0041147  
182.6111674  
408.0607057  
837.8744458  
197.7502248  
716.7237298  
28.05312789  
120.7975562  
158.6906031  
356.4520398  
1412.163998  
16.78047392  
904.2802365  
1291.036912  
2698.174958  
3.893297713  
1383.043692  
3500.479263  
835.9440484  
866.7371405  
712.7002766  
3679.397943  
1898.355892  
7744.983067  
846.5010134  
552.4547573  
1641.637752  
680.1549219  
1199.499871  
3445.5788  
621.7340356  
197.5772917  
847.9623112  
604.5989548  
1360.425604  
81.59587495  
1839.505536  
1064.373023  
364.1177747  
1241.442599  
186.3525778  
101.8872721  
301.7169821  
58.31391022  
1607.109829  
2787.753019  
88.12377465  
894.6451863  
454.3699361  
1544.065291  
1969.195258  
1271.428455  
273.6279707  
397.9343104  
425.3123344  
1112.376795  
92.18313317  
700.060217  
165.758158  
1481.981129  
615.8735913  
1055.707141  
398.7280292  
544.1454686  
620.1160479  
21.28002146  
1185.570366  
936.6232827  
671.7820547  
698.0852952  
1166.016578  
795.3965838  
1017.141231  
145.7981538  
419.2865381  
4228.072772  
808.5015265  
159.1983942  
2863.176387  
308.4733438  
1284.109337  
2053.189087  
2343.378834  
1237.261349  
660.1566197  
795.1139509  
887.9090734  
6552.281027  
833.5536835  
440.0160635  
2256.224902  
178.8251032  
3241.711683  
10231.76645  
3982.691084  
9837.891339  
1278.035236  
3214.844065  
10614.80833  
23811.40342  
16333.92739  
23144.33579  
4874.399428  
6217.17591  
1638.283923  
4159.749878  
8436.553026  
9730.40528  
26745.79588  
11593.26031  
633.1122397  
90.83654455  
5149.063371  
4157.480185  
270.7264722  
969.0459282  
10391.20996  
2384.54724  
741.4514514  
1726.871898  
507.8471121  
2974.819257  
1820.07035  
326.0952435  
7928.122879  
89.32384207  
2035.247146  
399.4871984  
234.7273364  
2971.082845  
780.7947773  
617.9053892  
608.092985  
130.366899  
517.9116124  
2253.074246  
955.9355631  
29.72117829  
97.45687022  
225.3432821  
828.5431572  
289.0488288  
1053.953472  
19.89965033  
176.9518107  
82.59436827  
316.8580482  
1225.295788  
391.6641164  
1342.982241  
727.977742  
460.3100389  
416.7454168  
134.8354897  
322.6090252  
449.7529562  
822.7860499  
1023.765153  
868.1188701  
246.6706997  
1751.283521  
1065.671154  
176.9210502  
278.5271671  
10.1969555  
348.4942675  
212.7456181  
286.1128768  
528.4789035  
479.0177668  
388.0559999  
269.9978182  
155.0999913  
2554.381652  
128.7953702  
44.63074547  
470.8931732  
144.5937002  
167.3982313  
293.7911018  
9.106762034  
664.9879245  
140.7846723  
920.5763383  
517.2860761  
82.44823017  
578.2589262  
238.9563862  
211.7479892  
432.2117713  
256.3116609  
304.0651113  
582.4988439  
33.07285845  
217.9230261  
22.20211699  
698.4591445  
20.58077227  
7.122563676  
475.7000139  
375.383345  
876.7123239  
987.9563088  
108.7269939  
731.3770701  
211.8762932  
269.107626  
1109.871623  
641.9547013  
142.7889371  
447.8830714  
92.28356203  
31.06634721  
376.1266267  
191.3127479  
246.999578  
247.9357959  
713.1014316  
408.8328377  
1333.162218  
487.9070983  
1096.391256  
140.9720875  
779.4599494  
200.4180977  
350.4235313  
359.3739773  
51.92396454  
115.5686406  
203.8048696  
276.4368985  
356.9823591  
189.3080634  
180.6518681  
221.9143282  
503.1721504  
282.028525  
172.181296  
942.366608  
854.5826194  
544.5591617  
1143.458229  
137.4940531  
128.9865408  
60.31390056  
1404.565657  
731.84951  
369.2168188  
55.24020762  
128.9301643  
100.6530418  
413.7233474  
50.75875953  
499.7980475  
602.3746633  
636.763134  
16.62653775  
156.6567021  
287.489644  
379.4174493  
725.6992584  
31.85577253  
1186.132658  
54.36212055  
267.0253863  
220.7958223  
3.133146033  
255.9265916  
37.67477132  
280.4802537  
99.97150196  
164.2341916  
474.0485279  
5.702919629  
418.1591498  
26.50323562  
366.1529197  
9.855948489  
151.5574454  
123.2205576  
108.9066238  
228.2808739  
730.2229767  
179.4126164  
226.8264201  
