166.754937  
30.01813934  
507.3508151  
314.7712012  
962.1776097  
1041.657894  
67.1969675  
304.7323788  
3980.831874  
485.4199412  
755.245592  
2851.588805  
1127.73376  
1650.56678  
1173.790714  
4069.987434  
729.200996  
1744.668051  
3521.127487  
74.07842391  
1220.901115  
7528.441902  
2592.107843  
2728.008321  
1.536607738  
1332.798817  
180.073053  
541.4898343  
184.7091579  
85.3089236  
6504.867804  
608.0099305  
4441.878217  
4307.753235  
738.3671786  
320.2210919  
975.3075775  
4870.406352  
2945.068236  
416.1933938  
1068.442072  
1666.12288  
777.3667812  
1653.06334  
2922.085306  
1705.844421  
87.04923572  
1756.74403  
1355.043783  
637.4553302  
2165.364768  
1819.6226  
135.0655105  
3639.910089  
5.660302222  
261.0473746  
4459.224403  
909.9345954  
897.7769867  
1483.548  
57.24105846  
293.7077901  
234.4260822  
1866.261857  
1230.570176  
2960.9874  
1064.21227  
2807.744877  
1346.88011  
1971.191928  
848.5833944  
522.0870212  
310.7694917  
264.7621649  
35.27926313  
510.0902716  
533.4019597  
2236.265868  
268.6185671  
3146.37939  
309.7160685  
623.7598447  
455.4232929  
445.7612305  
1445.935486  
2429.319716  
16.82178925  
642.9730323  
1201.897246  
1480.773243  
885.3035583  
2379.476223  
4503.572288  
3724.46484  
1871.89036  
2059.588545  
3394.519024  
5195.82579  
4674.988378  
1823.326488  
5379.569268  
1433.272978  
7033.140964  
7343.159964  
3744.831637  
8843.058345  
3333.376212  
3888.09922  
11002.18278  
8505.41103  
32905.04875  
29653.64521  
3457.271761  
15892.40539  
5111.297604  
3125.932617  
21665.16735  
14154.58378  
40738.01178  
13234.43131  
3481.659378  
8343.180806  
2110.373635  
8246.25721  
66.26074573  
3840.960218  
5672.260384  
1200.604477  
4135.087879  
151.1994892  
4105.124398  
3991.282667  
4715.482342  
67.60222316  
2754.537329  
2258.339264  
4292.550175  
1823.950926  
1146.484163  
3736.00794  
2960.295613  
1790.402779  
46.55845672  
72.36419328  
2474.072617  
1679.684436  
256.3351174  
120.1709719  
1398.407642  
247.2427953  
221.8741154  
118.5133359  
308.9977921  
62.66767399  
253.3585266  
693.3944801  
722.1312255  
458.1852607  
141.7834336  
436.9821499  
224.5442655  
7.33317852  
168.2197686  
0.8263078043  
154.5794224  
276.0185811  
58.36254192  
13.56851689  
432.8656818  
1058.977538  
1165.276749  
424.9378781  
311.3172594  
140.0968803  
191.3095974  
59.10495504  
122.7758779  
98.67823473  
901.1656391  
426.6613411  
250.6101827  
108.1680943  
1072.395576  
35.24523617  
652.1111874  
530.2003104  
14.71685079  
109.8321052  
35.79848705  
75.36238677  
303.5577591  
0.6185340753  
22.07892206  
75.93575579  
253.1263598  
427.668813  
392.3996557  
465.3422806  
59.91759634  
214.7857283  
139.2309108  
221.1475317  
228.4270915  
370.7647698  
35.50176799  
85.000424  
58.90215838  
995.6208484  
318.9744518  
1009.080356  
300.6771499  
20.58228618  
165.9222635  
120.8823617  
76.07176366  
526.6854338  
60.9799249  
86.92649586  
189.448108  
99.34453047  
151.1626491  
92.2049214  
85.34762737  
572.9835204  
294.4562171  
642.9379709  
231.2103393  
162.5242304  
82.4493867  
93.09463632  
599.1896067  
55.34549476  
86.16080591  
188.8180609  
148.1814711  
876.9426104  
15.93056524  
303.1574604  
324.4495548  
187.5136032  
403.3587402  
67.01421498  
15.57657128  
164.4128355  
412.3820849  
91.16149775  
265.5312615  
122.9571545  
189.4920529  
134.2862714  
22.09973514  
432.2740668  
416.7809574  
30.66502397  
62.65508709  
205.6858043  
284.6128242  
192.6031589  
255.3243551  
25.93852955  
42.36507355  
3.331252914  
369.4871561  
231.2942555  
133.8831989  
189.1229465  
25.45585314  
159.940866  
39.0903994  
68.12209531  
10.2528058  
57.30367851  
303.3833266  
245.9028074  
201.9379055  
538.390387  
117.8656658  
335.8419817  
560.5184092  
1141.556233  
19.48339946  
38.93684887  
9.207815131  
38.30718184  
160.264594  
283.6046329  
235.963938  
125.8578576  
238.9553956  
105.3226098  
12.22090472  
139.363514  
103.3046423  
87.40648519  
129.0425858  
