43.13278982  
23.4821129  
174.1308561  
205.3377153  
474.9343408  
364.2961698  
443.4580158  
226.9584372  
785.1390535  
372.1679198  
301.0911856  
496.0007424  
588.4529577  
262.5169796  
887.3135228  
1911.743653  
239.6999662  
1794.817158  
1880.605908  
2467.197373  
2279.714429  
31.92349956  
3786.475607  
106.5131594  
2405.81517  
1600.901008  
600.8006129  
5176.813431  
2136.465344  
1598.242129  
936.4593013  
3554.509094  
548.7903853  
14193.77399  
2321.638572  
3770.339881  
344.6423935  
2153.143638  
124.8816589  
343.1526265  
9987.249072  
2506.711085  
5346.002297  
1332.151873  
1655.549137  
2801.928984  
992.7648117  
6025.404965  
1172.618696  
46.92414773  
260.673054  
1662.614036  
1276.013581  
2898.055075  
31.95418256  
1145.739823  
39.43814928  
24.34596532  
552.9602373  
853.5397707  
683.2064119  
680.5317644  
179.8066909  
17.59784109  
88.74697368  
172.1605075  
630.1452873  
163.3933225  
749.8886069  
2110.982436  
770.1827558  
51.93138378  
247.9316512  
783.3991461  
229.5475795  
106.0878643  
2422.984187  
194.9739196  
1497.743393  
533.4677138  
1730.327246  
948.1029735  
111.5398519  
497.3391951  
98.65366751  
3173.183407  
747.8783751  
823.3800354  
1992.01511  
162.8772178  
1063.535721  
742.3690749  
652.9445  
5635.915105  
1551.897888  
3116.658259  
1452.624592  
3976.6409  
1130.679155  
643.860606  
394.3759953  
548.0127097  
1512.098265  
4875.744043  
1792.40642  
2459.192029  
3529.54916  
5660.272886  
3888.968954  
9207.917393  
15291.93551  
9082.00806  
1205.96564  
5702.695818  
1908.819202  
2161.35077  
8815.866184  
7465.506321  
31204.26791  
8910.243794  
434.6279189  
2053.739588  
7556.371335  
7522.607271  
106.0839199  
1814.561468  
6277.207332  
555.7838668  
1743.912832  
388.2617229  
1766.452022  
2053.116298  
2177.945229  
160.9203763  
4096.571264  
173.9965243  
2823.023344  
958.9836921  
352.7247277  
5622.520341  
1626.518716  
1243.554044  
1410.163893  
464.8096841  
355.5487976  
115.5258296  
31.43864936  
1131.502636  
701.7482719  
1123.540853  
359.0532596  
257.210214  
856.6200945  
257.0744971  
266.7537398  
551.2464352  
1952.615805  
2529.854792  
847.5282355  
745.7517366  
64.53719176  
204.6636556  
227.9960458  
114.2197487  
134.6088492  
1194.92091  
3138.100972  
634.814793  
1016.869227  
47.70883917  
10.37568882  
188.881202  
297.7771833  
137.8348927  
430.300804  
136.8257561  
896.5633841  
725.4918764  
23.7918974  
223.1403176  
34.45610318  
97.14173075  
479.0613801  
580.417523  
144.0179522  
230.0446665  
903.3467075  
94.76865845  
169.8600472  
881.8990215  
100.5779417  
139.915314  
381.1699324  
220.7701283  
57.33202383  
70.56147438  
287.5034838  
713.7116534  
458.3599752  
181.6062993  
187.5689382  
972.0336815  
389.8583582  
24.03598484  
716.6671678  
235.7380176  
1673.670058  
35.21965208  
634.6445046  
177.8596871  
34.31504992  
625.3090231  
9.70585542  
136.0790181  
51.01230899  
799.8290667  
297.7018007  
79.55416615  
551.3165778  
17.31038907  
189.9428171  
215.8352572  
132.7780018  
592.4885395  
229.6864635  
51.33843109  
46.90073694  
810.4911918  
31.17109429  
44.43245823  
82.96160681  
187.9629658  
2.346960015  
8.007551138  
353.268845  
330.7163557  
154.6307721  
130.2666415  
382.2445665  
210.6813401  
109.4730261  
231.9249887  
7.71857629  
24.80847299  
107.5511799  
301.0186586  
258.9945462  
191.5000372  
320.7425455  
464.6490042  
360.6113145  
729.4212294  
102.9888962  
220.2316751  
303.6316356  
1455.628608  
542.2597732  
58.82137602  
638.3335136  
243.3600689  
66.8099858  
502.1232266  
19.3686957  
490.9822599  
249.5384414  
722.3544192  
288.0055221  
51.63784422  
476.5660047  
78.49020515  
1208.960074  
345.5589236  
980.8285133  
48.02858672  
953.8076941  
120.0129555  
141.7300199  
163.8739794  
329.8197227  
252.0341116  
79.3914207  
90.16397294  
103.9433182  
145.8224122  
95.01835739  
92.41709883  
60.23012218  
34.40608538  
95.17041149  
217.0225107  
50.07008418  
494.4249522  
166.5865788  
116.4801549  
1179.606002  
