13.49311906  
35.67097769  
79.91435635  
46.05786316  
17.01854162  
1150.267542  
1219.020674  
55.07562906  
740.1197753  
2561.309076  
211.0635584  
5064.712541  
922.6428187  
682.192515  
385.223695  
253.7863282  
1388.729389  
1155.350603  
121.7243624  
1980.013194  
1030.888616  
1883.50939  
2724.767706  
1281.587029  
495.6760312  
5233.048489  
1429.002169  
426.602287  
114.1607188  
3429.169263  
4411.14339  
7541.57834  
691.1583506  
9278.957305  
7602.533331  
248.6801513  
906.0514702  
98.62132441  
1711.584225  
172.3581594  
9868.923125  
9886.485435  
4279.255075  
859.196067  
1259.375976  
7564.271806  
1982.938209  
4690.679478  
3230.004477  
1661.29288  
26.84881951  
1692.99051  
1442.230114  
1653.5016  
1709.674745  
797.5885254  
3072.806392  
291.5036999  
1220.33335  
5456.678057  
2316.631809  
632.5511277  
3374.458751  
66.16540878  
769.909821  
5132.331816  
2670.463375  
449.8776229  
766.5804142  
2685.739495  
1647.73429  
1364.426444  
374.0755882  
1817.886337  
1838.157053  
10149.76947  
1023.542892  
1062.757013  
2915.924763  
1509.529638  
2621.153109  
648.918295  
531.2626154  
71.92044087  
899.9936089  
2331.45554  
10532.96396  
3430.846786  
1978.840592  
1377.537772  
3034.517538  
1226.640006  
949.1210424  
1518.435738  
857.2433186  
2566.775826  
2796.382443  
8568.050675  
1626.779932  
613.3484322  
497.5319057  
1761.13948  
1218.672386  
1466.975225  
211.6972102  
1208.714096  
2507.981754  
4111.549954  
783.6752811  
5982.255383  
11010.35194  
11599.32816  
7923.057324  
12906.62822  
793.0929714  
7986.689943  
13476.12554  
4050.470357  
17724.77851  
116.4514826  
146.5786695  
2873.980003  
405.0011699  
11360.91449  
993.4035365  
1838.647081  
853.9981396  
2223.643762  
2765.132234  
1517.277828  
2145.236983  
3712.838514  
407.3725624  
3002.547647  
2557.448475  
817.3270996  
2412.138724  
1516.266165  
581.2508045  
1140.283284  
49.66850135  
2785.737967  
1270.926367  
1043.288361  
272.093151  
2481.527453  
102.5082516  
1242.56301  
1943.556665  
1773.045324  
1773.506899  
1255.555201  
791.985211  
405.9336565  
349.8949141  
1834.510877  
292.0440324  
526.6161537  
356.5823281  
73.65990574  
521.4393551  
1997.457155  
565.3557796  
472.2169149  
875.9244781  
12.21098836  
24.22661677  
333.4719521  
499.5615652  
134.8223578  
709.8379461  
1749.868953  
242.6065711  
751.4174607  
1112.098675  
1099.758977  
44.54135561  
788.1451145  
394.3515599  
49.24267213  
948.3266252  
1144.026395  
290.1195923  
82.11114773  
248.4048862  
590.2253454  
30.97812759  
1494.629479  
468.2646612  
450.7638421  
451.5114142  
355.5785677  
1152.780699  
213.9276256  
772.5622858  
267.8770646  
215.1633315  
145.0813553  
320.975849  
998.0302244  
295.8836374  
132.9644539  
724.0307501  
1614.937527  
260.7270665  
186.9326585  
477.8604656  
71.78964199  
564.4314048  
34.63260495  
1227.284639  
1241.510696  
65.91052436  
681.5775979  
1745.483643  
135.8523965  
1423.134057  
727.8571337  
1656.927342  
322.6814383  
1379.402049  
399.2169468  
345.2591829  
81.72808422  
383.61061  
786.9778746  
672.3433624  
1962.86656  
564.7062189  
137.4406606  
1038.664589  
1632.344961  
5050.889413  
3276.070941  
2497.109904  
2407.885806  
125.8481204  
1194.064072  
1089.433176  
940.2174222  
3126.360334  
343.0503242  
2512.711982  
2997.951871  
722.3233622  
61.20720848  
317.8670344  
1039.024285  
3787.705124  
4471.29726  
4472.90791  
11371.15255  
1287.496578  
127.4262364  
98.14594202  
5653.473801  
2531.322641  
3633.126389  
3369.75136  
1126.00456  
1698.152711  
4568.238113  
783.0718798  
6280.143529  
156.4889812  
7891.86592  
1489.726171  
2447.707102  
755.9206658  
2302.627041  
673.419147  
1274.128885  
5048.984491  
1654.564231  
4968.530411  
2442.222812  
295.7586569  
100.0908649  
2959.453624  
2302.239531  
250.539495  
2641.021037  
153.4399162  
425.5174512  
208.6372391  
520.6283387  
279.9127827  
1135.032697  
896.5425617  
244.449251  
1701.146128  
1326.101862  
363.7177921  
1400.216881  
460.5898553  
