0.5632752171  
5.8012371  
89.15828787  
39.7684097  
433.6042489  
121.6112872  
23.66105275  
326.9178876  
866.2615302  
565.2224799  
455.2288861  
1158.826877  
179.5545743  
346.521949  
17.39888663  
3055.086652  
439.1856459  
1220.077555  
416.6873903  
1115.7655  
2288.316837  
1092.495749  
7081.507416  
1446.444636  
4682.160705  
12726.59687  
4203.469404  
1583.285304  
9376.885953  
2483.977123  
12680.37437  
6489.791812  
8481.421247  
12307.11139  
12746.62767  
15734.61452  
8913.886902  
766.2059087  
5955.495269  
5428.445405  
6302.160636  
6650.844433  
1817.178956  
2506.835666  
509.5579197  
126.3314347  
9578.545906  
2600.28758  
1370.300616  
224.8808678  
3566.559423  
240.9368165  
75.67339444  
101.9891367  
2077.11488  
87.75245251  
12.25184745  
1809.944277  
2661.606329  
2886.107775  
502.827174  
873.0694864  
975.5490347  
398.1615269  
1451.317467  
3679.101964  
1302.514711  
18.89621358  
610.0114498  
4683.616569  
43.25623074  
416.2269014  
1160.46283  
422.9853404  
1097.866207  
964.9686071  
813.2396864  
83.09301798  
485.7263786  
785.5988552  
416.242254  
955.0909584  
303.5879354  
337.9652902  
470.937828  
2125.138473  
39.13988511  
502.5439322  
42.33531037  
1247.287948  
4100.048317  
3074.41805  
2335.649692  
2126.199742  
62.01495572  
2811.279701  
322.0111733  
1821.584585  
1852.922279  
853.3498884  
1078.730673  
1709.960588  
4346.934648  
7728.747982  
776.4370879  
9799.130196  
4469.244387  
897.4487254  
5286.200283  
8208.942754  
13631.80845  
15962.87651  
639.2583564  
12330.42876  
2961.749038  
2645.373088  
11029.06029  
11768.6554  
28830.4656  
7707.705187  
2837.332129  
4851.089164  
1280.175141  
2195.731233  
964.5385961  
1406.781477  
4183.700721  
136.4537255  
1647.890577  
1001.185426  
3276.996027  
1102.352052  
2536.203461  
684.4037819  
2578.913553  
371.7071303  
2676.339693  
434.056707  
307.8209018  
4360.60033  
1334.780958  
1362.833247  
635.7780879  
514.0790269  
735.0506635  
929.704965  
77.02859351  
1019.029591  
30.85353917  
7.836472804  
275.2073895  
42.73187232  
1619.479882  
399.6960551  
57.28836233  
886.0993071  
848.4789355  
985.595903  
126.1780754  
585.1490821  
238.6440008  
250.8088615  
107.2261181  
657.2669052  
587.3419901  
186.9452879  
102.0090877  
689.6650462  
111.6379887  
471.8620811  
478.6375897  
32.1465578  
234.4475954  
311.4462233  
186.3681048  
169.8165636  
358.032807  
394.9939916  
810.3701324  
159.5915259  
167.459875  
715.9016403  
799.1889968  
96.31287541  
197.7235008  
483.3856416  
477.9652909  
109.5560311  
309.9584542  
76.95979924  
214.2345828  
268.3935765  
538.2603304  
554.83531  
223.1930894  
128.923301  
295.2923783  
210.6171737  
25.82619355  
52.14326092  
81.85454704  
76.81129757  
249.4887258  
6.20796141  
79.4517082  
81.24605873  
571.7280287  
29.34583351  
36.49965938  
78.45784374  
319.1210664  
281.0709341  
189.6145453  
17.57605478  
66.21070001  
232.3479854  
3.780478287  
34.04237098  
23.00458445  
106.978574  
71.69581407  
6.12433894  
45.46343249  
187.4150334  
63.13969138  
30.67459048  
1.933707202  
177.0364789  
18.82000528  
27.46188978  
21.40032295  
34.42238781  
221.2646377  
132.4902551  
332.790712  
44.85588041  
72.81474503  
249.7494057  
48.87458831  
172.4543453  
93.98889327  
34.70291581  
21.19762553  
20.93083646  
120.5841547  
170.1486967  
32.79770704  
6.617237735  
514.9889839  
146.3919804  
15.67578909  
75.43540569  
112.1479187  
215.5022922  
15.30700108  
19.25849663  
32.88258995  
172.0019369  
297.4112354  
5.71839781  
12.5370321  
19.36861081  
47.58870751  
28.55307017  
10.41453522  
38.49456431  
6.832513457  
93.76615093  
8.89717247  
37.93915213  
39.86920065  
135.7607644  
285.7127089  
95.60509187  
22.75266001  
106.1930052  
54.08214139  
4.378623544  
70.92981125  
11.54017583  
21.64875543  
35.78790214  
6.668644589  
8.278394719  
109.8733678  
32.01886505  
50.20851776  
52.85653903  
1.766393309  
3.332249489  
16.7931169  
183.9711561  
15.76576503  
5.591140368  
0.02871653969  
