300.0411858  
14.5146487  
23.15355054  
104.2558813  
501.4840755  
1627.783618  
11.90661311  
462.5306037  
1380.777846  
3409.01543  
251.1638055  
1848.873559  
46.21981728  
3744.602727  
650.1463476  
1054.501899  
190.7094922  
417.4797538  
151.8965949  
915.9740496  
5375.983939  
604.7828457  
588.3074949  
386.7995632  
598.0481151  
672.7151048  
116.1037613  
1202.057416  
110.4168487  
2939.250655  
1623.14406  
1210.474914  
635.6660777  
851.3084461  
1063.768083  
1054.087399  
491.7182528  
758.3080553  
638.7537921  
2583.561588  
1444.769754  
1297.748075  
5219.461281  
131.5732411  
894.3680231  
2993.556029  
121.6968613  
1384.523193  
1972.47189  
312.7436907  
264.8707125  
1380.410601  
816.1183283  
25.23790489  
209.913386  
4.604649954  
1069.463905  
203.5612783  
416.6492144  
5946.512491  
128.1979728  
2419.89526  
70.80465664  
172.6600392  
472.8019171  
945.0536277  
984.4221525  
132.1643087  
1527.05757  
1303.061948  
315.7713301  
84.57251683  
2972.952453  
144.6026357  
620.2294514  
1214.229157  
549.9387886  
1623.13267  
575.579311  
1435.443481  
1271.041662  
2261.494916  
4223.793064  
77.61647956  
1854.709773  
462.7604734  
4392.279267  
543.5842793  
1105.95939  
1617.676036  
786.0304717  
307.4224134  
715.147158  
1104.604735  
2063.617243  
878.6911424  
5991.327304  
1730.009283  
632.9239841  
1009.33544  
2309.677078  
1394.445149  
1303.044558  
5398.58663  
2607.863459  
3130.241007  
5112.903546  
1850.105454  
6837.509012  
9989.395332  
13489.79736  
22691.35107  
2692.766075  
9670.862421  
17.47929475  
17439.37112  
13867.02219  
8489.850392  
40877.27069  
5416.107681  
2251.113494  
34.37922899  
3675.488582  
2470.728574  
964.5305239  
3239.540386  
1640.995327  
615.4060211  
4664.260002  
2653.817793  
2324.922323  
3410.732001  
4261.991406  
138.0470918  
1756.275786  
1249.615457  
5953.218705  
146.9487984  
61.08668816  
7400.270123  
1955.207291  
1841.469916  
2707.042281  
931.6381769  
373.2411377  
420.9700966  
1148.941154  
4260.856943  
1226.701175  
1897.751982  
362.8623011  
2911.873203  
1004.803832  
1859.556611  
209.6958109  
40.90258472  
152.8793012  
2414.89194  
278.5445668  
310.5032494  
750.3345135  
82.46102068  
1084.156367  
230.8042792  
3340.69019  
53.4969233  
159.3473052  
699.9005796  
283.8751857  
248.9370843  
927.4338579  
445.5876568  
665.1596063  
62.84715586  
458.7528157  
134.8455453  
609.0344969  
211.5094535  
403.7179256  
1178.97345  
30.40746868  
2158.675609  
520.1020268  
627.9806363  
102.8068029  
2410.506608  
2508.563821  
966.0791454  
274.6043476  
145.5735682  
41.79928195  
102.9921154  
318.2739085  
74.48167004  
6.295991468  
642.9092578  
403.9408316  
69.0914149  
228.4578005  
251.634305  
289.7494239  
233.4879788  
1029.006402  
213.8154569  
173.1026255  
970.1477505  
888.6456676  
1066.453171  
216.2653296  
85.834438  
391.7136223  
493.8853815  
1210.322624  
27.47600814  
195.419704  
2498.438203  
194.8517638  
638.3703831  
369.2319376  
501.3312361  
661.1651963  
741.5955628  
284.27626  
1583.689913  
585.037514  
1082.423139  
123.5792486  
32.3139926  
274.4770639  
1341.216096  
980.8590618  
30.51729878  
515.1166674  
10.9251388  
276.2920096  
1606.484032  
1020.6373  
173.308585  
344.2111459  
877.2399218  
28.03409218  
168.536935  
289.4853811  
320.1895509  
71.09868557  
305.8210826  
1.198708684  
498.0435791  
582.9920805  
191.0934559  
188.5522036  
65.73847296  
165.5657268  
20.72125741  
322.1917451  
28.25505327  
29.09040214  
152.521961  
150.30696  
110.9501579  
169.2668534  
701.2782392  
5.216821981  
378.2312768  
110.8313339  
218.0493337  
82.12875118  
105.4156527  
458.1351837  
243.6726672  
152.6820938  
84.78311848  
96.44379948  
74.14378819  
6.92576571  
54.95238409  
528.3785298  
172.4757906  
308.6487852  
125.3523193  
42.77070708  
101.3724885  
81.21000853  
310.7877289  
51.55488349  
269.3786485  
33.17330871  
86.63238474  
76.97462054  
135.8712645  
107.9354772  
509.4411211  
34.06076241  
202.4525914  
376.2825452  
