0.6120753315  
38.12081026  
43.44196786  
48.181984  
57.42382104  
324.0135396  
481.206615  
15.68134303  
255.8684326  
364.8992476  
19.71342608  
488.598104  
30.47078687  
247.6841287  
483.8559688  
1026.333354  
488.8874994  
951.5522039  
1300.406954  
1830.015507  
628.2180761  
537.6305067  
2427.788175  
1922.696183  
25.77243701  
785.6161207  
509.4669133  
622.0145446  
801.3720059  
291.7832149  
323.7830247  
1116.993111  
834.1508315  
353.6752367  
172.2420675  
1067.869146  
76.98294278  
617.194843  
77.05506636  
419.2703873  
267.3830668  
76.83014338  
1188.745932  
146.6296226  
1023.104492  
321.8516686  
331.6765094  
678.0394332  
261.0886232  
872.6337376  
210.3717977  
115.7406525  
453.1656326  
45.41962717  
279.1899474  
220.6591805  
253.6753199  
677.9357765  
323.6977014  
524.8692609  
217.0605179  
1542.087861  
227.9254948  
1182.017807  
452.1808587  
316.4960994  
983.3909356  
664.2363264  
702.7771612  
555.0875466  
783.7803567  
693.1412419  
468.4669809  
40.53346594  
609.9936568  
552.5161752  
1031.141444  
245.521477  
229.10403  
233.1720583  
1566.092654  
67.57558746  
513.4657022  
305.1045067  
698.1637994  
213.3320934  
447.2110687  
266.4142954  
31.60113184  
203.2475588  
637.7082069  
597.2246129  
326.6407461  
830.5080793  
1551.753025  
4.233726975  
1055.916098  
853.2824778  
1262.102009  
22.20243746  
275.7470206  
325.7094293  
2495.61334  
2092.146707  
631.9447121  
703.7034134  
114.1686073  
2387.604716  
2764.537425  
4671.190864  
1740.368879  
2673.200475  
636.3651477  
1820.578733  
2376.987067  
180.5904537  
6314.161974  
4115.97854  
9424.293966  
778.5889636  
821.3149185  
289.3596695  
2507.254213  
1909.801223  
304.3208564  
1013.848305  
966.5649646  
206.2845039  
386.3897214  
149.2769113  
1288.704978  
788.7038687  
1234.980775  
1188.432525  
2102.64273  
593.424283  
1338.086734  
508.3509711  
602.1248505  
2025.832187  
732.5601292  
40.15368249  
61.1432992  
109.0520688  
583.1602296  
218.2416866  
217.2286889  
525.0152834  
369.1865626  
145.8101494  
1268.22175  
100.7750403  
1526.197491  
257.4440227  
156.1534271  
517.4516497  
1108.581949  
3304.331452  
568.7282036  
72.65863186  
217.9927877  
21.0183667  
70.53573799  
49.46823227  
83.2296437  
683.8330625  
567.3476018  
627.705886  
612.1490757  
101.8872113  
126.1220433  
408.4398465  
933.8581735  
631.929942  
399.3919749  
1158.121593  
57.72880746  
889.7182938  
315.4937309  
13.28949423  
91.5522196  
243.8118266  
893.6939646  
463.3887111  
337.0865255  
363.4218874  
252.6328526  
971.559105  
359.2882726  
235.3805708  
393.8121593  
198.765838  
306.6773194  
331.7427493  
212.8234313  
66.88205161  
523.547365  
181.7047609  
904.9500937  
175.3864274  
253.7807154  
149.3916477  
412.7147419  
42.28835846  
210.7085572  
38.84638211  
377.2387063  
404.1370245  
82.79167953  
841.1619039  
1048.241812  
294.944039  
121.537464  
668.2964731  
6.694569038  
476.8285953  
8.219913112  
99.24166717  
239.4141972  
551.541855  
291.5964766  
877.4330659  
634.2413736  
438.6636786  
70.12717783  
92.20713479  
24.69270568  
26.66005334  
551.9385223  
11.18734552  
337.4667055  
86.87910643  
118.5251768  
147.3482325  
330.8544815  
134.4621837  
170.1013928  
98.52173328  
862.9186691  
105.199655  
6.420950599  
470.9524834  
140.5273366  
373.0476096  
18.71335367  
5.564228389  
507.9225346  
185.3751072  
66.07698441  
132.5779377  
27.07713032  
115.3832466  
195.4270909  
13.95955106  
21.9376462  
38.06791313  
831.0908698  
26.79252074  
512.0860491  
211.0042434  
3.609504582  
60.27443801  
74.58319175  
559.0494549  
61.00950074  
117.8458695  
73.36853149  
101.5567617  
69.71758322  
584.6298051  
96.47255047  
220.438652  
212.6036595  
39.35375103  
43.0550072  
175.8949661  
26.04950985  
278.3708566  
3.110308128  
106.2577933  
29.06117766  
31.36854463  
183.8670239  
551.8294359  
254.5056198  
102.4481652  
113.2163541  
91.99726605  
104.3037735  
7.957354275  
74.83357889  
129.3387323  
0.7127676216  
5.859199668  
116.1028258  
