8.045086458  
14.08081783  
75.53994571  
57.95750241  
127.380768  
562.7504013  
32.37673743  
4.33549973  
207.2138068  
255.9793533  
272.0720051  
9.448788804  
63.67668606  
54.03511971  
100.9442066  
169.0973952  
142.5717808  
221.8320208  
446.4165432  
515.7167962  
1295.911127  
975.9536052  
700.0927774  
142.8453618  
283.1181821  
291.1777306  
121.4859405  
1311.536719  
115.8494768  
79.18200666  
2088.322874  
527.2825015  
31.08346303  
4927.545939  
3284.230791  
387.2213833  
1455.844488  
1054.480215  
225.7111173  
2598.370713  
1422.85712  
1385.924739  
335.6483909  
304.8264555  
163.3878838  
943.9723531  
576.1625295  
1217.516476  
98.61759966  
178.3530166  
2185.976763  
516.854174  
303.4451471  
599.5611287  
43.32899351  
619.3809843  
516.2846849  
765.7863436  
87.27523003  
3632.257627  
152.2043893  
648.4074559  
83.48174218  
435.7505219  
120.8339571  
370.3331001  
714.9352006  
35.86813865  
387.7638615  
2011.985274  
95.06026562  
520.5830411  
726.5553684  
283.9417632  
493.7750837  
732.2205297  
148.3050368  
534.2172043  
77.59731891  
622.6683837  
127.8563957  
85.39845288  
247.6277154  
1227.20606  
592.6486513  
523.7792253  
210.9640615  
107.5705385  
882.9524629  
97.36938447  
305.1375658  
526.8208279  
130.1499515  
1705.904516  
243.2830073  
1396.8284  
1216.400248  
11.16355996  
246.3399436  
751.5812749  
713.1639562  
561.5118201  
608.7196806  
933.27126  
864.1500954  
2493.476497  
308.0181371  
493.8253719  
380.5377233  
1076.01279  
2410.501388  
2485.061125  
1141.331081  
1227.547621  
4168.654805  
793.2384229  
142.9602722  
679.8746978  
907.602035  
1875.767632  
1328.353232  
2242.889324  
707.9743706  
2261.010863  
274.9326911  
171.5240384  
1837.706663  
464.3125526  
931.8720036  
1403.657417  
138.9356543  
235.671151  
558.2959825  
1985.189061  
951.5058847  
730.1953145  
359.0238104  
618.7060872  
234.9322101  
545.9868048  
316.7787169  
1060.858664  
1810.961859  
87.42087329  
595.2135062  
31.85557525  
830.5539783  
22.18354474  
108.0160674  
83.73268733  
598.414881  
302.8846232  
769.4075071  
70.83852482  
184.9156379  
690.4747493  
133.6399664  
29.21708986  
432.0751618  
90.87341832  
36.40712667  
552.2198695  
242.1999047  
560.2237076  
436.2027013  
300.2083363  
248.2681397  
781.6005573  
796.4484552  
85.62746217  
697.035211  
48.94223684  
367.2472215  
209.1773682  
542.5304018  
114.7351999  
39.10261128  
80.09805478  
273.4647311  
585.39934  
229.7878748  
142.3923521  
104.4344354  
148.4050039  
126.9468233  
677.2455907  
233.7978794  
317.9144462  
971.9900361  
17.21990114  
613.5205708  
546.0257715  
180.7015135  
507.9453974  
807.6338565  
151.4279882  
346.6819249  
275.7584458  
349.7599137  
226.9934781  
191.4968787  
2.331054971  
600.9758858  
89.40937381  
211.6793318  
577.9652295  
278.0640927  
117.0312022  
812.6291984  
608.223632  
189.4212345  
1447.976089  
101.5288721  
524.8327767  
101.0657167  
957.7404177  
175.8746134  
62.64136797  
599.4517076  
38.89228501  
514.2419971  
837.3660281  
313.9394866  
989.4593498  
506.7132869  
80.49274911  
123.8102755  
1383.182214  
264.8571295  
558.0410363  
78.27775557  
335.3799888  
399.3248935  
884.2661219  
248.2480066  
729.4921786  
1046.372729  
769.7933899  
873.4707898  
37.60441054  
97.01003101  
531.8179216  
156.1436928  
82.26161596  
140.2801926  
31.62819426  
176.3035798  
82.28041597  
5.402529165  
197.353809  
245.579066  
259.8946418  
452.0098837  
86.89133179  
51.26894331  
110.9328257  
77.71645594  
290.9712971  
334.1336731  
142.7714424  
371.7380049  
1.924680978  
129.9619694  
172.5485535  
85.33205514  
584.2158381  
96.84939383  
43.61605344  
25.46487978  
50.6706546  
111.9038403  
25.09566226  
267.274326  
280.7992368  
91.8190734  
107.562564  
94.08956433  
56.83081961  
158.6623659  
128.0961484  
6.407438528  
176.9208475  
144.9960643  
162.9910196  
345.7142929  
79.42360438  
10.64956659  
13.70532787  
124.4177173  
37.33309921  
612.0481527  
133.473376  
53.9165057  
142.2626796  
225.5443787  
