8.89315874  
26.6804148  
212.2817669  
28.80844541  
298.0866961  
346.0199667  
378.4387957  
89.62177274  
863.3135096  
160.68087  
242.2517597  
188.1097336  
102.8220794  
82.16391529  
300.8269095  
0.9618955593  
190.6947913  
79.03915417  
826.4951948  
678.129146  
60.29344972  
39.04014784  
331.1413905  
654.3454235  
266.1310679  
1316.166336  
776.2399231  
732.9725909  
8.192523967  
133.9527452  
333.2069101  
677.8585706  
490.2080045  
1579.683912  
868.5603607  
1677.622207  
271.0876939  
90.98138789  
314.7638041  
124.7897752  
1283.057565  
864.9751334  
1536.197506  
96.34403474  
785.8792564  
401.6745908  
68.82926003  
604.6776177  
319.3959833  
297.2443608  
393.1405979  
832.7197772  
899.4230241  
670.1245718  
694.6294647  
1987.547791  
583.9196817  
527.6645294  
868.625029  
215.7028009  
687.8952175  
458.7568391  
753.5180412  
457.8106684  
798.9986393  
1375.570291  
80.01251166  
584.6394664  
1056.7605  
498.7796147  
467.7958079  
154.2581086  
472.4862969  
580.1276926  
103.1511693  
1440.198092  
147.9960773  
560.0092078  
1511.107963  
874.7186512  
305.0247726  
381.4889292  
319.7889933  
1146.568539  
169.044595  
210.4787773  
781.9002186  
202.9769298  
484.1117856  
1206.618491  
592.8532011  
258.1988803  
377.7289819  
130.3308541  
187.7785756  
62.39204254  
156.288296  
265.9747674  
86.09189754  
741.8595961  
480.9548191  
601.8221277  
12.1533138  
24.06181126  
343.2274458  
444.4484276  
157.8946497  
118.1255776  
500.6582155  
860.5469394  
1486.665797  
291.0861045  
749.8627555  
103.0798396  
1338.125656  
567.1580824  
351.6549804  
893.8337218  
280.6187828  
607.5771138  
1350.552555  
22.30786628  
1273.175438  
1094.406481  
9.720490874  
712.9520206  
1037.658367  
353.2585789  
2247.351606  
96.13223914  
56.38592001  
346.3216692  
249.0491032  
46.45934964  
912.2673595  
124.1665388  
296.0388911  
156.7518996  
237.3930674  
1450.472463  
167.2507876  
66.87750987  
79.36174738  
111.8698074  
272.2951055  
4.58234003  
29.35411075  
519.2323632  
164.2286655  
604.0717779  
396.1588573  
314.9002684  
70.28714111  
101.6086564  
794.8807491  
752.6694622  
415.6670413  
91.94472807  
122.7692697  
228.1472084  
232.7130166  
615.8519452  
267.895263  
159.9360036  
1163.701234  
173.410857  
86.76019615  
390.8803437  
121.8849682  
7.136700531  
43.25902411  
124.4864788  
33.49307229  
120.1604305  
188.3755704  
199.9974317  
343.5579953  
390.5120339  
403.3525274  
0.4308171865  
697.5609529  
366.0958888  
117.5798259  
1048.702347  
51.48690471  
860.3274424  
251.6367385  
250.748346  
11.82035631  
123.6615376  
177.672531  
333.0504764  
290.5497742  
29.64188473  
303.1520523  
342.7181408  
421.902141  
84.15785398  
585.8262955  
606.1266797  
223.3949117  
103.5413063  
1018.504733  
487.8588452  
1507.985587  
453.583189  
146.9720926  
433.0481612  
350.4567754  
172.1513572  
947.3401723  
305.1668564  
8.840152952  
171.6816174  
281.5092025  
255.9152382  
89.67168992  
869.302887  
796.5753966  
70.500965  
83.91491345  
34.01726672  
5.667415621  
1016.930667  
437.5030325  
38.3427268  
1.716873715  
282.611765  
254.3270282  
453.3615957  
348.648186  
292.7948339  
56.16697374  
275.4589973  
76.1906844  
250.2053382  
270.2350794  
149.8240123  
427.1658814  
13.16528381  
18.88126543  
248.298824  
224.7075606  
155.654412  
41.9734859  
173.5642543  
87.79016909  
32.81321272  
20.7585134  
426.5433019  
180.4894804  
104.0283226  
198.8421478  
116.5300616  
301.936149  
583.4162009  
134.9291368  
157.6950799  
1019.97837  
98.63831393  
327.4471384  
84.92890731  
101.0231602  
715.9121738  
5.064725661  
185.8612177  
277.9913337  
109.207828  
181.6657118  
126.8016787  
395.1036609  
276.4221012  
595.1411062  
184.7594876  
266.6667707  
254.332158  
87.32137773  
42.78359672  
79.98028946  
51.5615147  
101.6426956  
472.5749342  
306.7201624  
9.799552536  
281.1440631  
125.6962481  
138.3854936  
40.57360472  
19.33100683  
92.48765697  
93.85978359  
132.5273666  
69.68008314  
149.1999593  
233.2052853  
