150.1132694  
94.74725541  
120.8707733  
128.7755551  
192.8357683  
471.2804138  
953.9826506  
26.69233495  
1477.777396  
5728.273275  
1212.601258  
2216.607562  
453.6266245  
2506.069273  
1140.780145  
419.2630578  
1754.44946  
264.3670506  
1036.002694  
981.8192842  
3900.483793  
2641.461885  
88.09672691  
2181.252851  
747.6468727  
1515.172151  
3870.594814  
2233.180943  
973.6174478  
505.0011808  
460.6502663  
1544.900098  
5783.117271  
220.3699155  
4206.272077  
2051.701027  
1297.115482  
1921.83383  
5367.705181  
1035.843601  
317.0985999  
713.403876  
2073.634146  
889.1914164  
1405.499547  
1127.58816  
467.0332848  
192.1123773  
536.7303532  
298.6011466  
346.8661096  
2228.739703  
592.834756  
223.5186268  
367.4643023  
1671.078242  
1737.811805  
1301.67262  
1080.186848  
2680.586464  
291.5013823  
286.4127113  
292.6937561  
366.2635531  
169.3824573  
1115.660808  
49.9907932  
342.0181553  
710.9228987  
813.5441452  
579.1722889  
126.4113978  
2863.252901  
1465.423337  
930.697336  
78.6815272  
3.871666415  
3920.755749  
108.2508601  
925.7159441  
28.11743577  
1446.408747  
592.0574697  
648.0432848  
1057.004651  
2044.832791  
1636.120615  
1593.966124  
333.5131641  
101.3013992  
781.4321543  
297.0222394  
1866.16534  
1627.64257  
81.36413891  
226.2982699  
392.5431179  
1644.837726  
458.9971859  
732.02894  
624.8418834  
1810.683477  
1127.829847  
4445.271768  
1744.031554  
846.1632169  
1560.465654  
151.0166449  
1996.110998  
4581.56096  
625.9373948  
343.6060821  
69.73526498  
1491.514337  
2837.321662  
1476.056455  
665.8176808  
1744.276589  
6794.168546  
1421.098834  
1207.850779  
1716.819151  
1420.415918  
55.71867069  
303.0924541  
1.947404882  
815.2104574  
1697.048812  
251.0610551  
649.161463  
820.5262436  
147.9806177  
185.3616745  
367.1468923  
67.4252283  
340.0707813  
291.0944251  
36.21169478  
14.80891264  
94.80934336  
723.8289509  
311.2433187  
686.0130893  
409.7117213  
74.64770416  
26.10982858  
822.186156  
231.3358685  
135.0066605  
72.10171253  
273.8687702  
688.3965587  
202.7147431  
672.9052353  
201.1668426  
165.4180311  
60.66968122  
51.09328854  
119.2145017  
92.50904895  
449.7207386  
237.228693  
337.72675  
796.6753904  
52.91428038  
160.4972571  
173.4794572  
147.9223905  
590.3156039  
141.5411235  
184.8293707  
165.1204968  
244.6396186  
130.3484778  
225.345842  
581.5233247  
368.805966  
526.3551538  
424.7684839  
280.4032384  
725.7881404  
340.6139644  
60.67421696  
78.71713838  
259.9615122  
47.61722966  
73.14703264  
260.1824141  
532.5654028  
183.0456892  
73.78534208  
112.3466182  
436.4887667  
441.9088223  
244.5440132  
63.10645819  
108.8763349  
78.98538836  
105.7227512  
183.8848629  
123.9710674  
128.18392  
668.9780463  
48.23824637  
56.1104561  
25.38196688  
874.5803499  
16.51532586  
388.166825  
109.1111453  
14.06924378  
233.181426  
340.7488673  
128.1678527  
9.865464184  
446.9383455  
226.234697  
283.5551653  
472.6704873  
357.3921827  
92.01286358  
163.0360042  
536.078279  
179.131992  
26.25444797  
156.253794  
1207.257977  
317.1747356  
770.2428712  
75.08302689  
33.35165297  
80.3254153  
137.6346572  
423.3574679  
262.7920988  
79.34812831  
244.9743795  
129.1034856  
260.104827  
223.8980558  
45.44603143  
197.592026  
61.14410671  
473.9645489  
54.87590973  
192.3713324  
25.43920248  
125.2902623  
22.29106241  
155.3975393  
253.684893  
276.4794636  
124.8251789  
55.54141199  
123.3039924  
239.9207243  
33.87729256  
228.1176838  
274.3994764  
140.3942182  
2.059674239  
269.2031103  
221.7264905  
315.1207433  
65.68346438  
3.52877664  
35.29887485  
187.2585518  
277.2629342  
91.72083898  
82.82924516  
171.90098  
40.81009897  
98.65828504  
340.6113912  
45.69973371  
224.6478298  
135.6729314  
47.79057158  
5.583193433  
162.9012315  
80.90284147  
92.05144314  
173.8690492  
78.01514586  
130.7084805  
232.3580853  
8.197302167  
78.66276145  
48.27548376  
198.7673956  
0.2799325418  
35.19476748  
42.41375332  
55.47036193  
