10.6416071  
148.0161107  
246.3779276  
188.7711718  
150.5682352  
66.03743657  
825.7730698  
462.1574809  
629.3700049  
83.36779663  
318.5439385  
215.1193167  
2570.15993  
1717.949018  
353.433346  
37.91148743  
1801.52121  
568.4134094  
569.8659249  
182.7028072  
430.5627805  
371.363322  
1168.405258  
2480.539158  
28.4735571  
1294.45116  
450.2943948  
875.8037362  
2419.870582  
5537.513601  
7647.991898  
7818.057067  
1256.633305  
13342.37655  
1665.41585  
1612.283288  
2007.035302  
3315.625385  
258.6043289  
626.5534006  
23910.01683  
3067.110614  
4449.066604  
3026.552491  
1308.175096  
963.9202766  
415.0281182  
3030.608099  
1571.227018  
621.8606749  
2711.047602  
5391.907096  
2467.580445  
1156.842398  
378.983899  
1462.164858  
849.6182705  
2362.30942  
324.2387548  
72.66222825  
699.8841964  
1540.082542  
39.50463463  
840.2365259  
2018.756011  
1187.503097  
115.1582645  
188.4510536  
667.7586548  
537.9781342  
430.1217038  
842.9718171  
1328.041276  
1661.871393  
36.80272663  
1778.457261  
451.4156205  
452.7352216  
1837.686957  
694.4935372  
277.7911933  
655.7144067  
456.1675102  
108.4106385  
637.3552282  
99.79587522  
384.4266865  
450.5801717  
975.6109144  
594.6408481  
7251.542159  
296.1831196  
856.624673  
171.7505616  
236.458003  
4285.430586  
1128.076873  
1452.978414  
68.30294295  
638.4130202  
2628.606358  
166.5064049  
228.8352533  
610.8734512  
1715.903404  
2261.62663  
926.7696464  
3575.269052  
1621.342584  
1498.925814  
9852.318339  
5923.130664  
5586.220411  
4140.22852  
101.0358387  
2152.908224  
6220.866573  
493.263349  
20471.18659  
4402.344166  
24.42945192  
3145.730312  
1506.587732  
3257.48194  
1383.997265  
185.2197768  
1700.674316  
775.9350468  
2596.080703  
403.8597533  
1150.597079  
333.7972998  
3184.975226  
552.9434619  
4466.976727  
243.6679144  
1379.713245  
146.8842353  
761.8514881  
3939.990015  
561.8681561  
160.8247603  
8.227509103  
29.13476016  
185.6587291  
1025.794892  
64.88692568  
103.0462471  
509.7723427  
70.71034733  
25.70382395  
7.381704491  
1048.48998  
176.316017  
177.2627997  
10.34466821  
869.9682853  
1006.310998  
509.0470454  
193.6892521  
861.0889745  
245.0461993  
448.8598054  
39.11087315  
649.9590723  
184.404057  
405.3407748  
452.283146  
20.14016646  
517.3540021  
262.1819563  
1291.896722  
76.33037921  
552.0943454  
319.8942527  
128.3569063  
642.1287244  
215.8034217  
443.5073617  
146.7589759  
311.2425225  
639.1001959  
405.4267028  
155.9777179  
243.1442784  
328.4061083  
15.84353261  
1031.181597  
1107.984649  
604.7054562  
159.7728677  
106.776788  
473.5411892  
80.1765079  
129.6531024  
57.48894041  
371.6614174  
970.0368016  
58.28306355  
78.575134  
869.102409  
21.76768762  
418.4921092  
131.8375542  
695.9182847  
351.9070228  
98.14146275  
1063.802436  
830.6642517  
150.4183699  
370.4829444  
442.622959  
138.4242689  
359.8948612  
371.602872  
395.3941692  
299.8867699  
139.8660597  
246.09285  
425.2624296  
477.9978366  
302.1495764  
375.0086813  
516.5089897  
119.6010988  
774.9085413  
25.38712549  
54.72487568  
107.8595148  
655.7839988  
467.3904557  
294.7376421  
1184.3279  
554.602956  
1532.34773  
1122.255439  
214.8772048  
332.7030572  
407.8138189  
199.4632948  
664.2354315  
568.1444986  
93.91725436  
47.99035354  
7.369560882  
244.2874089  
132.8031144  
140.1235603  
607.7449682  
135.2714118  
887.6915392  
1537.563277  
696.9395271  
17.06813225  
317.5031706  
1569.685632  
230.5390024  
201.4606133  
220.634046  
118.2691497  
125.5026845  
1462.775043  
51.03371677  
804.2630299  
100.2632182  
344.8298587  
116.9598191  
831.0575471  
957.0903883  
168.8532476  
241.3806299  
500.9165024  
621.8279873  
400.7690167  
1517.588491  
179.4744296  
222.4706951  
18.72725257  
33.08963233  
327.9978414  
162.7375468  
340.2998354  
426.8450672  
57.15138265  
35.09415341  
100.5476065  
157.8372225  
242.6835416  
16.4346516  
5.793347607  
205.6316924  
305.2648687  
99.54246759  
108.3493541  
297.4832837  
