63.98111486  
4.770970188  
236.841796  
606.9287873  
172.9601356  
3066.088537  
236.0274194  
606.9724357  
3198.411952  
6074.764157  
103.4877933  
5014.520336  
263.5946059  
203.3419401  
1252.386914  
1311.624537  
848.8272795  
1079.382716  
2619.180359  
287.6024921  
753.225971  
2594.530392  
577.9637691  
525.3831006  
1290.375315  
1986.891017  
3015.836151  
385.9193596  
430.1122538  
177.5215402  
664.1232415  
581.843763  
1254.199505  
3958.713778  
636.975721  
3341.89606  
1496.175801  
1420.810677  
229.445707  
965.5248504  
41.18784316  
3967.109799  
1043.733307  
895.1837037  
3825.848128  
1630.049815  
1324.589448  
972.930095  
481.1239221  
70.29681663  
32.84963494  
825.0016527  
1.590960549  
3.885374573  
428.0197833  
401.8125485  
1070.46425  
363.1667696  
1094.774571  
1013.85172  
34.13352192  
179.7491727  
546.0738953  
964.6379974  
444.4657472  
2113.118487  
372.4545655  
134.0752657  
82.87007603  
777.9636913  
39.88558707  
339.5369211  
429.6973526  
159.2503926  
533.1482212  
173.3079679  
2.859770414  
651.7868859  
220.6910658  
213.2363097  
35.4951509  
665.2581915  
380.7694355  
531.4910854  
151.0051411  
1821.433741  
252.0950243  
1007.74997  
122.1131462  
840.3692007  
1414.386837  
1445.537678  
285.1715681  
415.1618537  
118.8394254  
1357.208139  
170.6589153  
1134.697817  
411.0199574  
320.7439893  
1349.130498  
1261.925044  
1681.206373  
3492.525091  
716.1879663  
1506.339197  
341.7964079  
547.7787008  
1404.664515  
4311.323339  
4679.745955  
4362.135606  
571.4212394  
1258.11677  
3812.621392  
950.380552  
1411.7384  
1665.219448  
8674.231878  
5071.91067  
1035.304456  
1322.101521  
765.1281744  
525.2655029  
168.6855333  
2166.780303  
1339.100352  
866.3208082  
14.70302156  
349.5306462  
2568.63705  
713.9520446  
508.8684644  
1239.476261  
0.970013124  
143.7343142  
563.9512174  
1112.35145  
435.1316679  
910.1704873  
846.3613428  
41.88766435  
79.55958573  
1198.418355  
140.3192692  
15.68905757  
280.2197746  
156.6184936  
446.0089197  
449.6311595  
667.817609  
265.920907  
30.77676323  
217.1999209  
1019.430438  
37.50366163  
461.1819013  
62.74615283  
351.4050624  
33.33466758  
1061.451555  
55.9756864  
577.544458  
395.436241  
151.1048048  
210.7754793  
448.2055013  
17.04205331  
661.1479839  
113.1650925  
197.7848262  
1074.309869  
381.3971712  
963.0166869  
75.13012341  
711.1173826  
156.8366466  
89.31711163  
401.3209499  
150.1964578  
130.086356  
270.9599455  
371.9200896  
316.5977028  
615.451267  
150.3720113  
185.6067724  
481.0435027  
219.4054563  
232.2956606  
378.539152  
36.53868266  
60.6385207  
299.4280019  
861.2354912  
265.5021604  
685.2035776  
315.3415229  
747.3665676  
807.1426305  
189.653792  
322.362919  
136.3288225  
349.1036349  
13.71964961  
13.06971527  
600.1674733  
2183.158474  
2262.04917  
160.2363058  
855.8596448  
45.3316691  
58.32091216  
230.756695  
588.6716789  
429.2027733  
360.012103  
212.2869736  
321.6888785  
6.247259683  
154.7417357  
58.60851964  
319.0320188  
1204.690624  
340.4223127  
641.6957271  
12.57350491  
223.3746083  
17.91101213  
792.9092399  
504.6089328  
95.73923223  
620.6283103  
456.2098391  
721.2674437  
804.9456593  
500.3876816  
114.6607592  
147.0250586  
177.6183836  
382.5346271  
194.3807174  
294.7468588  
259.6807455  
113.2218444  
412.8040227  
628.5893078  
52.0360844  
543.6066134  
504.7620784  
226.5484062  
786.1333291  
508.0192415  
436.109453  
237.888986  
576.6221697  
5.697847117  
1096.437684  
287.6916539  
107.5341361  
149.748548  
492.0330423  
61.90035996  
1120.783271  
72.63223728  
343.94301  
4.404256132  
798.4540739  
125.5488503  
96.64105779  
625.6573292  
752.0180711  
425.0866814  
171.8261214  
858.8662641  
149.450733  
8.421542111  
350.4843388  
262.1204899  
330.0784072  
108.33314  
591.7471252  
200.7889625  
171.5962123  
75.74689836  
12.36740543  
10.17234452  
445.2412896  
110.6086695  
448.8110675  
311.4033931  
124.5790607  
6.420038621  
44.95188797  
0.1662804744  
