5.763188034  
17.80062553  
290.1645818  
255.2860673  
138.1409432  
1121.170445  
726.1916495  
150.1212964  
1063.903134  
163.131812  
222.0564456  
991.0698831  
619.6951662  
621.1005205  
74.89654757  
45.109096  
134.1400501  
241.9736253  
1935.443726  
530.7765496  
1304.630279  
1110.466171  
957.7620673  
3751.190348  
599.9812758  
161.6950285  
253.758825  
73.89720526  
580.6660845  
920.870275  
190.1687714  
536.0649112  
251.958885  
1193.775397  
358.8132605  
2133.432338  
2625.468615  
2135.660084  
16.43352624  
285.8833375  
2507.755431  
184.2346389  
164.1614328  
417.4561229  
136.1457141  
80.30154325  
496.5698229  
1993.58075  
712.9843887  
1400.823902  
522.0420144  
1199.331447  
45.45676804  
783.8023063  
339.8927107  
98.5442343  
256.1372974  
620.5578849  
93.66022078  
461.3845197  
457.4778688  
458.0453916  
576.9252312  
314.0873281  
638.6227332  
43.10049071  
105.1853785  
22.30574924  
389.0903675  
578.7612446  
1073.226737  
1530.062394  
274.1098849  
5.574055221  
153.6945704  
192.9506886  
842.5962185  
538.7796001  
18.57857628  
101.1096152  
755.4593397  
313.9891298  
340.4502712  
4.091611719  
170.837213  
186.9584452  
49.8611924  
511.1439386  
127.0755789  
518.6220997  
379.2688069  
0.6114742332  
9.85734693  
381.5639127  
17.04142566  
333.3492736  
1176.139629  
1085.912282  
397.6361141  
875.6862115  
327.2025994  
546.5017204  
195.6750336  
512.8351001  
15.81180776  
260.4931901  
117.5242011  
879.2448642  
1097.305316  
298.5808153  
6061.772031  
5866.56771  
781.8418038  
3629.059305  
657.9019436  
294.3136434  
592.6890711  
635.313034  
5500.378708  
1187.508243  
3272.911063  
548.2190857  
52.94349302  
1711.435851  
593.4586583  
30.77119692  
555.9247375  
163.6663961  
965.0239547  
633.3447384  
29.41384449  
143.1377665  
405.1603424  
295.1341261  
779.6952841  
693.4362957  
409.9542192  
42.06383329  
252.92711  
410.4218674  
339.4145498  
627.9842607  
65.06000822  
176.6866062  
768.0262087  
611.0324605  
455.6006874  
629.6931179  
597.5502253  
267.4196764  
423.4330453  
79.87762672  
1004.437439  
387.37672  
739.266571  
866.4329121  
81.54027001  
17.83083704  
76.02564606  
575.9630899  
277.6650189  
536.0027766  
239.1302048  
128.5400706  
218.3233675  
266.3119784  
256.3985265  
377.0378121  
72.78912266  
442.8874892  
165.2819281  
52.02545564  
131.3717646  
861.9271448  
27.74912347  
29.17398691  
274.7577134  
792.6896059  
104.5658105  
688.2486921  
65.59050753  
111.2089828  
542.7633265  
406.5152521  
164.7352283  
268.272396  
218.477412  
128.9031235  
246.6253881  
308.9551716  
125.5910617  
118.691663  
585.0216816  
97.77619211  
393.5902127  
296.5139308  
27.81367768  
4.362752597  
21.84055942  
223.2718194  
114.2121606  
202.8869438  
287.8098258  
158.7153969  
177.883531  
54.9320545  
41.82108342  
0.7990465765  
1181.932254  
11.0097062  
236.392758  
206.6683093  
711.2144065  
500.1051856  
303.0071388  
466.8849134  
32.59080789  
3.628147099  
166.6243019  
44.02582129  
169.0617352  
106.1588328  
33.95872026  
834.8863204  
21.28312704  
60.60379793  
262.8905338  
183.2901094  
518.0887451  
59.97190554  
17.43832997  
138.5371119  
324.2991281  
9.89211046  
174.3088165  
434.8816571  
480.9465722  
367.2761184  
54.87255777  
254.3354732  
24.47131344  
58.60263187  
414.618103  
1.313860916  
34.79212739  
150.9227637  
69.96455808  
133.6004188  
53.97363896  
806.7381356  
124.6512287  
415.4196184  
116.9919763  
64.29889748  
80.98557986  
59.55204062  
24.35502237  
68.71143747  
278.7892778  
17.38875387  
122.6247237  
187.7811874  
158.011435  
8.51070162  
46.16325005  
22.4766885  
452.6005141  
28.36915355  
252.9431701  
395.6840346  
11.25475769  
41.60273499  
157.4270093  
157.0632223  
108.6319604  
263.1149105  
7.425472232  
40.58318094  
58.38324688  
178.0264603  
161.3021993  
325.266091  
72.49505774  
41.6123643  
160.5930571  
125.5710692  
204.681435  
34.28841669  
37.52884187  
68.39517209  
11.95160664  
55.26861322  
22.60541659  
471.5405431  
11.72947712  
