73.65952786  
110.8138376  
330.3823145  
9.810513757  
338.0292615  
136.6857183  
1244.747333  
378.5987339  
1169.806476  
708.265066  
1054.528965  
1711.818361  
47.1704319  
659.8360113  
2065.792394  
21.03096439  
727.8822832  
510.3030216  
1748.417301  
1114.34611  
2101.728836  
1324.458291  
4985.237639  
52.77800574  
29.89658738  
3987.433853  
4039.833026  
13.92623578  
1285.650069  
841.8500102  
255.2821763  
521.1503854  
2621.460664  
3077.140021  
64.73676979  
5051.823919  
175.936824  
8734.583794  
114.7755747  
2292.18686  
668.2919126  
1028.498468  
68.74961119  
1267.924225  
821.8484392  
1818.860001  
45.00154354  
311.6237624  
65.63032409  
865.0351162  
100.0047122  
4.815601402  
465.5018396  
101.8569665  
1754.145289  
24.57105238  
4695.408551  
4558.147612  
247.2017911  
1457.158962  
225.806324  
459.6502655  
875.0694097  
73.89120555  
848.1495925  
510.575573  
1361.125876  
832.5342748  
511.7146473  
1568.067642  
1097.429805  
286.5995855  
1391.452931  
65.96630163  
182.5661906  
756.7185616  
1137.557513  
2426.699017  
609.0266624  
475.6966401  
1597.247156  
257.2737494  
1121.091373  
332.4401384  
629.7373873  
2094.109399  
1272.201398  
582.340966  
1415.934575  
55.63740384  
647.5805659  
1010.689805  
744.2477813  
2193.626258  
679.9722456  
408.8520695  
401.6580393  
1668.579569  
1793.903818  
3416.403226  
727.204026  
1086.922708  
3375.431167  
5908.955187  
3096.438381  
5919.042231  
71.1244297  
1377.304717  
1370.068977  
9209.898565  
5292.130149  
5854.902025  
2040.612488  
2110.525197  
3633.456064  
1774.506535  
3190.036702  
2613.649094  
29798.9329  
10664.26011  
2132.067684  
1484.477017  
5651.927237  
2356.928437  
735.1533407  
901.3549152  
2671.795195  
2870.302405  
67.81451911  
841.4142573  
2571.32576  
1571.919187  
836.9406061  
877.7656891  
7521.558941  
124.8928425  
1312.939387  
815.0041136  
30.549756  
3970.119586  
1315.216379  
1456.566162  
916.9351419  
37.19684498  
529.806047  
640.5734187  
96.65985989  
824.3055842  
472.2786796  
157.7811138  
65.8871635  
394.0486819  
1719.787331  
1549.30693  
311.3336125  
18.15563502  
553.537811  
1328.22683  
35.31196463  
359.669313  
59.39395545  
233.8920668  
94.13362215  
304.1763521  
1292.778931  
756.9620188  
176.551306  
202.2831335  
304.099672  
1058.064507  
233.8880039  
395.486052  
1.794549018  
517.2432858  
801.425892  
300.6024984  
4.365750064  
121.179948  
594.9832581  
34.21798061  
328.5700108  
487.7308304  
268.7445396  
289.5298162  
8.854223175  
83.7472517  
4.416155149  
574.4476642  
42.96458153  
34.85587095  
161.6121408  
245.5290196  
260.7123823  
722.8753495  
156.8294955  
43.52006117  
504.9856714  
119.6231243  
313.5887932  
102.5497072  
139.7181719  
57.30415118  
274.8572955  
626.8057357  
178.5481972  
123.9456069  
191.5067192  
117.8024618  
120.1784322  
42.80265367  
228.5440927  
737.4539315  
250.3261235  
413.1852785  
279.0304955  
503.443166  
276.7562988  
174.3583389  
295.6242716  
75.7519043  
248.4086049  
59.02354485  
136.4081604  
877.088714  
147.703692  
449.9071357  
225.2893975  
296.2371293  
770.382938  
822.3537481  
201.1733691  
44.96437087  
2203.906944  
17.64874174  
338.9058708  
19.57362497  
278.7795496  
44.64528548  
102.5500302  
333.7724765  
375.967354  
114.1822999  
748.9995392  
1001.201752  
211.8128664  
92.17780243  
85.92555712  
4.315527728  
198.328423  
120.8684248  
746.5984713  
902.4336651  
277.6770245  
107.5563492  
30.54020112  
1287.524595  
856.5635476  
24.05368937  
16.13248872  
192.6321403  
15.49449144  
804.121974  
38.89663851  
183.2066126  
180.4171528  
642.8757453  
305.0661515  
645.9428978  
168.174375  
50.02939134  
256.6802693  
446.406715  
560.9284751  
153.9141326  
118.6086939  
164.7015238  
4.861185695  
94.29814872  
81.30088284  
155.7896518  
56.89660812  
171.4188004  
650.0810285  
26.20649649  
183.9424328  
98.24739189  
127.3776657  
299.0555207  
207.5691467  
205.2438654  
184.0401759  
83.62286453  
242.529159  
6.824364161  
10.33728372  
