65.84917422  
174.780644  
268.4189216  
228.4593225  
438.0455209  
2056.960416  
1991.569415  
286.3560772  
186.7414  
4874.021878  
2939.817504  
3493.888429  
75.03379251  
152.3547256  
1789.737023  
3139.115517  
1079.062104  
2174.506755  
1007.878198  
195.1749952  
20532.49282  
2541.994641  
6880.298524  
1509.219168  
19597.28843  
42.28690342  
3157.194904  
13275.33118  
4055.679094  
1847.546702  
36998.44906  
32425.30274  
6240.28715  
46679.79014  
9733.176001  
24461.29673  
34042.67941  
29003.99544  
2330.875112  
21009.95032  
7100.576305  
24921.50115  
4168.15117  
7843.518204  
9233.641417  
25156.23505  
950.7413225  
14995.88738  
13239.21204  
1723.023987  
4869.313258  
1847.019852  
881.9793066  
15016.12245  
678.9180265  
3054.487544  
13893.73875  
1147.682131  
785.4116599  
1226.435777  
4321.5557  
1486.56608  
455.5900267  
2749.353874  
6076.85659  
1075.22459  
3805.388408  
505.3160967  
124.6244338  
4930.92719  
6223.853053  
3642.995562  
8402.480948  
931.3473508  
1969.661393  
2374.353607  
804.0490156  
914.4914568  
750.0508168  
5484.5206  
3500.332383  
4759.840148  
198.6132721  
1916.773904  
1154.673238  
3709.317768  
786.1798356  
1340.394643  
460.6365556  
194.8704167  
1364.128818  
372.0688238  
2419.447663  
154.7070953  
1374.924102  
188.5821467  
2035.235289  
676.9205437  
1043.267136  
739.3221228  
578.4699621  
193.3034952  
1123.004247  
411.8203912  
2129.243941  
380.0641091  
5823.986088  
724.6840048  
474.5895382  
1660.495179  
2533.783785  
1350.945375  
364.6484926  
512.0345409  
3194.351845  
376.9041975  
611.227502  
205.1632906  
4696.275467  
139.9563013  
594.1938134  
369.133329  
355.8542329  
397.316785  
1156.408555  
336.6098305  
938.6926652  
440.3525949  
501.2181024  
152.8345188  
2827.810064  
44.47903402  
98.48956986  
171.9051302  
713.0228581  
751.4953435  
303.7902753  
616.1029206  
2.072414689  
1254.718334  
1043.040595  
643.3799887  
1062.747432  
73.93377407  
396.5095257  
296.362714  
429.9584156  
197.7685329  
373.2412809  
292.1509475  
706.1359086  
566.4752416  
1170.514933  
991.1921402  
173.4485388  
471.1611012  
321.0483149  
400.9319111  
760.1566987  
570.6122148  
437.1157401  
77.0698482  
17.57772982  
43.97575449  
496.4118257  
279.4739735  
96.17616174  
93.49737363  
285.2173216  
260.1256553  
600.1458295  
197.0758737  
69.93756337  
428.012017  
75.67380978  
149.9216859  
265.1632391  
120.2274498  
7.189710537  
157.7458593  
350.0735057  
40.9601449  
196.8304873  
95.38946661  
194.8280679  
127.833884  
255.8094849  
247.021912  
413.8345568  
227.3614023  
67.28250502  
174.4966832  
371.1928016  
73.39926015  
451.7747348  
164.2732489  
382.6555534  
227.8078841  
34.67638437  
351.8086592  
26.14491103  
223.9516312  
284.7874078  
249.2071598  
180.5540477  
427.7486263  
4.947279617  
754.0836752  
615.2594862  
437.9741633  
827.6189588  
1581.498473  
68.34417925  
71.92484723  
279.6564133  
362.8663095  
39.14440238  
188.8921534  
38.65800165  
232.6936178  
264.4368818  
919.8540108  
272.8215198  
190.0129923  
44.62856722  
101.4444832  
212.466246  
506.4728584  
219.0859809  
149.6114956  
86.34460024  
82.56129803  
392.1575779  
104.6182171  
395.6382076  
425.8677094  
649.9159863  
327.038012  
189.6611137  
467.0047844  
295.7519403  
191.8559347  
273.1631835  
47.99023158  
585.4074681  
202.3170719  
76.95397236  
197.9246417  
32.770248  
347.2163177  
644.5010568  
1338.257347  
181.7547771  
8.596869827  
183.037305  
180.2043349  
1.287240719  
474.8776515  
89.65391405  
99.70943906  
261.0177926  
988.7282497  
77.03920251  
236.153248  
66.15178227  
453.7359942  
340.6980776  
123.277519  
61.30531652  
207.976639  
190.7168625  
76.4092542  
248.0762507  
433.7710012  
771.4837626  
96.35920712  
412.5318152  
75.89324949  
653.572611  
199.798304  
52.46438822  
52.40239062  
110.8507227  
174.2942535  
253.982814  
98.55955308  
228.6589117  
86.95136529  
30.32877714  
7.63831546  
38.08051836  
25.64154017  
317.5968162  
219.6302522  
879.7823421  
