170.131893  
7.722016423  
97.22408288  
101.6922651  
490.9867214  
242.7748277  
2028.005163  
538.4327102  
1241.05784  
2381.584474  
244.4871056  
1116.15644  
549.5712412  
1633.324423  
4318.178486  
1766.256793  
298.1228239  
4461.762111  
407.4366183  
8276.210884  
1320.170138  
966.3389625  
2155.365403  
3177.200206  
1258.829728  
8544.61816  
2340.615753  
2495.180434  
2979.745608  
3106.98744  
3517.649305  
132.8063703  
1450.263835  
4254.685731  
425.3919857  
3273.972233  
5520.591138  
4426.706988  
6923.016472  
144.0606921  
5360.076812  
1098.636771  
405.7298717  
211.4529027  
3203.741759  
703.517992  
2904.680531  
1331.875528  
761.3714739  
6778.412441  
2345.663959  
61.30105069  
1664.914719  
1493.861237  
2219.406129  
410.6639612  
1187.314662  
14.51194387  
355.4160494  
1261.27779  
775.4943985  
56.75527729  
156.9650686  
1300.739085  
1369.961687  
9.117235847  
165.4830068  
922.5900306  
79.47178624  
853.2453  
4235.412125  
2058.009963  
1917.437467  
424.3852817  
381.6677868  
1004.357839  
3295.486973  
247.3502399  
967.0165289  
3716.249356  
784.505817  
103.8301868  
179.0605548  
459.1897339  
411.9210932  
1016.180113  
3346.452062  
3282.769792  
2871.536127  
3666.710989  
2593.543945  
660.6141733  
7117.555538  
3320.963757  
2242.26563  
4988.243386  
5701.749252  
10885.31216  
3310.182747  
2970.609366  
3448.953605  
1125.675138  
5681.603741  
10385.7886  
2299.841696  
13321.69517  
8605.56211  
13815.97121  
7623.562194  
19012.34293  
46411.72627  
43088.4056  
1190.987094  
16454.28884  
4649.808261  
18743.74103  
39272.19764  
18394.76186  
79412.48501  
13748.27903  
3134.803505  
5275.703393  
9067.823656  
13458.04245  
33.60019521  
4988.349406  
11019.78347  
2859.670942  
4726.046398  
992.9693911  
4691.356207  
9851.79182  
9058.58997  
346.4987179  
10492.53506  
807.1472454  
6412.063793  
2363.967364  
1111.238906  
10086.82055  
2105.419007  
1812.526665  
67.3620758  
1268.144518  
660.8993015  
3396.139321  
233.0560804  
3188.403135  
100.7430613  
269.7720741  
8.567763248  
553.9399662  
2276.000567  
489.0087394  
655.0444972  
796.7561205  
823.6350163  
2009.172916  
277.2616925  
1155.683701  
1259.954993  
190.6815622  
69.01514173  
59.23774596  
771.3468493  
255.3478131  
923.564558  
1355.046803  
3797.894335  
304.7241196  
102.9812205  
131.017729  
181.1842051  
1529.170699  
44.46330475  
181.3982155  
203.1297281  
74.34545304  
137.1749101  
245.2925237  
47.96178321  
1355.538447  
716.7258693  
458.4117262  
65.82017802  
737.9743729  
696.8946333  
1645.806952  
306.7964322  
184.3595502  
294.0985011  
441.6498952  
352.0845675  
282.0899871  
530.3991285  
185.0888874  
219.773987  
115.9568247  
21.29754807  
219.8177828  
113.2567088  
181.3296803  
181.6136921  
159.9266964  
106.3268928  
277.2227465  
302.7094489  
655.6450953  
296.6929709  
338.1795178  
446.8955099  
1439.123649  
581.3935358  
290.8139868  
198.2705958  
274.7083197  
20.32340012  
522.9797333  
271.6220268  
197.996215  
404.7407579  
645.3456035  
199.7469501  
366.552942  
52.72343458  
810.8892457  
157.7676839  
919.3797963  
44.45873184  
0.5409191835  
282.7613388  
11.33126736  
342.3888688  
392.2904487  
219.2520648  
462.3708364  
2004.769565  
235.661933  
208.7067668  
122.4499542  
680.7216899  
801.6183317  
4.262296599  
188.5296739  
90.80192004  
306.4189671  
33.61336783  
144.6939589  
334.1536055  
127.4788566  
415.7964169  
332.3325108  
58.52095704  
10.30814491  
307.880884  
147.3466682  
39.33416537  
1225.789904  
746.5859923  
162.857458  
710.6975621  
299.2718856  
110.5950593  
450.7994505  
341.5618739  
133.3610214  
50.67762958  
85.09590202  
117.8817776  
19.93647634  
9.232319629  
332.5353287  
110.4767353  
127.8150139  
185.3722637  
0.4226620718  
60.46248956  
40.12318658  
68.05070652  
37.05717059  
149.2704628  
12.08268784  
91.86900394  
52.08690248  
112.8937489  
390.8022605  
179.1150925  
120.7392358  
38.18254417  
237.7557899  
400.3630405  
53.69684524  
69.6207262  
18.58565036  
169.0593073  
