5.930191973  
183.0191471  
404.2651025  
209.5852472  
737.4128701  
4245.272384  
6026.793871  
4758.665362  
99.5312217  
170.1969356  
2696.905083  
5288.857224  
1969.186048  
2532.758527  
185.5330887  
593.5175894  
46.97198711  
97.23034294  
3853.122633  
11426.32552  
18550.99182  
8913.719243  
5413.752864  
2264.981521  
3804.161083  
90.75532324  
2468.292066  
9885.901072  
6983.065731  
1650.603288  
21914.34789  
10081.10775  
8450.790497  
26495.98215  
986.3142547  
6126.299916  
426.6079731  
6470.533163  
16181.16433  
9152.812129  
12999.47355  
6815.829082  
2819.110692  
523.7854332  
3724.219851  
2636.531583  
1784.098387  
2071.950485  
757.5367373  
4823.815627  
578.9437896  
4659.731388  
1695.316113  
648.7144065  
1042.394252  
0.3401231724  
1947.217584  
907.2151692  
1157.09927  
1965.332766  
506.6360552  
117.0672921  
965.9381146  
1439.800889  
1729.775226  
1381.318362  
2586.959022  
282.1020502  
507.1459552  
1783.171171  
885.9489165  
310.0611731  
170.3540477  
1141.106347  
45.8810451  
521.4597195  
347.2766737  
632.5933052  
428.816176  
749.1415618  
589.5179375  
1031.382164  
173.0239762  
132.0185582  
789.0724759  
629.3386521  
218.5057333  
3743.308108  
51.59878953  
411.625669  
1457.331948  
66.89170338  
2430.719074  
4037.380132  
336.5099  
536.9825594  
917.9051891  
4558.426886  
1424.029355  
1400.520064  
3007.288636  
2.054911728  
870.3061  
406.0423308  
2494.676582  
1374.021569  
1009.172065  
1212.134876  
689.067503  
3795.525768  
3355.152047  
2653.324618  
439.8636908  
1799.13944  
820.4530549  
441.7413476  
3343.227562  
2715.488105  
4860.083556  
2533.097566  
1324.811436  
938.1003703  
1308.068229  
1030.834084  
413.0762793  
913.4087004  
1796.896664  
297.3886152  
1300.553336  
1015.045983  
30.28282392  
830.3040899  
1194.019705  
298.9965154  
1525.127253  
1227.026009  
320.0483035  
844.0710286  
404.3808457  
1407.914747  
23.35460777  
948.5352578  
853.4690082  
118.4137078  
163.2624774  
427.0311093  
156.9383014  
65.10830093  
349.5086513  
279.3138946  
433.4272118  
607.5743207  
397.0534774  
202.7385783  
443.1517064  
430.5853383  
411.565809  
228.1878328  
330.1028015  
805.2372607  
41.4443482  
164.0271551  
425.8028244  
634.8245136  
86.74426868  
337.780151  
62.79237571  
507.4157322  
884.6215868  
127.0269086  
161.1336052  
218.1953077  
122.1039206  
36.58902631  
460.1063644  
565.5079739  
263.1971332  
312.8999228  
414.8287484  
16.64555703  
126.216076  
311.2122933  
89.07285314  
565.9880274  
38.64325672  
346.2339058  
187.5512717  
228.7085553  
42.09960194  
184.3159157  
125.2595895  
60.66470657  
24.36730144  
465.2450925  
35.58243868  
578.0327003  
105.3896934  
15.9987714  
204.7605733  
295.9667254  
28.06159061  
13.63294786  
156.872308  
563.362822  
509.7375417  
89.49430222  
1089.937111  
203.414362  
25.69153437  
390.7264265  
61.22215976  
139.2245942  
214.0891845  
234.2275782  
185.6308659  
22.09337498  
540.2720236  
7.995835324  
162.4911332  
527.8416407  
197.6628151  
103.8302037  
101.3031054  
125.8294896  
87.32090101  
206.6262377  
122.0531416  
61.66709274  
353.0014676  
48.97426512  
34.00840118  
263.4486126  
368.5926773  
25.43374579  
0.4543235899  
435.5311377  
346.9066125  
487.1436347  
270.0513189  
72.19823073  
17.77927598  
208.7805475  
218.0911561  
541.4699223  
28.90563925  
143.5592823  
41.50558771  
576.2900132  
442.7846268  
98.04558077  
152.6345057  
40.74734821  
117.4815863  
58.1730602  
96.91748095  
101.3408926  
449.1951804  
2.043683843  
156.4156068  
20.55050169  
57.30636844  
85.99740932  
67.77195742  
300.6559727  
21.45391059  
244.618221  
346.3789555  
154.2983837  
208.5665172  
83.09236183  
85.17493251  
12.62190972  
230.3652072  
96.54963001  
50.60570771  
54.73126908  
351.0041683  
26.9828603  
219.7542962  
269.6587639  
10.68975684  
22.26063578  
150.6975948  
29.38622186  
84.56592106  
35.65960089  
23.09059869  
48.04447265  
10.41124135  
49.40033884  
55.14757538  
16.70482805  
15.23016921  
261.5164085  
435.4060056  
