2.463334763  
20.00437432  
63.36705523  
17.53937724  
203.6192373  
910.3183068  
326.9033128  
66.01847951  
1682.205801  
2522.005862  
693.6840079  
263.8006954  
266.8884255  
591.0942557  
187.0362042  
82.56389878  
62.57491965  
28.54349345  
92.20853417  
1736.899065  
1035.233332  
129.0995727  
2695.942806  
280.1263834  
221.7885332  
1368.125843  
647.9731573  
1377.413611  
173.0074523  
840.1792247  
727.3912443  
1308.1136  
348.3022296  
3126.896072  
1167.077605  
1804.561711  
60.16017723  
721.099138  
1093.356767  
206.7441246  
1151.712145  
1883.858573  
1355.919787  
692.3745808  
329.3736238  
341.0349195  
141.3492323  
2113.60343  
623.6257127  
254.7920097  
527.4515565  
1280.185326  
316.4445775  
95.25905077  
14.90940619  
2255.825655  
744.655857  
19.224176  
1094.253887  
502.0025014  
908.5340036  
460.7076263  
489.4650912  
105.8588327  
350.3935048  
73.69631165  
558.6223788  
313.2062669  
1490.805691  
684.7815464  
1168.689253  
8.091408727  
35.30136681  
240.157009  
246.1115908  
479.6386182  
1953.937538  
282.7935467  
688.9819737  
2745.996851  
460.3365732  
316.1167173  
9.087492794  
145.9486719  
511.943671  
1302.019296  
615.1293723  
357.8511634  
2907.802488  
337.1316862  
3864.191747  
2444.641209  
1491.256113  
3131.459038  
3028.944303  
2867.486212  
2769.36541  
2915.366934  
1884.686531  
2248.249379  
108.367584  
3094.892266  
5508.463059  
10689.14063  
5703.083939  
9907.404769  
3023.136473  
8398.746731  
10575.58053  
14188.50472  
21740.68269  
25163.00767  
847.7355524  
11702.17512  
2906.783986  
5155.7526  
13883.88939  
9385.084125  
45261.18547  
8791.684572  
228.8222871  
2915.280902  
8610.926939  
8505.645349  
224.4971654  
1306.903552  
13082.11374  
2512.868544  
1850.86107  
262.3801198  
1806.342172  
3117.628241  
3503.876708  
62.00013187  
8642.807364  
386.7583134  
5707.652757  
781.6700035  
586.9758465  
4761.109534  
6202.583388  
4002.750918  
493.6968405  
664.6411156  
1646.24443  
1117.103831  
754.9790285  
670.2598605  
930.1069085  
34.84038917  
89.22298874  
73.28588852  
424.6332766  
153.9206366  
208.8363835  
52.22347048  
466.5686491  
1159.458004  
487.2573769  
1327.408019  
41.02927358  
664.9659986  
10.23530435  
230.0168426  
1398.985892  
326.9262566  
1044.654365  
581.8376499  
492.6430355  
359.4411845  
1196.893676  
72.18438964  
219.1677903  
1417.657953  
924.3345689  
7.442250128  
51.42287498  
365.985498  
100.4072439  
46.05466857  
69.49883066  
828.5812378  
1849.882885  
307.491783  
68.64921654  
349.6640084  
31.0625274  
484.2653886  
1300.498785  
349.6091468  
451.7179156  
404.5384714  
108.1737759  
600.2776722  
77.27335899  
59.01229614  
247.7210817  
0.5224118007  
77.92092591  
382.8201461  
83.05444599  
113.3422678  
1022.075983  
717.8055923  
184.7342325  
201.2115532  
1512.076932  
111.4078986  
712.7319393  
2240.981818  
725.1726281  
1246.273568  
813.9525451  
236.5152524  
162.5186397  
1828.1455  
11.20906719  
336.7860055  
349.3986523  
294.9829876  
1056.262641  
2071.24045  
596.1534901  
1730.410297  
428.0438147  
112.6518496  
3331.130046  
422.3173138  
365.8882991  
53.90595577  
223.0957445  
347.6368049  
1528.977378  
590.2345571  
163.8554389  
2357.776684  
1894.473984  
76.71909423  
1063.177125  
151.2723273  
960.7557757  
46.0404903  
253.1293169  
13.62156123  
1479.019309  
714.1008015  
8.384995836  
56.37706254  
1241.209406  
575.8373013  
225.5218085  
200.4430285  
238.2812752  
10.12288803  
791.6538635  
76.40800693  
132.3049901  
1025.875999  
328.7108485  
281.2339567  
780.6460257  
274.2122623  
172.5120732  
124.9675105  
152.0586063  
122.8196662  
255.7074883  
76.03705167  
892.3689657  
300.8882764  
361.6925258  
932.3458697  
162.9117506  
42.70075721  
494.5314231  
48.36890921  
53.80325956  
286.8649882  
115.2092106  
287.7958801  
238.1602537  
63.55966808  
59.98364807  
152.6180407  
13.12690325  
445.9899538  
140.3701992  
139.3258746  
13.58050314  
275.2374296  
192.8645686  
203.2015529  
33.97241183  
139.7084349  
55.65087215  
