21.88639457  
5.838064329  
22.67074332  
82.22993753  
122.5543752  
10.70190161  
397.6393121  
210.985324  
525.4930946  
1471.810554  
949.870145  
953.9314791  
2022.150559  
274.5611247  
1.488310212  
88.7363857  
1.883064051  
400.3686911  
3.683598662  
74.20866368  
2587.707429  
447.6605718  
1212.798763  
5.247205332  
2016.923778  
677.4780099  
1356.420447  
104.7281045  
642.5263272  
481.8924639  
2626.393546  
58.88520187  
126.4196063  
2140.003059  
508.8494335  
689.6440711  
811.8777387  
4337.004165  
1362.796949  
481.9935067  
744.8466271  
155.7116286  
1738.822254  
66.97097993  
1768.792971  
2432.890335  
605.7376326  
71.13888276  
311.7582399  
236.2610771  
2388.685216  
285.2963794  
85.71096417  
3435.907428  
244.9230029  
409.6284863  
3417.355611  
705.0466522  
1124.94342  
500.8264616  
28.06484382  
951.3351143  
561.7356406  
60.70309485  
616.7906973  
907.102294  
246.1738818  
569.2177345  
1434.918564  
913.4705223  
668.7903587  
156.8634614  
372.5995993  
201.4488213  
180.0932183  
207.1640214  
135.226366  
2077.712405  
1682.779812  
816.4645726  
487.2435144  
424.7506801  
2991.14232  
13.46406918  
953.6102931  
1200.453971  
85.50064329  
2332.775353  
173.2445285  
1566.028956  
3544.356212  
33.43825066  
815.4418363  
7335.745478  
1651.47857  
1162.197103  
2858.851239  
8214.326233  
3125.448089  
6672.192328  
3220.867377  
4970.545528  
4437.733839  
5950.359206  
5904.965939  
9310.39354  
1185.269228  
3145.845581  
2868.931423  
11802.42863  
25138.13837  
13124.87915  
5464.787193  
10743.19212  
4121.106508  
4385.54731  
11623.74303  
2011.617839  
52962.67839  
8598.249607  
1510.430321  
1659.639951  
11742.06155  
4918.464764  
434.5376452  
994.9846678  
8006.459131  
1753.440407  
1394.837306  
1195.141659  
3208.935293  
463.2428736  
3880.416457  
680.4413992  
3646.31369  
623.2836813  
6343.772656  
433.9669967  
83.38029935  
3547.765948  
1013.975747  
2519.012677  
1000.36838  
97.14933351  
1418.029739  
738.5112521  
267.4327009  
617.9526983  
822.9283318  
1417.641436  
416.3483516  
1389.815961  
676.5038851  
630.8997656  
80.75957773  
451.6269135  
1681.779471  
353.2978299  
5.218619387  
200.4769877  
218.7724419  
465.331419  
763.0914151  
352.0545473  
502.9031161  
225.669706  
179.9477049  
127.2143778  
506.2699717  
1915.588759  
1000.054069  
469.3224135  
57.6984792  
47.97131921  
91.96932463  
186.4754495  
75.9330938  
42.681573  
99.85706781  
111.0686605  
20.61180301  
29.12493316  
613.4887397  
514.1291674  
253.070609  
296.1338951  
165.1788237  
245.7515261  
523.7600002  
504.6501256  
575.8324136  
250.4384302  
665.7586172  
142.7447839  
813.5186892  
213.3969117  
553.3897728  
191.8322392  
380.1180708  
12.41838478  
195.4929233  
50.10065243  
139.9732727  
526.1950191  
1.679518408  
15.15627947  
8.345492709  
334.5973975  
10.16994259  
841.4930279  
138.0383869  
864.1458085  
706.5045292  
1004.677877  
434.9621227  
413.3293106  
474.7618551  
26.44230251  
1236.623666  
570.5595226  
249.6210284  
216.9705621  
427.0675869  
44.13976443  
87.10274985  
274.0983207  
320.3754687  
667.9298699  
272.3583238  
79.03631463  
14.91197129  
366.5611504  
263.3644908  
206.1106368  
220.7754418  
772.0895292  
349.1449367  
181.7632164  
23.77196043  
29.2059417  
72.0578128  
11.77367016  
36.81633495  
144.725653  
85.11435788  
374.7902771  
71.52303806  
282.2716976  
257.1716043  
168.1573939  
1360.847601  
86.39745082  
21.87548132  
15.89684496  
38.29348697  
223.3169322  
93.43976493  
331.3862363  
242.630399  
36.57722071  
105.3754222  
187.8034039  
9.987765874  
509.0762596  
262.8896587  
547.4157069  
118.028192  
192.6171075  
58.80761824  
99.42635414  
168.5015284  
180.0689621  
95.13996289  
108.7422625  
187.3034808  
115.5954021  
498.2151043  
77.22761662  
237.5628182  
325.8799156  
16.05613722  
42.2099968  
89.31754073  
21.5252058  
185.729695  
69.03894681  
286.2650557  
8.691012884  
239.040367  
65.13442401  
288.3634417  
168.415983  
106.1302034  
549.4609808  
252.9961959  
