10.65339546  
3.207477037  
1.826065109  
25.05754756  
316.0217464  
37.60271653  
860.3258143  
26.31374294  
344.2145753  
44.05439168  
156.6384265  
1834.21858  
106.6810136  
546.4332887  
678.1042786  
1332.256815  
1005.004152  
276.2072836  
651.7929891  
833.9357169  
102.997479  
365.2876418  
180.3001185  
72.44919323  
800.6997935  
3197.670051  
1816.975726  
398.8758673  
2057.119374  
224.3416882  
3334.874287  
656.6620753  
241.3240183  
2278.55942  
422.0769261  
1484.557766  
256.1650644  
521.0373873  
248.757609  
963.8532263  
798.6129908  
1334.717135  
300.761346  
1267.725233  
99.02359278  
208.2724794  
1461.004234  
3166.807063  
236.7330685  
651.4864062  
191.9791682  
68.04397464  
26.33843802  
859.6362095  
201.8669137  
94.45441513  
1259.509129  
1350.552239  
991.5197111  
669.2569172  
8.443240556  
915.7923774  
9.076607734  
733.2035208  
163.1643788  
388.8924365  
920.3321823  
113.2211886  
1285.433016  
112.9678631  
140.3386355  
385.5845186  
510.9928588  
486.7160156  
194.531809  
983.0045917  
395.5576845  
1766.03107  
554.8216881  
489.4157397  
1052.1406  
42.24461791  
139.6993113  
110.014322  
249.5982461  
1109.873645  
102.4725979  
462.6499183  
317.5255955  
217.3287292  
1134.409768  
238.9591219  
37.61874845  
1547.405536  
986.4968248  
437.9293608  
506.0836214  
196.0761166  
745.8433534  
398.9234879  
408.3590346  
865.2595494  
521.7563213  
129.1768  
386.1489518  
82.79608217  
380.7865632  
51.1029443  
278.1055984  
1925.45078  
2773.593572  
8949.718  
436.9907798  
362.2894452  
615.9411048  
2025.951732  
4670.505984  
182.0963225  
6386.471708  
1638.741183  
2515.048381  
8.49679569  
583.1707111  
523.9591967  
92.64813678  
112.3680847  
92.11844806  
738.0697489  
271.9051497  
1124.146872  
755.6530907  
2244.999603  
221.2693849  
937.5762412  
938.6450494  
950.8515135  
412.916079  
880.7545188  
1023.485725  
1483.57107  
2981.033093  
345.9629393  
219.8925091  
1487.947308  
332.9054029  
476.3055522  
726.4763013  
433.1301811  
405.4627105  
352.7453819  
774.419942  
272.4048489  
1060.418485  
303.2436482  
61.4746672  
459.8442753  
167.7160441  
1076.298963  
144.2418478  
158.7396002  
68.00974753  
572.6352236  
345.9634143  
854.7187867  
1538.375483  
171.8372265  
184.1946783  
40.83592651  
766.1283746  
408.324106  
677.2447588  
24.84099275  
87.02178228  
929.0809148  
79.27889854  
590.1076364  
339.6723077  
52.64845691  
163.7351007  
28.6767319  
180.6027601  
111.7572179  
685.8000793  
1239.532427  
315.6663868  
607.5807669  
2.886334748  
225.9928091  
318.0029089  
661.168538  
126.1945086  
292.3439568  
69.57343384  
443.5855442  
296.8700924  
98.43609971  
140.3672828  
43.21815996  
66.29460164  
755.1885441  
273.2226907  
651.9696185  
165.0304809  
425.6788941  
260.6524988  
575.1133056  
1013.631993  
21.27229436  
834.0109186  
1277.02719  
27.57132726  
212.4673246  
175.1261834  
103.0546799  
446.8327116  
656.7021906  
140.6115231  
231.7193222  
130.3464134  
577.3376073  
267.3164898  
46.6478399  
31.71151675  
85.59520033  
642.8628933  
142.3642055  
217.5272074  
761.8686818  
48.4909081  
349.0423427  
28.088482  
408.2319865  
419.5981438  
205.3560768  
63.31787409  
313.1314241  
168.6678135  
302.681352  
330.4873737  
22.19176611  
881.2634372  
74.99265227  
190.7332053  
106.7820137  
146.8312887  
24.83370238  
2.557059951  
134.175363  
395.7484755  
114.306961  
25.91781215  
47.52602968  
191.5624304  
106.1704267  
226.3777237  
214.4896231  
361.9554778  
57.56174697  
16.59994793  
181.2767308  
0.7488039437  
429.353605  
31.87410616  
290.2803288  
292.0450703  
456.1116581  
61.74376836  
737.2515572  
171.7320211  
41.11491744  
104.3297791  
232.6927937  
304.8873019  
34.1887916  
157.0943645  
309.4044446  
3.959908646  
36.52848443  
181.3513255  
34.27060539  
95.84667543  
530.5978021  
123.975911  
14.55294338  
26.19562687  
46.77396362  
89.25161317  
24.84931846  
142.345749  
59.28976235  
61.22504644  
630.502939  
29.54618312  
190.1823179  
52.90154929  
