27.08699541  
193.3380755  
43.54939225  
182.294219  
18.47669323  
530.6073585  
112.7835355  
222.6090489  
422.3817247  
270.8049029  
912.7036502  
2263.808197  
802.7811378  
89.69537828  
1258.218468  
476.8711113  
1499.344568  
1211.810867  
273.500472  
2813.826976  
799.0027108  
388.5430018  
2002.110416  
3241.343439  
294.0989957  
2789.034489  
1345.660063  
1996.103024  
619.3117891  
2729.273028  
2692.939204  
1793.792711  
200.8434055  
2539.625788  
3623.852908  
2835.728793  
407.4463259  
2152.531312  
1950.241509  
296.1360645  
1638.796681  
1207.067998  
3096.010981  
245.0883767  
1573.060072  
967.9592978  
890.5108221  
219.6574144  
464.2024719  
939.2207768  
446.4342397  
113.252603  
338.244751  
2378.848589  
936.8434861  
113.3526888  
1914.508496  
263.2749571  
673.4058979  
430.141902  
81.30224404  
484.0772472  
1065.0039  
595.3192961  
198.2744901  
751.6668064  
463.4345893  
440.3568518  
885.9866049  
167.7277804  
993.8827669  
208.9763996  
21.26860052  
527.8790932  
96.03373231  
3414.646971  
113.5320355  
1536.957812  
431.2495128  
392.0424622  
1137.03083  
316.8448211  
104.5967701  
1273.059822  
375.9083619  
1472.883723  
802.0093309  
858.8501454  
544.4636286  
152.9858566  
510.6391702  
1735.433837  
43.14718838  
1273.306346  
84.43274072  
225.317033  
936.1252401  
2022.14029  
1037.164027  
78.95090138  
3356.001554  
4801.618909  
4617.273808  
3114.22777  
1732.672772  
3456.273858  
594.6594774  
1878.344406  
131.962147  
5412.868832  
1327.556124  
4070.409525  
5178.394828  
1972.01647  
2133.365129  
22.44553138  
3578.289241  
6927.498877  
6591.348523  
5288.381186  
2740.756249  
707.1057294  
653.7690897  
2570.757436  
421.4225928  
1878.917386  
2912.427426  
58.55952909  
721.8364283  
68.28084934  
1188.377257  
1403.690936  
2732.229079  
403.697579  
1052.787139  
197.6982558  
365.2074875  
707.1467523  
254.9936295  
765.4579977  
257.6656421  
2700.094354  
136.279951  
286.6904991  
1482.693051  
80.95621816  
44.65702777  
341.0475552  
477.9723512  
382.5098112  
88.3956596  
218.6866518  
325.0720042  
359.5252859  
197.7766966  
133.3180366  
772.191864  
752.6036288  
554.8630262  
44.24300791  
141.7093362  
211.7177981  
252.0231403  
326.4684428  
552.1228539  
267.3055642  
16.04985843  
262.2422739  
8.911256569  
318.917424  
313.1049144  
777.5323652  
182.7824831  
178.4443077  
522.1037772  
1553.2094  
524.8707658  
139.3810926  
229.5518412  
507.8245752  
403.6896287  
12.52177838  
8.931970124  
134.5337425  
607.1261673  
1811.919834  
34.54726519  
65.48516653  
1163.831546  
621.0883136  
76.93243777  
58.92879707  
136.8600108  
27.75299729  
137.2937479  
64.70236441  
21.66551392  
203.9163118  
524.4285855  
29.43762985  
11.66367477  
3.02357047  
298.3660496  
211.6496291  
413.4426525  
410.3660285  
8.317543027  
240.4941589  
2052.489907  
592.1435153  
98.37064914  
3797.157145  
648.59484  
332.6117286  
84.3767668  
1173.19301  
489.1386311  
189.5375352  
263.6283614  
1085.764262  
313.3690734  
242.337812  
718.575111  
1002.300871  
460.9613386  
1398.698651  
450.5029411  
3975.611357  
702.4433451  
310.9683399  
1465.142111  
847.4901786  
1895.806043  
2384.591965  
1865.727726  
2404.903159  
1004.445193  
568.9325189  
669.6192107  
86.10600963  
3445.884684  
545.9556841  
211.6547093  
182.9270225  
619.1789084  
158.0999145  
652.6944381  
566.8314023  
758.4775622  
1907.968057  
2633.304323  
3158.7402  
1058.037011  
81.83117035  
640.7812913  
1109.584087  
868.0914391  
405.3367253  
1713.38789  
74.91336578  
691.0852492  
4180.989971  
202.1238376  
2392.076675  
412.5782028  
1412.26041  
217.9763549  
330.7246992  
898.5099245  
41.70771577  
806.222918  
1699.467395  
1201.243398  
474.3995259  
2126.58939  
698.7720245  
191.5396867  
157.6638819  
779.4270444  
843.2461699  
245.4683818  
1002.302733  
994.5021572  
229.203561  
61.54486756  
119.9067206  
577.1828925  
44.76444126  
100.3657845  
23.9838229  
417.3914697  
546.9777171  
28.09306993  
356.6814679  
1652.124312  
