181.3953176  
180.6046306  
143.9724763  
109.8696716  
22.53887704  
1135.041559  
3257.696555  
347.9464313  
1531.994538  
940.6084949  
986.5226073  
3931.522338  
139.9028872  
1720.465558  
1792.817464  
2552.851064  
3871.933186  
765.4630352  
126.9639002  
1069.677036  
681.6959686  
2850.074511  
2497.294314  
3312.512218  
3215.78548  
10564.49742  
678.0261554  
1964.504077  
7003.460333  
596.9671045  
12714.944  
2118.806035  
1386.967826  
9113.551012  
8004.643094  
11275.1808  
553.4474734  
1385.501013  
174.8990932  
483.15115  
1820.909082  
4915.282714  
6333.23643  
1727.398804  
927.8358968  
2289.810224  
4529.958418  
56.90128511  
581.2541096  
579.9994303  
286.8492767  
957.8006829  
802.5959777  
655.9169727  
158.7202948  
335.12274  
538.2762793  
3020.63208  
2360.052206  
414.6363999  
1015.783756  
690.9560782  
430.1896842  
713.1645636  
600.7017996  
90.95801089  
510.4888812  
2676.619548  
558.3163493  
448.2436676  
2015.084332  
460.0044954  
880.6854286  
704.4161171  
208.9733073  
1684.842093  
804.2663134  
280.4026386  
273.4681333  
459.0759302  
2141.963937  
740.117405  
1215.977289  
824.5475699  
550.05422  
138.6210125  
579.2112178  
6.655793662  
405.9365921  
1356.904553  
950.5116737  
907.8351571  
581.3567907  
284.7788602  
297.363295  
70.99224337  
514.4436773  
402.9196548  
563.6631885  
986.0129243  
55.46175616  
378.5939494  
302.2095726  
1318.681183  
2586.130168  
1055.935459  
297.3396486  
676.2271506  
94.17149823  
2576.369821  
396.1994163  
685.3440065  
73.93708768  
1638.305815  
813.6739349  
208.4107398  
57.66664767  
2482.383536  
3484.81938  
3093.683013  
1630.747786  
1338.904825  
2504.032205  
88.00393182  
110.7672164  
7.630988521  
1820.158966  
303.512366  
556.7546579  
700.5106711  
273.0443601  
196.7537672  
166.4616235  
1247.708206  
975.0883691  
186.3530299  
335.4144591  
699.4012966  
531.6631922  
15.24202961  
250.4387126  
310.0583421  
186.563608  
442.7684531  
336.6065563  
141.3396635  
213.7738737  
202.2427003  
161.247916  
208.4618858  
93.19485519  
11.11412913  
241.1711091  
13.94993425  
205.2774331  
287.4824732  
404.6793875  
163.7751893  
130.6459891  
232.6934498  
269.9925169  
536.8297146  
52.47257266  
73.39521757  
108.6782967  
288.6114276  
115.5677487  
185.5009912  
59.02591714  
80.62851707  
123.8173205  
347.9356829  
451.6938884  
132.5652326  
341.3993256  
270.3237921  
138.7647618  
46.97790107  
8.793995692  
329.794092  
4.551479159  
581.0282026  
13.47203573  
251.2380917  
143.6299132  
213.5508835  
88.88495174  
94.51045606  
110.1187241  
175.5729659  
172.6029362  
212.1377263  
545.601384  
0.7215862985  
219.787953  
89.32330639  
14.60701296  
268.2964017  
42.20345247  
150.4103056  
324.2252275  
287.7551085  
123.2236326  
412.6392453  
82.44902579  
305.8669765  
53.61086359  
87.46564846  
205.3540781  
387.3376173  
84.55421807  
831.4265635  
49.8877323  
343.4543762  
43.19861599  
190.8486185  
19.5617962  
208.5610286  
151.2491595  
26.39038433  
278.6370204  
300.7151729  
19.11297626  
258.5705954  
214.4939741  
55.41031149  
207.9774813  
83.89037614  
35.10095546  
147.2508893  
64.62367515  
44.06316763  
43.86951256  
363.5320511  
36.96055688  
153.9436667  
205.1203238  
14.75748281  
340.8441923  
21.21274011  
34.73716133  
91.50919827  
163.4813497  
3.643358833  
138.0704847  
7.380618947  
23.13208808  
491.8160371  
54.94501968  
24.14791035  
80.02311096  
126.1076411  
22.34672214  
21.61445275  
127.380375  
55.01093951  
132.5160578  
43.75737488  
10.16769714  
32.85568362  
19.53512339  
113.9119869  
4.71347973  
197.261436  
13.60604842  
17.77212868  
23.63589638  
31.74523637  
86.6584242  
36.6485051  
61.37154935  
123.2001761  
11.52204348  
25.18818444  
45.66632813  
147.6540554  
125.2285266  
133.1443687  
7.204878527  
31.6838754  
143.7204188  
85.04718428  
78.16429684  
111.8791045  
61.0257989  
13.45360658  
374.1437109  
42.82138586  
98.1502848  
5.80199095  
105.1221552  
37.03619003  
90.94656683  
125.2973745  
1.202326287  
