57.30424308  
105.1697093  
445.9512782  
1023.603752  
802.2100869  
2208.990854  
773.918305  
343.4871601  
1612.596732  
4319.738684  
669.2077019  
4012.459303  
292.4946837  
3416.176504  
2664.788511  
2980.336067  
4462.768616  
359.426817  
350.4537581  
7.468391012  
5041.669153  
2839.173594  
584.8531058  
4767.082118  
2835.378275  
1494.965964  
2305.55942  
285.887807  
607.41521  
791.7202376  
4118.856494  
831.0977933  
462.2979638  
1274.140643  
602.1050266  
1938.473395  
2237.890602  
188.7595472  
2155.580244  
4492.089868  
817.1077098  
147.6109443  
572.8366691  
68.70968523  
999.8075263  
159.5973688  
760.3086031  
79.40383349  
1211.417834  
1587.862346  
813.756495  
148.8884903  
12.10087117  
536.803513  
259.5348418  
150.7064221  
412.9118145  
559.0810438  
131.9047265  
731.4117771  
2365.95148  
719.2676211  
1265.281185  
1763.107999  
500.2471807  
61.82587575  
640.5574365  
557.1397844  
919.7435288  
1119.224514  
305.6118246  
1269.67145  
645.4828806  
939.8794347  
538.9400095  
496.5067245  
13.5232958  
1325.140884  
193.0898237  
111.542212  
307.8030333  
757.0963894  
545.6899202  
2.767923034  
739.9191843  
1497.976052  
2134.571164  
770.3357939  
717.5949249  
45.51726909  
1766.091873  
4249.843158  
1861.071646  
1062.989871  
73.65634666  
1147.151394  
407.1001081  
1410.267489  
1104.113435  
262.9133886  
403.3579033  
1293.374796  
3755.704926  
7244.939577  
723.4386179  
7112.027364  
5530.141373  
3642.499507  
5402.794394  
7438.222589  
9168.028171  
20690.27771  
83.33200604  
9610.407417  
1352.768261  
3918.047629  
13318.5143  
6203.42449  
16690.47746  
9211.821598  
3647.58698  
970.310966  
1907.689377  
2636.984463  
330.9595883  
3067.559899  
2840.333756  
353.6072985  
3271.319841  
411.0777498  
1076.570757  
2030.867576  
1398.545691  
225.0833388  
5076.198559  
460.4572928  
1020.18327  
628.2827195  
755.6166539  
3264.600576  
1686.382079  
1217.887445  
1003.07604  
531.8802023  
998.4648691  
186.7656382  
1288.056859  
2922.671707  
59.78428697  
774.7378827  
16.39145914  
64.95797409  
400.7961221  
135.3296509  
175.467218  
439.0731608  
335.2719615  
752.0753853  
1458.311825  
256.6105859  
355.9393887  
420.8423163  
348.7055433  
820.0358573  
1250.922201  
278.4604672  
71.35426721  
675.2507458  
300.6609517  
1238.333179  
547.4522602  
332.0628685  
173.706978  
100.19443  
345.6858618  
467.3827796  
539.5646163  
467.1624154  
2424.815619  
552.1100222  
139.6388311  
1151.382546  
599.481502  
182.2953272  
7.299870296  
689.5799655  
207.1549087  
422.0390067  
749.1403828  
495.5723064  
189.5586491  
154.3634235  
89.77620193  
3.088712523  
401.6350907  
262.8890857  
205.2985643  
749.250618  
114.3165719  
149.1349678  
117.1377746  
253.4089916  
395.6290059  
187.5844632  
450.4278433  
487.8063257  
706.6677503  
579.9468231  
9.644390569  
225.8371899  
2653.78048  
1151.615098  
84.30165509  
695.0908655  
130.2074408  
1541.191209  
430.5577756  
145.9320888  
575.2763552  
550.9966934  
379.0974101  
1168.329903  
653.0585482  
55.66456451  
424.825753  
378.9248203  
294.5113036  
469.7044299  
333.9311523  
309.5238265  
1168.913204  
287.6295855  
795.1440882  
1275.486319  
158.2432755  
159.0734002  
180.7431369  
169.2591415  
51.20716159  
276.3166438  
570.6585237  
307.6749582  
405.600824  
563.8068864  
124.5197484  
475.336173  
604.8299395  
81.90876561  
461.8875523  
441.0289899  
391.316959  
1121.065737  
165.4097857  
142.6776719  
64.60041797  
579.2640404  
329.6751839  
418.5905263  
839.2413771  
243.4152942  
34.58947704  
134.9781232  
17.37993217  
364.162159  
107.2627164  
236.0672581  
344.6813299  
310.3900927  
76.22609738  
188.8802631  
415.8696621  
108.3898918  
149.2811984  
130.9678198  
18.34453385  
545.5226064  
118.5768317  
212.9524225  
44.13293457  
332.4765524  
114.7500245  
100.8832109  
2.348463851  
493.7060535  
19.0137166  
504.086992  
467.7108696  
27.88164439  
234.8116191  
49.82774954  
66.96237789  
21.42092933  
50.81949404  
147.2237691  
99.09544891  
