5.103234954  
16.6201069  
13.28011254  
119.7816367  
73.87339479  
436.2363498  
160.3890992  
564.1989865  
1052.65261  
439.705792  
1704.539793  
1546.461989  
303.9041601  
331.4196604  
1676.91151  
872.9204343  
19.03396941  
883.3031344  
919.5051262  
68.16844342  
2123.620047  
1154.395871  
250.6859654  
245.3048908  
21.39559339  
505.8276472  
3.863322234  
1201.070636  
170.9073322  
815.9523816  
61.14053479  
1739.562389  
285.3017697  
1709.185109  
2145.390711  
1790.609029  
110.561355  
401.5131305  
2067.351711  
34.23677292  
1566.445624  
1975.445988  
449.1098952  
1496.662346  
124.2706627  
1857.84861  
974.219971  
432.1751391  
17.05424945  
379.2321674  
535.9880569  
91.69056497  
1730.121394  
8.718272768  
1550.501068  
21.27506222  
896.132608  
1556.784478  
840.6757055  
2906.03664  
631.5578734  
274.9350353  
4016.689377  
144.7348427  
1379.626722  
1075.946261  
58.9317872  
181.3459675  
67.7473836  
435.4194794  
1211.834926  
1744.603081  
198.1074154  
276.5135807  
1892.830498  
1127.270286  
479.2997638  
400.2255059  
1375.645807  
128.0285939  
1980.345536  
119.6776394  
353.0398862  
183.7745576  
373.5603025  
960.2584914  
2745.032634  
3618.121162  
148.2676901  
728.9819972  
2579.927655  
190.8908875  
1684.543135  
488.1363406  
907.5268881  
1942.523665  
1513.876271  
2930.279857  
717.0385302  
291.2304321  
419.1797165  
2308.119639  
100.1636664  
1574.121003  
185.0120398  
4043.881699  
884.041052  
1217.023516  
54.50251538  
3904.267015  
5914.020252  
4019.366218  
940.7271784  
2671.709311  
150.0669377  
2667.009279  
2526.032503  
3083.435653  
17302.6356  
443.203644  
68.69551927  
510.8928514  
0.6112819931  
4121.499304  
4.687136052  
69.92719249  
1212.089323  
60.62834994  
233.748629  
178.687301  
2121.716686  
3007.401448  
340.5027928  
464.4192605  
544.8675498  
936.0497158  
1697.611277  
315.1236657  
910.4029757  
894.4871345  
315.9778956  
370.6346017  
123.8734333  
338.9563941  
1218.675815  
1261.640776  
705.1815426  
9.485538327  
57.69516472  
407.8902455  
1615.978171  
18.88196694  
1404.109658  
461.0505081  
358.0661166  
163.8577188  
36.51661819  
65.01235944  
484.4659506  
21.47026011  
589.1658515  
233.486856  
575.3753828  
92.48471887  
1479.736951  
944.3409539  
454.9263582  
342.9972404  
184.1224513  
304.5294325  
470.5211967  
46.57421309  
53.26897602  
423.0237725  
1003.268962  
302.5880272  
44.74756593  
141.4445792  
296.5097036  
304.1955386  
9.988568429  
21.98551022  
25.88042383  
265.7538064  
226.6385925  
63.621364  
352.9258535  
531.0600426  
277.2815645  
334.1613451  
483.4038135  
993.9322712  
416.0337971  
74.17940452  
59.94252327  
215.1933642  
56.07409234  
255.8237564  
322.5738124  
327.7711965  
251.5974747  
793.6045386  
1048.867756  
559.4468031  
234.459784  
3.231907399  
119.9613826  
8.942067331  
551.4808398  
414.8705029  
101.4203088  
15.0984137  
155.6037895  
130.0531655  
73.116798  
144.7766542  
82.05482378  
8.260192162  
135.1466999  
198.7799851  
256.5207406  
8.392196353  
584.5898823  
106.8843771  
82.65898478  
300.0954839  
373.8704419  
258.4313502  
368.3629597  
299.4257845  
57.53173491  
73.33426861  
511.2334977  
352.4443218  
190.7462007  
59.33877817  
10.89101728  
151.7638505  
7.721892797  
232.8564915  
438.1331116  
260.4580374  
378.6049242  
79.92458034  
15.39572919  
49.36763676  
180.1809273  
246.0425169  
51.81236884  
149.8763191  
261.1771719  
694.0623352  
108.1546024  
65.86612317  
20.52606394  
159.8371722  
117.4211104  
130.4453974  
178.5486385  
9.785415927  
425.4994663  
298.322624  
130.670493  
14.48792711  
48.16148633  
54.54482139  
59.90972175  
22.39501809  
255.5177112  
21.11262937  
12.1298641  
13.99909582  
72.82159072  
33.68787972  
120.3240988  
236.3031372  
351.315804  
109.0731205  
4.690319002  
4.49577666  
103.2148083  
92.42907453  
47.60963226  
46.01133267  
1.321322656  
2.497580481  
97.87232239  
74.49019267  
162.6805255  
59.43123876  
52.59680349  
100.4834603  
23.94918319  
49.05741294  
34.28422298  
