43.52986083  
14.70633725  
28.30200387  
174.0630124  
349.3912616  
534.4868818  
152.546648  
611.3873124  
100.7386961  
17.35239618  
462.1525663  
905.2220494  
860.8799932  
1545.42989  
58.70389009  
821.9205956  
1020.489052  
1650.904568  
279.0262957  
537.94514  
395.8744676  
126.3893944  
846.0093466  
1074.004963  
40.14757795  
454.5331604  
172.9010482  
793.0855713  
362.9352485  
68.35705056  
1428.088234  
667.4577485  
1563.720419  
73.46449872  
97.7292498  
280.3025744  
415.5635693  
477.1550083  
727.4670184  
1793.251552  
149.7187127  
370.1588146  
842.5209614  
1007.071508  
1218.243883  
1820.550935  
608.1368369  
2016.947435  
877.1652058  
42.05895154  
495.1093035  
1227.864758  
512.7709075  
766.2994614  
34.50694654  
762.1585937  
1188.547132  
510.5019499  
168.7729533  
4191.880479  
1356.800558  
2525.245845  
400.9183034  
9.470096995  
230.1677611  
401.1338464  
477.1806853  
251.1258974  
23.29679829  
155.7764399  
2702.74487  
100.4112666  
1407.75119  
496.3386896  
1285.824175  
497.4291405  
390.4587314  
215.6552097  
367.4051381  
121.7686054  
1412.24455  
2306.20157  
3972.542306  
7.419001507  
1920.997096  
3.027521747  
1659.111154  
194.519528  
3289.821486  
1421.358608  
2574.042743  
1519.960993  
518.9733145  
1204.424074  
1960.460089  
2139.632248  
1455.937613  
2423.25274  
1018.923529  
117.0933392  
2048.860342  
558.9060027  
3641.846813  
5438.891813  
3474.548343  
7330.03848  
1760.72906  
3033.575515  
6800.74066  
5386.499862  
11579.69928  
18253.82792  
1579.428609  
9049.220929  
406.2480957  
1924.722358  
17975.71851  
5949.031776  
21947.75453  
5425.791283  
1672.962046  
1917.442158  
1814.73024  
1130.834437  
1193.138444  
60.46930386  
1605.241344  
411.0155002  
2370.967266  
179.2029415  
627.1441227  
3475.096301  
1775.061626  
1237.152981  
3439.754239  
152.0304183  
1073.909542  
620.1751369  
488.5777448  
2316.78686  
1037.312759  
326.4006745  
886.272062  
609.6185762  
2060.461965  
505.5264985  
1520.559213  
1472.874038  
0.9534345033  
99.72154864  
133.4051154  
5.465846193  
541.2855865  
1005.072973  
301.4638451  
446.7094749  
103.4937744  
172.2782768  
78.99162935  
833.9737872  
211.2201454  
1349.499969  
20.36433279  
56.76459508  
606.6731718  
118.228344  
139.4746279  
756.8594869  
716.2713124  
189.9824499  
53.48841018  
91.65556347  
122.9969298  
144.1277544  
351.4794949  
719.855972  
379.4304634  
112.3918922  
85.98434492  
358.8597233  
57.23168336  
96.9457613  
986.6935425  
295.3223784  
186.2378048  
91.57248089  
634.4961625  
354.3881325  
124.1803087  
236.8852916  
214.452481  
546.467612  
1233.475196  
158.6138643  
261.1257844  
235.142198  
40.83226752  
100.10296  
83.3373136  
288.6167102  
247.5012025  
189.2241903  
45.45053455  
27.00673416  
46.80980035  
304.5565111  
62.7620968  
344.8283741  
530.1479917  
80.58731434  
486.2495318  
124.2081973  
96.1172449  
413.25356  
167.8824925  
191.328641  
273.6176255  
142.3682208  
1118.303533  
679.6211654  
25.45896934  
79.04705963  
129.3397687  
540.346048  
557.8302577  
851.9964456  
383.9328419  
1188.354494  
411.302074  
1172.623699  
450.2125707  
456.269528  
148.9871699  
20.3780312  
74.4575463  
279.2275929  
320.7282889  
69.45827884  
140.0662639  
978.993785  
284.1915015  
34.72834601  
336.0590672  
1061.870765  
171.6207759  
315.1809747  
526.1657429  
18.17215376  
178.5619909  
9.065878987  
269.1750492  
371.6573652  
186.5280133  
105.1785813  
123.3063206  
58.14747061  
618.754653  
236.8309826  
160.7087489  
4.068962774  
124.3561237  
219.0226613  
19.36818882  
44.30772116  
5.49600523  
282.3900241  
225.3580799  
44.28054742  
533.9190275  
435.0041504  
22.96168528  
210.4225115  
102.0093804  
136.1112583  
442.5960669  
686.4881613  
55.48288419  
104.9294899  
118.4060643  
413.3171439  
141.0698267  
109.6625075  
97.47716663  
305.7023877  
7.989174833  
156.4448626  
22.41221737  
169.0581754  
787.3273865  
27.22817436  
123.0891048  
0.5426606926  
249.200102  
122.2536728  
98.38824655  
