706.4623558  
100.3654204  
34.01121379  
1346.324975  
1328.87941  
4373.560053  
2444.521882  
1627.107476  
1902.358041  
14591.07884  
765.5208598  
12078.02655  
1374.656297  
3937.027576  
8988.74869  
3078.103136  
1960.177128  
285.9198152  
876.4676386  
519.4893729  
7952.783677  
2333.455308  
126.3429703  
3530.525377  
598.2901392  
3101.007722  
8058.207514  
1365.425326  
815.2089934  
3090.077256  
3703.658232  
684.0583721  
1869.927441  
75.94082226  
4072.273268  
340.875948  
2929.419554  
118.1382524  
514.2509152  
2081.667064  
5495.914741  
928.9592292  
4167.214554  
457.6212572  
391.2290697  
2222.288807  
2741.814076  
137.8510892  
2698.25044  
1053.184641  
322.3115812  
426.9414862  
226.7073278  
270.3028279  
2815.980211  
1539.092938  
774.5601722  
157.815836  
1175.285275  
1384.749214  
2585.956731  
1359.459351  
6791.495016  
2020.491368  
527.2355246  
1947.536692  
1344.40891  
1141.594316  
266.0182596  
2979.351944  
232.034216  
2228.982537  
189.3869219  
716.0190335  
3373.948044  
8332.545428  
1614.271207  
3150.193748  
2120.565012  
4093.11852  
1299.823489  
2854.60181  
1915.10379  
685.9996344  
799.5489618  
6687.227734  
1458.232304  
7951.674226  
2183.013741  
8817.489852  
7780.480067  
5639.40031  
8485.685665  
14286.80189  
12657.59567  
15367.06941  
9580.945353  
35176.67232  
16976.2656  
9336.945756  
7217.087053  
18734.99294  
10836.08073  
37124.77235  
3907.758784  
45409.23252  
31804.13634  
15366.88961  
15999.53589  
51897.69906  
95923.05003  
97805.00054  
2689.925432  
52642.42284  
9509.151613  
35261.31946  
101440.5431  
41933.91502  
247766.7106  
44465.93043  
8661.572518  
5046.28629  
22583.70531  
43822.8433  
3079.052212  
13101.75044  
24107.79717  
13288.96675  
14999.21214  
2017.669156  
16192.60992  
21347.36416  
20378.55059  
1093.156564  
36427.41297  
2392.056247  
30458.85684  
5997.687392  
3050.171113  
19590.3391  
7535.724241  
3984.161495  
91.5826286  
412.9267099  
3860.433866  
8431.833965  
3584.918333  
11259.22731  
1564.096135  
4872.043174  
2119.047085  
6190.857609  
15451.97386  
4254.38565  
653.8066013  
1391.332574  
1240.539754  
7318.369436  
115.8047704  
768.9937377  
2231.686738  
259.5540811  
2166.180216  
1536.418246  
9441.145807  
494.4261273  
833.6219767  
3911.172275  
4450.72518  
4790.344888  
1231.981402  
3113.038498  
340.3028115  
2325.996097  
426.0765342  
1297.22391  
2266.948054  
120.3634156  
3146.071524  
1358.760875  
2015.672286  
8398.684596  
3282.919321  
134.1573622  
189.4194234  
1707.67664  
1968.646519  
1255.155498  
1916.021171  
1057.916997  
481.6825828  
959.2949471  
4926.128016  
1404.99988  
325.5889054  
1021.765872  
3108.648546  
182.9070624  
1099.635468  
7943.97993  
253.0719717  
243.7671757  
205.6289692  
384.2079326  
419.2273611  
688.0526073  
131.744522  
5126.494675  
472.9386189  
27.00681838  
6299.562304  
393.790545  
85.62435926  
328.2582676  
1302.178041  
1569.232277  
1313.110629  
1531.637588  
2191.352461  
55.77987766  
433.6486532  
299.256443  
300.7108427  
511.4512715  
419.7503234  
868.6953284  
1448.550664  
1372.329322  
1484.384102  
3022.90524  
375.2104815  
40.56007313  
5968.673506  
2255.951865  
7310.538064  
5141.546437  
3548.797164  
149.3324171  
43.53290968  
934.1013046  
2658.308272  
681.7562588  
4857.351243  
4871.734471  
658.5470389  
288.1703746  
1031.818228  
1024.418365  
5906.354325  
10808.05999  
8613.611466  
27990.10865  
436.0683646  
646.5059473  
248.0479078  
12382.96903  
4326.210864  
3886.163459  
9561.953961  
1835.268206  
3698.290257  
7822.061686  
543.2729082  
8895.294578  
1229.055293  
7524.242752  
5232.596944  
4473.358942  
3019.498936  
4880.317051  
2785.260212  
4720.137183  
5790.501227  
3078.906617  
4942.101109  
3964.143034  
1094.534509  
829.0303458  
6749.728599  
3917.610683  
187.3313465  
2948.470107  
588.9525587  
2647.783901  
848.3417483  
89.66264831  
133.841481  
2370.413091  
2528.232521  
37.546339  
899.5364308  
1766.161423  
420.4108128  
8809.78155  
2363.917902  
