17.53522263  
16.37996365  
44.42728313  
64.00255238  
124.9556912  
99.4680169  
432.0467372  
251.4224545  
113.9005687  
861.1237747  
1964.942832  
711.7546749  
8.591849119  
712.2646016  
586.7033419  
1366.742195  
341.0363862  
466.3940911  
865.9331828  
516.6721681  
811.7174078  
2346.829164  
1490.579592  
165.9002081  
1030.792476  
992.1249928  
1030.367008  
52.32817643  
86.44975487  
1854.173389  
965.8548096  
756.9423081  
2039.066726  
1407.885648  
998.2927903  
2294.348683  
195.2338453  
512.8301177  
107.090574  
308.5673148  
394.4883952  
48.00838063  
526.6542579  
541.7951047  
1276.540354  
1229.908078  
537.3800132  
95.18641078  
619.510879  
422.1443773  
926.8517506  
196.1724565  
1084.939633  
2269.622116  
225.6312685  
246.9487449  
2160.604741  
4024.985079  
1075.887025  
64.37156974  
993.6982876  
609.0381075  
111.8783572  
413.8344934  
136.035981  
575.9188407  
2300.399254  
200.253474  
53.78937909  
384.8058748  
650.6385674  
547.2508741  
23.8498873  
299.971493  
606.0373349  
1903.203755  
321.1299307  
2263.644105  
943.6302527  
55.11514671  
589.8296222  
282.586013  
130.1666352  
234.8144437  
314.4770527  
1902.285649  
58.56946753  
476.188826  
398.1105589  
1930.383599  
1146.612405  
420.7664792  
597.2648512  
699.7425861  
59.22815317  
1172.012174  
856.7194433  
1508.385225  
1302.403342  
2591.311815  
2911.409857  
656.0941138  
1955.344464  
2135.603598  
731.9345516  
3244.185308  
1143.523476  
516.8197955  
1347.282668  
903.826546  
2503.473629  
692.1933721  
2551.625932  
1000.887748  
225.9141606  
2151.05911  
2694.659948  
3575.922597  
9122.559107  
678.1766188  
1702.739375  
1713.735642  
988.0813629  
1422.267055  
371.0764627  
91.84815146  
1731.40282  
156.3317052  
606.8882403  
139.9168585  
1421.1146  
471.7054611  
2709.762764  
497.1582033  
79.08286309  
475.3934721  
253.5841824  
614.6702305  
916.9927416  
2534.04394  
466.4795067  
142.2277985  
104.7524445  
421.7283301  
859.5204709  
263.8491142  
90.62373232  
45.20398965  
55.625928  
8.328317847  
124.2306719  
294.6326956  
239.6129133  
648.0788995  
89.75663295  
183.7869988  
797.9449243  
488.5887034  
272.5095373  
665.473877  
371.8340213  
91.86039858  
216.7382607  
567.1310477  
68.33341657  
199.7053916  
550.7799365  
299.8514239  
60.47920801  
57.22809758  
33.57461084  
1030.324221  
349.4543554  
95.24184736  
55.86382126  
835.193654  
634.4409969  
57.43455808  
282.0471477  
76.13576467  
68.56618417  
67.9573161  
476.4771532  
162.544169  
599.6976428  
372.240004  
48.16285848  
696.2158407  
154.9491927  
10.12567588  
230.5025691  
109.1892853  
41.53054509  
150.024629  
481.2469231  
190.1048722  
22.79179528  
457.9514315  
798.6738251  
172.677365  
13.51634096  
39.88862811  
243.9742561  
323.7315898  
388.0262612  
269.9605839  
265.2313566  
486.4443777  
1295.216089  
300.1947736  
224.9426701  
331.4055666  
63.51203467  
42.9304028  
133.3621271  
271.7495767  
247.0043736  
13.16988856  
406.8298097  
39.24041742  
572.3737915  
200.5977696  
347.5660558  
469.9264518  
393.492352  
433.2193284  
690.4798543  
589.9642531  
30.64052931  
66.48155684  
221.4927576  
324.3959789  
1263.935669  
36.51912129  
645.3178733  
1188.651212  
123.8961388  
131.792799  
249.1036149  
239.4506809  
571.4018456  
105.5277281  
257.0762985  
232.0031081  
323.5725425  
283.3614883  
182.1556582  
133.7773509  
848.0981026  
745.1036086  
1259.006338  
2566.253986  
1056.783609  
48.08695691  
26.26377827  
214.2437961  
102.9148495  
297.2062313  
402.6762268  
436.4137434  
13.43296173  
774.135478  
76.36534472  
1443.145274  
454.7558247  
590.4461461  
10.30651892  
467.3440545  
257.2445084  
170.3985583  
325.9034269  
566.5682239  
313.5771971  
438.6519982  
283.1645012  
528.111626  
138.4999887  
115.2319601  
764.6286653  
447.0821401  
92.31010272  
65.06265451  
118.531347  
3.171219482  
210.074219  
151.4235688  
131.8970406  
19.51963126  
350.0902869  
129.9501026  
199.8519153  
119.8476756  
105.4055529  
1117.290243  
1975.09809  
