72.6753825  
0.4072433133  
33.85824744  
81.57735816  
368.8880512  
890.1577047  
543.6855438  
899.7518118  
318.3838956  
3012.553409  
929.5072026  
3241.628139  
592.7661139  
692.5386324  
1519.426039  
932.4172337  
1002.039513  
2528.796331  
164.141581  
1750.706905  
1185.685077  
79.93371186  
2571.702543  
247.4075843  
270.7813219  
1330.418513  
2627.205093  
1201.396052  
439.1931535  
538.4195133  
4967.757738  
1258.290891  
424.4761985  
1534.805205  
686.9369669  
251.5425579  
642.0323271  
869.6914948  
21.53792729  
18.90734126  
2408.49052  
720.4644164  
3238.90002  
130.8015232  
330.6381722  
287.4731145  
2278.470721  
377.9869086  
105.1102854  
35.82404884  
2704.023294  
2206.565612  
3055.894221  
1057.595607  
127.1347802  
1002.675618  
861.0995595  
853.4968408  
1440.582209  
1124.269951  
618.6172161  
1910.67293  
2270.542883  
12.32061069  
1182.630115  
34.48273137  
35.61196382  
1454.319797  
30.90484301  
1371.099518  
215.5410813  
279.8040798  
555.2201055  
1713.579872  
854.6111968  
1376.514107  
435.8307762  
804.0294903  
29.98837503  
1107.573611  
1165.172765  
2303.15546  
900.8888847  
1150.707264  
525.3538801  
2405.947343  
565.1117146  
210.7667883  
1068.170757  
380.433348  
708.9674727  
9.832193479  
1132.920692  
529.0106289  
2618.427695  
836.2978916  
750.6587826  
3622.203296  
551.8682945  
1675.857101  
4852.811905  
627.7515338  
1207.179678  
2081.959512  
3923.229915  
5444.093612  
4234.941549  
1413.52883  
1581.205502  
5373.27685  
13419.20603  
17329.70717  
2212.922073  
2222.862523  
1476.18752  
2618.121066  
5314.161632  
7.360640008  
25185.48039  
4053.88859  
1965.895245  
603.7316642  
1293.741726  
374.2398536  
129.0410407  
2428.698036  
1992.08921  
535.6858112  
1037.896341  
545.9613977  
2161.475222  
536.1540887  
486.9493024  
127.6424145  
2827.203335  
351.265057  
2575.893945  
816.9248109  
111.5932515  
3186.610313  
515.2115588  
351.890181  
656.8248633  
81.34647692  
613.019609  
141.3128501  
368.8268223  
80.82984848  
1543.75031  
389.0832405  
349.1202007  
570.1171004  
120.346323  
620.1877386  
289.7859674  
292.159468  
1313.498308  
179.0486124  
44.50211207  
146.4293966  
465.7016999  
433.9336388  
121.6118157  
665.2225043  
494.0530524  
441.4503524  
33.82169888  
39.81106212  
77.35633506  
71.29657686  
133.4045015  
25.90116612  
81.84098654  
305.7440132  
150.5399556  
193.624626  
39.10948158  
138.0073818  
188.1944296  
183.8042953  
36.15249283  
71.18999121  
52.71460655  
169.214736  
564.6171296  
100.2234599  
595.2234555  
340.3250594  
109.5140171  
47.50435263  
351.3908382  
224.6552244  
747.6381231  
19.97456757  
63.21695671  
78.65967117  
1032.756577  
70.73339312  
348.774275  
267.2143414  
256.515192  
254.9941905  
235.7359487  
161.1335239  
289.2055502  
188.6132035  
524.6584484  
191.4247559  
394.0318573  
292.9185355  
539.8832366  
387.9842118  
712.8056614  
30.24046712  
185.5507803  
1497.494995  
148.0973718  
152.4326369  
179.7603822  
309.7966043  
138.24106  
746.7060191  
691.2089751  
87.77396816  
95.22277148  
434.0541548  
59.36284991  
228.4427686  
17.85937186  
305.3201819  
82.36188833  
46.66330195  
133.2398166  
137.9241588  
504.7072403  
424.5995919  
154.2507339  
173.9962917  
38.72987275  
415.698078  
322.67566  
182.8387438  
523.6136235  
361.5275943  
34.18883395  
262.2322889  
475.1215564  
373.6777708  
253.5807132  
252.5801706  
978.404459  
916.0042704  
96.45164791  
9.964116085  
220.5565872  
959.2433761  
27.19228865  
808.8230638  
313.7589305  
22.5014735  
177.9065428  
454.7224259  
31.36069597  
108.5732324  
156.5746477  
1028.645411  
94.5458051  
632.1747347  
52.45159984  
133.7753563  
55.13848379  
516.6973241  
562.3209736  
128.0135465  
668.7102823  
70.63523969  
69.1163435  
178.2700781  
296.2584717  
69.28654333  
198.2464131  
59.8206528  
13.80909287  
97.19169882  
259.4330579  
34.82557196  
89.35259533  
47.07602939  
45.42065689  
176.3732241  
56.70780152  
254.5914958  
152.8666893  
176.5746354  
86.20514433  
