14.46473815  
49.4438223  
593.9105555  
170.2512538  
898.7471444  
98.98142023  
945.4939312  
131.009257  
338.9463146  
592.706388  
2443.676118  
606.1995105  
572.6440654  
1051.09952  
2430.459969  
1044.739772  
911.5731933  
28.36545798  
2862.512443  
3879.667818  
850.8168895  
426.6230691  
2484.22127  
661.9797483  
575.0217499  
1021.904005  
4844.272627  
604.3694244  
2092.477484  
1332.807143  
2342.428135  
3854.914783  
1697.255689  
673.8104328  
493.3563058  
1755.494845  
457.3028611  
1173.592742  
1458.729773  
3471.347788  
8076.017963  
761.05776  
699.1730771  
2407.637733  
380.9319311  
349.6022187  
800.5012056  
1013.274242  
2180.923602  
3416.295373  
2411.203462  
6.858976947  
1749.512375  
441.4070834  
1.16071685  
609.8485515  
2724.156748  
330.4065933  
1090.413816  
25.9659857  
995.6699336  
23.48838642  
297.3387684  
794.804082  
1540.988514  
291.3893257  
1451.323247  
144.4592267  
1055.602826  
208.3732319  
687.6425236  
235.9255948  
705.4558525  
241.3690758  
1430.371634  
715.324832  
795.1294699  
875.5230196  
1686.209356  
14.2197841  
261.3936233  
102.152611  
1616.398051  
830.8833431  
175.0350685  
60.23744759  
68.36258741  
487.2535041  
1201.403167  
49.16371314  
233.6021664  
1494.286434  
1197.216272  
442.9868155  
376.5504726  
195.3309504  
610.7282563  
318.8103314  
137.3289207  
165.3240823  
649.325854  
195.0871887  
312.3990334  
77.06656388  
355.0400659  
17.58558498  
1226.723063  
1029.158736  
14.88396127  
166.7486887  
1279.663295  
580.4378359  
1586.322756  
246.589803  
247.9851139  
1877.405733  
491.8369141  
72.04215285  
907.5464203  
356.7864362  
30.22633543  
277.9311827  
321.9818028  
150.9850842  
280.9399235  
38.91699772  
446.179992  
794.3899122  
1077.637355  
58.97879332  
4.03465417  
88.88472673  
920.3195815  
87.85224036  
1693.790952  
30.71181483  
196.0828582  
425.3419547  
923.4142604  
387.5815537  
483.3461968  
299.2803722  
695.602669  
313.6236284  
1135.684294  
147.6864278  
180.519411  
61.67378733  
982.9140457  
10.51012126  
28.26576406  
184.6339677  
560.7828157  
509.0269105  
283.1137921  
394.7098799  
36.40051243  
172.1547307  
87.97503875  
492.6275227  
77.1958205  
468.319003  
258.4568809  
246.0814047  
216.265317  
171.7782922  
363.7636902  
91.94741831  
607.1264025  
45.02631796  
114.6534141  
271.9687416  
639.109334  
516.5105282  
531.2510913  
123.5105684  
46.24683238  
20.5063002  
223.5182974  
148.2906263  
138.84166  
71.83458212  
200.8492493  
5.798395737  
3.729626593  
427.9783906  
145.2127455  
518.1582639  
112.1621232  
487.6451895  
274.9307569  
108.0832622  
211.131629  
60.50176315  
108.2939197  
9.286042812  
391.9806  
254.6198891  
14.00023581  
341.8358632  
352.4445576  
272.0551825  
19.74165397  
22.3523727  
125.1536128  
513.9014406  
844.5707355  
913.6623694  
815.3186455  
824.2238419  
17.27080451  
857.3014005  
406.0085393  
259.1344155  
1554.145641  
422.694026  
222.7206102  
436.9133058  
332.2797631  
205.8902378  
701.4137006  
1331.409137  
1309.469949  
687.1127046  
247.8653478  
629.8331439  
632.8212624  
363.8271725  
137.9144662  
66.7842228  
402.5604395  
845.4988849  
1834.422292  
1915.715233  
1004.860525  
338.8579329  
381.5557678  
20.27224417  
409.7071647  
1023.96105  
467.6267967  
242.3568621  
139.4417831  
178.160367  
712.4715739  
1452.570456  
285.0255923  
52.32565361  
847.1388052  
2034.237865  
948.0160191  
476.4294805  
176.123048  
1.607253294  
284.0176732  
640.8750134  
1096.583698  
142.1031945  
501.8730188  
546.1777008  
923.3296062  
522.4032297  
18.2083743  
556.7167302  
214.4460175  
158.2969697  
294.0245225  
223.0192347  
575.3093241  
300.755651  
278.6201138  
677.1255724  
661.0076593  
139.0871108  
480.4097485  
52.82964028  
203.8497113  
217.2777599  
743.825179  
492.1298987  
64.32415927  
41.76324975  
148.5028423  
1.128564332  
59.95970792  
79.45492696  
76.35763436  
74.38270767  
128.4902741  
64.7723769  
64.93245251  
275.4265271  
23.96623958  
191.3158681  
10.30838523  
