10.7360756  
11.73033245  
116.9002206  
74.40376695  
149.2331342  
434.2995592  
209.7296544  
167.773835  
187.6222137  
1489.815215  
523.5154076  
855.6101996  
554.2691236  
365.0614128  
14.76371597  
115.7788332  
1414.915602  
158.3180105  
273.1713819  
434.7188098  
140.5161125  
459.1925537  
1490.612475  
192.8715016  
821.3223801  
553.7090376  
500.5331661  
284.383984  
1208.160039  
1160.873856  
1004.280985  
1195.565645  
1014.741311  
688.127386  
1095.192186  
4071.999854  
652.8906768  
300.5254899  
750.6436765  
158.6139517  
279.6712501  
217.3416518  
28.22627652  
312.6440407  
184.0606606  
249.7583095  
46.45920027  
147.7218016  
1433.770073  
683.7465252  
287.1744909  
258.2934544  
522.188899  
370.8135155  
225.2089628  
48.74311755  
1802.487682  
345.7248352  
196.7491951  
358.9666774  
405.0103898  
13.58953587  
615.117595  
188.367037  
24.2665127  
232.9017213  
7.370233028  
1316.38792  
462.8745307  
1779.511192  
617.460565  
439.4473573  
616.1252231  
230.9229164  
1934.905229  
14.88721934  
30.56625487  
2840.337213  
70.86039893  
157.6120832  
291.8982922  
188.7459373  
116.9366594  
816.2721428  
98.65118985  
775.627102  
361.8962384  
857.5839771  
516.4035975  
978.5582297  
354.2327476  
791.2598471  
1730.444144  
1816.858392  
523.8367811  
347.3100238  
1136.536099  
1359.495082  
1058.292734  
293.8728118  
856.0256596  
1221.235704  
402.8814301  
507.2896358  
1378.326245  
496.148576  
2634.961739  
1811.887167  
1381.118794  
595.4424425  
7033.111548  
4315.781016  
471.928364  
4205.825497  
213.6010566  
2868.840313  
7499.098456  
534.3947909  
11181.37769  
413.5200118  
432.7832745  
139.0192381  
33.82765703  
1972.584353  
87.01000641  
244.5226689  
974.730798  
1180.182186  
573.4780363  
509.5959709  
1935.820475  
1122.391537  
23.83484406  
421.1997029  
774.9894674  
427.1111247  
1312.62332  
119.3407342  
251.776029  
590.8479214  
2930.850007  
232.8329353  
108.0312432  
561.958341  
147.3734798  
1238.423692  
793.0584247  
911.5213564  
968.0965757  
720.2509006  
69.22119791  
1.166833605  
433.4210006  
2.16945548  
187.5976777  
62.64384717  
694.8666767  
251.4938497  
14.61293814  
97.7468262  
73.05940652  
16.88372192  
117.5373583  
5.402990721  
700.7566072  
28.04048619  
137.8542314  
91.01750255  
302.5951534  
203.3418956  
249.1267708  
938.8089629  
242.0707328  
282.6817283  
130.3301088  
92.25066812  
3.969166808  
392.2960376  
18.31381133  
377.5613849  
209.1419179  
127.5778794  
247.3413036  
129.6058875  
126.0320371  
277.930006  
383.2676489  
20.41207188  
158.07494  
297.6192806  
34.71949125  
159.0947218  
91.97151623  
197.8612118  
83.63137383  
37.61487006  
84.63582099  
136.3651602  
20.59108724  
297.5793682  
36.2717429  
324.7573207  
63.15422911  
198.2282947  
121.8199454  
219.2568807  
42.44177805  
521.6339362  
471.7868733  
370.0184824  
123.7774205  
425.8157773  
13.2594473  
109.0793335  
21.70009299  
79.50164591  
403.8442876  
1.912630078  
295.1326033  
249.4370194  
121.4853138  
79.83178235  
78.97483893  
127.5262963  
37.65438122  
257.6975205  
408.9540699  
697.021359  
345.7151775  
133.8776586  
263.0483145  
691.7416651  
35.24273245  
661.8761926  
500.8657248  
1115.520962  
746.3956451  
152.003217  
75.37240057  
137.8723264  
86.57299637  
24.82601469  
21.03840081  
29.03483144  
130.409496  
355.8201206  
119.7509118  
19.20421899  
21.61634937  
198.1642593  
57.28855053  
613.0721607  
165.7438438  
107.9604835  
302.2308544  
223.4278743  
122.8588941  
59.80361097  
397.3447931  
59.20443431  
59.85513991  
92.54708114  
127.8841097  
26.48568219  
253.2432422  
441.3516659  
10.62490677  
8.187132293  
66.24142644  
177.403828  
40.53952058  
338.5465084  
106.7822921  
52.18835922  
179.4534166  
283.2281209  
342.6362359  
82.24345043  
652.4326854  
168.2795683  
20.69105302  
1.275436553  
123.1989218  
9.349175534  
55.27580131  
462.9351007  
131.4989844  
8.270011388  
36.9657169  
2.874936556  
198.8092103  
109.3734838  
96.72614228  
698.1717622  
154.2714932  
