32.63299009  
10.01412739  
70.9530689  
146.0413273  
138.4825988  
266.1640381  
672.3438408  
349.8294025  
702.6120097  
168.5125093  
816.3129648  
99.54528141  
323.2665325  
586.3348394  
1406.366174  
31.74791342  
926.6470049  
800.804807  
1007.163794  
383.1278586  
1074.366847  
840.1611625  
133.9511104  
202.5702012  
900.3172824  
978.9739038  
1320.387134  
834.3626451  
414.2304758  
2157.113001  
173.4983681  
72.08140203  
23.30738411  
642.7129922  
164.7375247  
820.5613057  
392.0159692  
372.5278352  
459.0249052  
263.7324572  
2271.746891  
627.2213125  
53.58103606  
1262.164752  
312.0518639  
2628.510577  
1814.638887  
373.0387695  
610.0765606  
625.9465455  
249.1204671  
1926.12693  
222.6107766  
215.0695644  
32.25809063  
806.9830619  
954.9545818  
351.4346568  
107.5277962  
39.72083474  
47.12271613  
958.7968636  
1154.699457  
39.48401082  
102.4323662  
94.99075651  
184.9472846  
646.9560143  
70.66847042  
864.4056324  
1166.810042  
477.7363113  
633.4608062  
243.7362418  
2164.443296  
71.21760874  
739.7162552  
502.0047687  
4397.954646  
184.0558427  
51.87544076  
592.1398086  
596.4185667  
32.77529041  
33.38112342  
297.2850368  
754.3371363  
1487.442913  
348.1266453  
1995.38834  
712.2263507  
902.2390823  
632.9735318  
229.8648467  
633.7530329  
1142.316439  
845.2970126  
1749.748443  
1243.223722  
1438.217433  
780.0887099  
184.3493213  
892.4513402  
2013.315291  
374.7351915  
1333.296154  
1504.727534  
1002.375394  
836.6778352  
2340.326295  
857.0315966  
2394.82555  
137.1947408  
2353.303603  
1169.197391  
181.3314768  
3262.419115  
1403.197821  
5250.219158  
190.9273689  
420.8015514  
4.991519259  
1509.117297  
1028.72011  
1613.034618  
13.10955674  
686.0105075  
596.1784718  
722.1337171  
612.8555508  
78.18376311  
360.0010285  
40.13272407  
1331.308479  
602.3553662  
46.16810114  
407.2187549  
735.673187  
1.180302274  
178.661595  
66.55787294  
822.4177184  
1416.870805  
191.1970565  
433.6995295  
322.6382911  
348.3296689  
1053.729148  
741.9698253  
35.62896103  
799.8638818  
404.7181048  
696.0263902  
33.96771116  
231.392122  
60.57326666  
415.736208  
281.721701  
612.2203369  
530.0385225  
98.96052167  
1579.504703  
363.2928041  
2.538445414  
236.0832141  
2.348730195  
104.5971474  
188.8644305  
628.8855638  
26.72990834  
212.9935142  
261.2286967  
72.37004345  
26.26235073  
131.873398  
183.0018176  
566.3632706  
726.4227867  
291.1664315  
218.8614767  
71.21322864  
29.02850784  
1150.19029  
85.74266268  
96.86725941  
57.66804676  
280.0999408  
1.094428586  
563.3625849  
28.30638096  
125.0345877  
169.9152011  
484.7521683  
33.35171347  
78.69213584  
465.1266889  
38.08460895  
25.52864462  
97.80742546  
222.7080347  
687.9859175  
26.77926052  
249.3653918  
545.9125289  
58.72420232  
481.9488281  
245.7175039  
303.4542445  
378.3300913  
69.59922777  
152.6572627  
253.310176  
586.6505742  
189.4999365  
28.64105374  
191.8614083  
84.51041974  
134.1152537  
380.7709751  
280.1678054  
75.63302632  
66.67632364  
17.96085643  
123.8207628  
137.9256488  
103.528223  
271.8129987  
1235.11094  
211.5828032  
340.9557792  
191.7837202  
108.7284558  
317.6609898  
183.5140435  
60.78556175  
40.3220238  
37.31158099  
233.6969076  
253.7439511  
72.94818441  
510.5610801  
32.15608492  
199.6063984  
344.4240053  
74.23144347  
49.58564457  
42.52475942  
114.3549394  
645.9438795  
84.83407554  
781.6017517  
259.1296177  
117.7971089  
7.136508347  
39.6522528  
156.1968519  
64.84480046  
49.76121149  
14.46696929  
19.43274788  
140.5980908  
250.6766084  
29.80026477  
460.1399644  
14.53639005  
104.9694508  
247.519158  
65.7380997  
4.103004185  
35.25272656  
49.03839664  
148.239214  
107.0396632  
11.79084202  
540.9159146  
181.8512949  
17.39207173  
63.68317956  
83.57723234  
89.82305884  
20.21037664  
89.44063414  
265.7828214  
52.23198723  
61.96129949  
18.83379752  
99.65725319  
105.0788888  
132.8320285  
174.0377494  
29.10734216  
93.62644574  
41.46124659  
145.0394409  
270.5842739  
