2.209006612  
9.672831512  
59.12041002  
33.14109063  
42.79604348  
43.63669091  
350.5902522  
52.48290651  
304.4244229  
78.13046451  
437.5533173  
167.9730805  
250.6237147  
275.5413934  
224.9388087  
1088.960375  
256.3639735  
1121.030504  
698.7333695  
69.37077198  
1511.965045  
236.1759561  
304.4456985  
868.2283971  
312.9199606  
39.24795036  
28.10217055  
224.1237914  
235.9450697  
491.5162214  
1426.980169  
1484.097992  
58.45316831  
1086.529008  
817.8685734  
1355.823381  
1526.452162  
1791.33804  
2091.021742  
43.32853883  
1247.808334  
536.4336856  
306.3703177  
233.6104782  
641.8378358  
302.934472  
1202.894784  
1629.043092  
180.6734681  
63.08306255  
111.5199877  
957.5904546  
852.5007602  
29.59635655  
528.3310354  
2016.066644  
234.4824236  
207.5404263  
4.141146807  
775.3629432  
154.3763251  
168.4918905  
30.06112973  
266.8922988  
103.5964714  
64.62130387  
78.4987971  
293.9749543  
59.56296594  
20.32105255  
284.1606488  
2.776369676  
923.892067  
923.4245005  
123.4419362  
164.6465317  
350.3900282  
193.729493  
290.2947875  
971.2310225  
47.60312488  
176.8237869  
66.69687256  
317.8311307  
761.4455518  
252.517073  
376.0239838  
230.8077562  
523.2561207  
357.1406201  
370.9424801  
441.8939753  
1538.556603  
508.5197806  
148.6522727  
387.5026695  
204.1813392  
802.8847149  
789.389922  
204.7695503  
2160.585239  
144.3509065  
1952.166001  
1507.134177  
1125.765713  
987.4947175  
629.7482202  
533.9656865  
434.3009741  
949.3585138  
1538.214717  
4300.481981  
3257.216679  
1271.401616  
2315.767268  
1983.139858  
273.494671  
2786.786739  
192.7098699  
1425.44712  
8337.764169  
1137.009495  
6.648419212  
381.3645029  
235.3061072  
1394.610841  
125.2720522  
674.9177705  
611.3216117  
57.89194724  
427.8328889  
289.3629687  
58.01086022  
749.2226029  
364.1476797  
228.90517  
151.4425951  
806.8749664  
68.61946187  
213.6465414  
179.1577121  
1663.878145  
130.0079785  
33.5604536  
758.75581  
280.1551304  
965.0084535  
34.21261576  
36.37286639  
259.5453461  
148.3336322  
154.0015013  
735.4258078  
0.7789845065  
23.53491938  
127.3487027  
206.884952  
47.81905205  
87.61472051  
416.4368719  
653.1658932  
213.0349779  
20.65029429  
202.7995817  
800.9741047  
161.7133351  
2566.677459  
132.2555249  
181.3753782  
197.2689281  
35.84885396  
1.671826085  
311.2739406  
271.7543018  
569.0180368  
387.9363992  
386.9811623  
123.5658909  
80.40074756  
40.19712569  
175.7597884  
574.6736646  
3.069890823  
344.251129  
283.5908517  
98.86430715  
232.8494862  
407.9683212  
232.7588257  
61.86825108  
182.2378224  
44.39046361  
167.9602173  
192.2266513  
437.5143712  
640.0127617  
807.4422008  
195.2620156  
14.03753298  
288.149723  
19.84607717  
43.63031999  
258.1570751  
12.44114071  
1204.164917  
123.16433  
484.3880526  
175.2828634  
237.3062684  
569.4570257  
321.4795556  
76.85555755  
73.63446963  
573.4817654  
562.4198772  
234.8741168  
17.20533046  
767.1245847  
60.2472299  
288.8305218  
661.2210659  
356.5383612  
81.84774002  
117.0888598  
287.6625957  
636.4445745  
52.34702186  
355.4375304  
837.2148331  
209.6855902  
87.39653719  
34.9434841  
289.7110245  
243.4496622  
292.0214362  
365.8906917  
532.3188414  
208.8162257  
200.1201451  
143.7067334  
120.8478782  
59.38176017  
201.9674092  
45.59084582  
43.9231655  
0.4761359536  
47.17288932  
59.57641112  
616.458253  
48.89084545  
95.82675672  
361.0487498  
84.33767798  
49.13289797  
1.3947932  
23.46986358  
12.36339678  
33.60727945  
653.3715174  
27.98975822  
157.2387914  
20.6748262  
100.5610529  
370.7699966  
174.7210633  
36.44194509  
80.55724346  
16.7259913  
14.59381987  
110.6016355  
65.06606456  
97.28884463  
191.3722032  
72.79901953  
58.41417724  
8.645094054  
15.38441118  
53.58968144  
23.79207507  
18.58541382  
129.8032451  
195.1421829  
24.37123019  
81.03615135  
212.9201619  
221.5467409  
172.5938251  
215.470884  
38.67256838  
206.2130163  
2.94669406  
123.9116723  
45.17738684  
132.6720989  
531.2802498  
