10.79873077  
8.480549507  
112.3618517  
164.6464225  
294.5950545  
614.7205305  
0.7985178533  
129.5446043  
73.13564012  
151.6733616  
204.5215621  
65.85736473  
262.651518  
3.012702202  
4.080154119  
721.4839471  
487.4728407  
1044.588645  
78.08665908  
243.7623863  
304.0414579  
1618.270915  
501.5643983  
472.315223  
51.96495283  
486.5133913  
36.78653582  
390.7475941  
1715.527958  
635.0859267  
98.83322715  
73.75533982  
565.96477  
1988.179813  
456.8637762  
5.443364777  
2929.928086  
788.0744522  
188.0650997  
363.3946648  
1493.462379  
148.7265055  
638.7380686  
51.24582824  
530.7463766  
238.2967483  
550.755738  
1194.932454  
251.5200272  
739.2683862  
37.3851289  
5.371806866  
109.8760624  
683.6976503  
41.51659668  
102.4057166  
35.12599654  
338.8582113  
221.2484938  
1179.908375  
379.804152  
266.67145  
111.6852343  
170.4745667  
217.2640861  
61.29072363  
700.5531568  
466.3259629  
6.037657294  
1251.446389  
221.6930064  
482.5969679  
1295.103751  
62.53466161  
418.448922  
476.6603548  
40.03310767  
293.4958875  
89.78548151  
69.55309954  
521.2946615  
400.9904954  
28.57215837  
874.2448557  
306.81747  
1245.920633  
910.7492457  
249.2773244  
2635.229525  
570.6069857  
726.4898682  
1526.693021  
1179.342374  
1804.657538  
28.02925627  
480.6541949  
465.9422511  
953.9590501  
987.9060339  
954.5758997  
1691.675877  
581.7600351  
1602.582868  
2260.098756  
250.9328436  
5060.340453  
1194.905248  
5687.333248  
3814.528243  
5253.513798  
8600.029499  
11643.73048  
1854.165597  
2959.071157  
922.3421509  
2091.474851  
4388.870767  
3274.152756  
11684.55622  
6177.414933  
1185.471024  
58.16045751  
3158.581416  
539.8863113  
130.8584435  
1380.333939  
649.0364149  
36.19310141  
4748.371768  
25.72923529  
406.3360397  
963.2210216  
1182.132699  
204.5269457  
2407.50451  
881.1846126  
348.3148881  
164.7801336  
362.3134144  
1042.922063  
309.3843564  
710.7175624  
365.5256488  
644.3562139  
172.6246917  
728.3900722  
327.8166337  
77.44580281  
22.52105216  
136.4914262  
1447.844601  
285.9603944  
81.30462975  
461.733538  
836.6366484  
12.08819581  
473.1063925  
1089.720416  
817.2084092  
103.0913218  
957.3749613  
95.37097588  
17.25660022  
376.6255575  
254.3497888  
353.7133285  
828.7311006  
122.4165307  
16.52704026  
708.9563323  
377.106905  
256.4687241  
307.3036157  
361.3460668  
378.1484404  
63.24924365  
376.5412966  
310.1816349  
133.6655338  
83.48431225  
295.0505199  
88.14087163  
570.8225076  
53.07099312  
380.4812117  
107.5759518  
90.29310714  
801.3458519  
67.01116498  
928.6753408  
71.01686187  
35.29308246  
85.31447681  
74.71842611  
97.71697834  
10.0804959  
838.3831478  
347.3665494  
226.8669789  
273.4735608  
1.42811456  
164.0301348  
330.6550126  
438.5513671  
92.21782878  
372.7235134  
157.7085847  
125.3338131  
148.8846042  
19.05675689  
66.15918103  
80.53122383  
288.524817  
2.384891263  
176.0333491  
233.3012698  
210.8171718  
367.0590232  
672.7157349  
190.6739161  
409.5828915  
108.9785564  
7.002615611  
263.8996674  
339.3014933  
69.26730477  
404.823368  
266.3304399  
14.62097436  
534.7820836  
142.246684  
533.6082923  
21.10605805  
324.8503814  
350.7894818  
389.9766996  
146.8370622  
36.83501888  
425.4903699  
16.5356142  
320.2937641  
17.73055657  
550.1259021  
33.55897144  
34.27263041  
133.7470011  
72.84839355  
60.04996805  
207.4628329  
111.9116206  
102.7202509  
414.2450049  
242.3560598  
519.1814889  
33.95674436  
203.4113721  
309.1911872  
203.3260731  
35.34591023  
11.04079456  
240.4866807  
144.0131557  
95.6466762  
46.72915267  
114.2796751  
42.37293709  
252.8652691  
198.2591491  
143.5055081  
34.64442453  
66.1102129  
248.4050258  
421.2560195  
149.1587293  
301.9437921  
110.1928197  
78.66875172  
60.94153928  
76.8600649  
151.6679169  
30.1977341  
670.2552127  
225.0999665  
154.5463919  
21.18261454  
15.49343701  
113.2578585  
119.5621953  
108.9002362  
176.6600484  
312.1070933  
39.52824041  
58.07296543  
15.13865222  
8.853274369  
