0.1836186971  
37.99331457  
2.786415653  
116.8235971  
34.85828204  
197.6008273  
301.1732525  
178.899907  
805.6654691  
119.7588579  
343.5419568  
571.2323982  
533.5397031  
127.2617822  
476.8168249  
196.3355983  
383.7561772  
226.1203175  
1626.600707  
292.9419914  
630.5840226  
307.5146259  
986.4894736  
64.98424026  
1329.690444  
370.4415881  
961.0817345  
167.8923181  
970.1178837  
636.9593466  
1091.694936  
337.7430078  
40.89294164  
1217.06996  
1144.452289  
38.59695061  
93.85147665  
811.0200179  
116.2035752  
1150.991431  
348.5408563  
84.70862428  
959.9799507  
556.5982194  
326.1667039  
224.9853798  
753.4266953  
117.0961612  
91.99671166  
180.7729748  
535.8931536  
225.4562661  
250.4093457  
110.9711035  
363.4867628  
194.0945544  
74.84823084  
934.5739182  
795.7858945  
491.003826  
74.37643874  
324.9296116  
452.4023701  
164.7678583  
635.8701817  
769.4636412  
300.1913127  
255.9390733  
13.6078577  
78.59885597  
28.68062425  
424.1932372  
10.31489406  
115.0770599  
133.9729518  
467.4090141  
935.4127666  
454.6915772  
403.2342416  
992.6500249  
577.0545605  
291.9349783  
846.7632677  
102.4728165  
771.4629448  
1423.061132  
58.8331499  
81.97649035  
973.2170623  
217.8951342  
2000.610331  
1903.221065  
277.5777368  
3781.950936  
661.2251984  
697.2001118  
727.8974187  
857.3056497  
1078.1977  
427.9514053  
1684.861928  
12.63130713  
2136.204152  
6889.063092  
2459.632975  
4521.104442  
497.3764519  
1215.832922  
5505.129144  
7276.843272  
10550.54624  
2717.271527  
5139.154145  
5583.643948  
3289.239896  
307.2107173  
5910.945839  
8777.750448  
27902.73061  
4597.888122  
2916.935339  
5465.27407  
2870.540625  
2236.709784  
404.3389735  
1905.636347  
3617.432326  
4897.359579  
1475.144948  
1656.766512  
5464.827776  
2231.944797  
2284.516593  
1678.84213  
3986.050642  
880.6952719  
971.2352284  
227.1970381  
374.1854119  
2611.121717  
1531.94316  
979.402861  
232.4871793  
490.9219294  
893.0329847  
67.33351027  
185.4190217  
801.797374  
543.8914995  
49.17731265  
67.45544752  
134.9118034  
547.0079006  
165.2048719  
180.0545701  
322.5625501  
734.6346467  
961.2335126  
1006.658919  
201.585442  
999.8250715  
214.3065202  
136.5648083  
1079.594798  
70.19657502  
806.2482056  
84.21330797  
544.6998861  
1512.595688  
421.0174811  
288.1818784  
759.1455264  
369.0577565  
21.31439174  
293.7413678  
321.1360592  
625.4851033  
9.700688375  
448.8827069  
565.336447  
61.11450235  
445.4520893  
92.13316987  
297.2598839  
23.02074757  
202.8991277  
470.478908  
205.6119009  
25.61867624  
408.624913  
329.8032549  
58.74316342  
541.6703279  
1225.560631  
7.088442294  
122.0893614  
2105.930322  
508.9715046  
57.10510775  
414.8152116  
105.9859735  
40.5589706  
155.4856898  
510.865819  
191.05958  
514.5965793  
1047.135754  
57.83855722  
376.7974988  
148.2945839  
0.6214271211  
615.4447272  
94.38431335  
477.1578436  
111.5630384  
264.512869  
65.35132119  
940.8504593  
703.118156  
244.9426396  
59.78206953  
1292.657471  
180.19126  
6.438015388  
509.4599119  
218.5670856  
229.3379629  
64.51471079  
174.6852579  
9.573463985  
213.809108  
31.93112536  
1148.664221  
1541.714501  
330.4218187  
32.81921647  
435.4713885  
301.3853958  
404.167422  
201.1957204  
783.0300608  
1472.996896  
640.7548992  
233.2932352  
56.91623192  
47.34915066  
316.3338417  
607.908055  
809.2849277  
467.5051174  
845.7779713  
2530.04336  
118.4281751  
0.3068844082  
42.77570118  
2043.239105  
118.7733876  
235.4719536  
576.3422034  
556.419064  
433.4570333  
778.4440008  
78.35190419  
906.6211562  
111.4020823  
421.9605882  
52.64261234  
405.8801642  
277.711045  
184.139102  
97.70875116  
187.8865012  
577.1888238  
58.18955289  
956.9449135  
203.6671158  
152.9121668  
103.5020849  
141.3935159  
558.8760369  
153.9835476  
480.3863364  
58.67732648  
9.28083596  
446.6605384  
42.97343483  
345.2292813  
141.0580534  
97.17002931  
166.2995183  
109.1785296  
107.3531017  
95.89942584  
27.77131502  
21.61914586  
