27.29171081  
20.06220743  
5.772618633  
35.34829981  
44.18084781  
638.7260163  
377.7240545  
325.7231988  
183.2132358  
47.03164737  
599.3696896  
504.8353111  
373.0015322  
471.267932  
249.289311  
207.0235464  
407.6940461  
962.5269541  
1069.080484  
49.34577116  
1103.479231  
73.04033504  
250.4299819  
820.5754131  
901.0591192  
1020.116705  
277.2851682  
68.17783557  
83.93895632  
80.83257864  
780.7796895  
1392.923035  
654.7559768  
1582.695278  
1487.207467  
964.2371939  
56.14552547  
287.419004  
70.71560225  
120.1152681  
644.7934548  
38.2397497  
4245.524489  
1407.474695  
1221.927314  
2088.170097  
1170.013219  
36.66957405  
747.2325508  
583.0350773  
444.8408232  
2291.813263  
315.1956071  
1030.058943  
269.3015954  
27.4825118  
1034.259198  
354.2933111  
860.5473407  
3262.613786  
770.438665  
1874.83061  
332.4693037  
45.02840533  
200.8286328  
684.6493217  
248.9438614  
0.754378109  
779.195809  
1214.817321  
1590.265374  
222.5478156  
1116.10414  
576.4374214  
275.8530516  
1793.021388  
273.9930277  
1192.238926  
56.43160283  
509.1467645  
792.222872  
1653.124407  
883.7526135  
1071.928466  
1626.190068  
24.4074806  
2542.971093  
120.5435913  
649.3107105  
1785.673257  
1777.576617  
568.7872127  
381.1951618  
573.6095068  
372.7115896  
54.636134  
2567.112947  
1300.146829  
793.9321541  
192.9330847  
190.0580611  
1306.267148  
1649.169434  
1826.368633  
1707.394272  
1091.363075  
112.024797  
560.0915068  
1014.179938  
5074.05349  
8454.087426  
12728.76222  
2353.895232  
6050.829394  
980.1244348  
202.2287611  
6846.744494  
3595.030626  
14890.13029  
1506.239975  
1359.732849  
418.9779404  
493.7780999  
1185.405952  
1177.781276  
837.2487962  
1282.958376  
361.0030406  
2703.289532  
1360.344956  
206.9538471  
1554.748075  
340.4722741  
572.4069442  
1652.653247  
327.7399037  
1395.656402  
171.4254022  
446.4609727  
1633.042586  
173.4519118  
472.4430168  
719.0716613  
1236.492964  
2052.902125  
33.66026267  
392.2268692  
1120.869798  
1359.798036  
329.1679943  
184.0855414  
368.4651028  
133.9258432  
420.3489873  
1037.829905  
575.1971696  
108.5721697  
247.7637656  
246.3016539  
366.3947144  
695.7361388  
968.5440216  
21.22358599  
384.0320661  
364.3428719  
77.55979822  
0.9427554021  
240.2376294  
795.4281812  
358.1010636  
606.548716  
25.77713257  
49.16763872  
161.5431955  
197.4114281  
403.2307998  
566.345519  
138.656271  
285.0757977  
59.35308031  
36.16308401  
637.6683225  
926.4877637  
1012.425768  
33.39895007  
186.7585451  
212.6273944  
239.7542937  
85.85662967  
298.3164451  
306.8403186  
135.4349531  
656.3262059  
645.6700301  
44.37382413  
127.9032072  
117.5097228  
164.491737  
58.1659761  
79.74537203  
478.2554931  
640.0476992  
604.8952397  
230.1522776  
141.6780693  
63.0144097  
10.12363649  
57.46088314  
1089.052713  
114.1822854  
112.5615249  
49.41318612  
361.3267529  
289.1096834  
305.1196858  
103.5697197  
29.98724629  
472.6394903  
441.7328698  
383.3873665  
187.4427266  
88.99875762  
75.74809256  
11.29791088  
288.5105241  
68.94500127  
29.24295229  
1009.200314  
40.76358407  
218.3745978  
186.5555404  
206.6424205  
18.13975273  
319.1801566  
47.47344666  
398.1929687  
144.0035761  
6.740785949  
8.159598935  
36.6636682  
320.3910348  
162.6224493  
264.3026479  
8.319180738  
192.2544678  
36.43517076  
77.26976524  
97.2201623  
170.2876068  
20.89855139  
91.17188856  
198.6233119  
100.588545  
128.9339886  
39.30487273  
101.1472529  
256.0756102  
80.11531812  
145.8484852  
42.2490264  
33.18440287  
148.3452584  
31.84297509  
19.55684048  
357.548644  
127.9367359  
67.46935488  
109.717825  
92.386444  
125.3296667  
126.9761428  
241.1329572  
122.28636  
148.1536329  
342.3804299  
5.026276717  
40.38467809  
9.773854337  
387.0787744  
68.87941307  
11.64736466  
61.44639327  
104.2971064  
59.84608531  
217.5702878  
194.7048782  
56.89364319  
198.935035  
75.07166923  
187.1971061  
16.13291241  
34.66805526  
108.5644384  
113.2780233  
128.0456038  
