183.9564763  
8.987071488  
14.77210212  
9.399027402  
392.8169474  
566.6123326  
111.2131762  
160.5439615  
49.9944295  
2184.868397  
207.7854445  
1977.948947  
167.5591523  
1493.088492  
202.679999  
1811.82946  
1218.453357  
215.1886354  
246.7390569  
59.08143947  
1432.976011  
27.76415998  
399.3617098  
2338.907512  
665.1940356  
1689.642521  
753.1875591  
910.9310332  
364.448605  
915.3652432  
837.9081235  
644.9336117  
873.2327678  
574.2675412  
353.795268  
211.2623437  
212.2393413  
942.9209012  
2069.81604  
783.2912505  
34.72936224  
6.946642318  
2266.801335  
715.528314  
207.3580666  
894.2800047  
264.4661859  
1759.433732  
19.49540963  
360.7140446  
843.3042469  
563.4481965  
52.29706424  
56.06805962  
627.4101644  
485.02673  
50.17159692  
137.9026752  
50.257761  
18.91968846  
708.1488152  
484.2143778  
520.6873624  
47.73253056  
360.0556806  
540.9694654  
1035.825237  
327.2590435  
571.315118  
132.8570613  
159.4769602  
32.30947226  
645.4841092  
27.49368856  
933.1886854  
3170.690598  
34.10385486  
136.4334282  
1136.081049  
538.1755337  
1273.877044  
567.8520658  
1579.186524  
193.1301801  
1758.797469  
648.5457147  
126.4919097  
1524.712534  
1674.827508  
1244.420325  
4004.418534  
583.8569651  
1936.130449  
1429.243925  
1221.345161  
3990.777201  
780.7559027  
3451.414976  
5523.22391  
1419.590548  
405.5278651  
1715.565082  
1869.325854  
2157.696144  
1513.495849  
7515.019196  
6878.299624  
2778.878579  
4507.897872  
8281.757454  
30518.44402  
31463.80537  
12749.26026  
12289.84443  
1134.241108  
10685.51234  
12151.86551  
6775.171115  
52668.32339  
340.5861805  
2434.496016  
266.0289429  
2219.417655  
2661.04334  
2496.980351  
1364.709447  
7566.05484  
2966.189203  
5529.833191  
3857.337883  
1050.6102  
7892.705731  
5748.968697  
65.13264373  
4533.003177  
276.6997535  
6174.769231  
591.7269547  
1471.85414  
6403.048325  
502.9932203  
1407.649533  
2409.420982  
613.147416  
1748.957092  
441.2811357  
866.6550461  
1032.282652  
61.92869282  
14.5186308  
201.8379782  
1110.64194  
1601.301277  
492.4083373  
21.1494288  
1840.095435  
1563.531383  
1460.808072  
58.87227055  
54.55996269  
1242.187496  
216.0645925  
349.2742903  
537.3163669  
506.8837456  
108.5151288  
84.64523967  
125.6638488  
2136.908559  
1485.03863  
524.8083067  
218.4077201  
290.3367209  
682.6267021  
1495.11784  
537.2063123  
657.9239408  
2435.382424  
1547.866574  
1114.703406  
675.447337  
2075.641635  
635.1302415  
439.3825891  
170.9765166  
516.5987771  
529.1881378  
689.6146854  
1394.503979  
1341.246632  
19.39626555  
382.6995165  
633.3282823  
410.8345421  
131.7347236  
681.8718294  
814.9983595  
645.938425  
652.0763181  
1178.187389  
716.2053904  
102.6737335  
230.6132101  
124.4794093  
15.25486837  
194.9328425  
752.5476088  
353.157943  
466.906655  
340.7522427  
572.1438845  
398.2773522  
219.7326677  
388.8871289  
64.08581064  
645.6592843  
201.38467  
248.2916775  
64.30450344  
1059.140962  
145.6050381  
409.7028119  
503.4665154  
563.5612998  
183.5205198  
251.1092887  
33.03363099  
136.2772728  
6.921660556  
162.4838545  
318.8316458  
1467.19928  
150.5633324  
9.446076051  
370.4175003  
562.4338134  
42.86570762  
195.8914821  
275.7215634  
410.5430621  
335.9297995  
715.106595  
91.55071137  
218.3964639  
478.99784  
128.2621023  
48.02734509  
1.716711989  
523.0225087  
143.292604  
199.7227942  
316.8528789  
297.8769616  
376.0445118  
960.2070699  
413.1357664  
440.7660327  
108.0099727  
79.06968839  
7.733030868  
180.4043644  
85.3161056  
95.60976838  
14.2628094  
111.3232931  
88.46963753  
155.7622044  
184.6896035  
684.2788182  
160.3812086  
221.7349819  
742.1319128  
446.8925258  
55.91105462  
19.80087382  
10.3877278  
163.0484668  
332.8664183  
386.0870088  
365.7228171  
147.5335976  
90.89009627  
71.99550895  
212.2874739  
84.39531438  
83.98047999  
313.9891945  
319.6842092  
401.8777961  
22.0767186  
92.07628229  
253.5304014  
16.70181286  
394.3540202  
50.61583762  
