0.862114634  
5.133013777  
5.315879801  
-4.757111613  
-8.47357508  
-1.035716893  
6.003482086  
6.184074992  
-3.436836955  
-7.535841226  
-2.560153441  
5.342499714  
7.497173956  
-3.099385152  
-3.264435798  
5.424035354  
4.051636339  
-5.236594916  
-7.735552289  
1.576080698  
5.900040508  
4.595548823  
-4.6530098  
-8.890032934  
-3.509387412  
3.415292797  
7.696424765  
1.667306157  
-6.954465962  
-6.174889887  
3.272911028  
7.899777202  
2.939128559  
-4.489304472  
-5.9311413  
-5.179677858  
4.056723626  
8.511323112  
-0.3946763849  
-8.067551314  
-6.192603228  
2.227343114  
6.68269428  
6.789638329  
-2.011901932  
-8.308082607  
-3.963795866  
4.692068453  
7.481903034  
5.057175864  
-3.121484966  
-6.920138999  
-2.751310704  
5.597922881  
7.880550236  
-0.6987576661  
-8.055564816  
-6.239925243  
4.247475394  
7.981807183  
4.583956745  
-4.234045767  
-7.72968716  
-5.653607302  
3.721244193  
7.404389403  
0.0933527103  
-8.465929954  
-6.333119059  
4.53048833  
7.797646943  
1.497305444  
-8.094320213  
-7.774960423  
3.558032398  
8.532119028  
-1.916181056  
-8.779202169  
-2.948562748  
6.070861734  
8.34808441  
1.598356388  
-6.647725799  
-5.910013939  
3.572532502  
8.396786042  
0.2938400617  
-9.332057532  
-2.490781154  
6.937221185  
6.92736737  
-2.118941056  
-8.82842366  
-3.288221387  
5.811481949  
7.05227265  
-3.287334231  
-8.640674188  
2.5563737  
8.676890669  
4.373215721  
-6.154929454  
-5.509656077  
4.640464837  
8.509561249  
5.028502487  
-4.23112552  
-9.589450883  
-5.640310325  
4.224730466  
7.555184409  
2.751429361  
-5.382843982  
-8.158767753  
-1.548560663  
7.369584516  
7.554191517  
-2.561672713  
-9.187420457  
3.217622858  
5.325140595  
-6.107044538  
-7.868707715  
2.064016893  
6.754769595  
0.1347197526  
-10.18021895  
-7.918098889  
4.147241776  
7.398966984  
-0.03472327532  
-4.405966648  
-1.482941979  
9.030663206  
12.35847337  
1.390006279  
-7.037232689  
-4.984787233  
5.127621226  
9.810439531  
2.073183991  
-9.156971817  
-6.036051942  
2.089777733  
6.941724933  
2.169107386  
-6.678582086  
-7.886259645  
0.05201178642  
7.276361637  
8.142938326  
-0.8238680672  
-9.427382216  
-4.870364588  
3.538377049  
7.426751172  
3.37440395  
-8.295922587  
-4.750485639  
5.226297514  
7.516900622  
4.807326483  
-4.719409932  
-8.490031888  
1.659189289  
10.10683695  
0.7687267816  
-8.928429705  
-1.301641015  
7.471675908  
6.387923414  
-5.887836861  
-7.943913319  
4.336348262  
3.952786575  
-7.678890901  
-1.907000118  
7.9340516  
6.215720788  
-2.828736614  
-9.308598092  
-9.099587335  
4.392818112  
9.280622377  
-1.546199598  
-9.904881263  
-6.227580042  
5.162918812  
8.492760129  
-3.280829936  
-10.16595515  
4.275444311  
9.231471542  
-3.619511593  
-6.695313734  
6.60622223  
2.979369912  
-8.504932339  
-6.954005844  
0.327920487  
8.08528518  
6.15851969  
-6.123531925  
-8.077753485  
5.016772481  
10.65615481  
0.6635548267  
-7.536500481  
2.141211792  
9.460274763  
-1.123617391  
-9.775066416  
-2.678803082  
6.025211466  
7.580079792  
4.806124186  
-6.240068511  
-9.752157175  
0.8532563216  
8.900855514  
6.903290406  
-4.685993051  
-10.39491714  
-2.191093828  
6.897522857  
8.399495416  
-1.217937549  
-9.022381804  
-0.432388655  
9.181320658  
-0.3176297083  
-8.866195246  
-3.675435254  
6.940606529  
9.913680398  
1.131784811  
-6.035891894  
-8.472882799  
3.398692187  
9.98156991  
-5.564208382  
-9.701502757  
0.6406244414  
8.066020745  
2.690297659  
-8.079115896  
-8.37859116  
-0.05898933089  
7.816588951  
8.085195965  
-3.440039551  
-7.867774387  
0.9255732018  
8.751409706  
4.360080935  
-8.293186775  
-4.602187546  
7.251304051  
5.845861926  
-3.015477342  
-10.52481015  
-4.605919719  
6.357784319  
7.549588271  
-2.337630346  
-9.737564661  
-6.505539196  
1.249407478  
7.736181105  
6.197053479  
-2.493200755  
-9.673237491  
-4.618229176  
5.24600391  
6.357818195  
-4.338215478  
-11.96860451  
-4.523173138  
5.719773029  
4.545907926  
-4.611766486  
-5.869497474  
-2.167501933  
4.620113493  
11.36663093  
10.0328225  
-1.247774118  
-7.681794725  
-0.3649876535  
9.532697844  
2.319546738  
-10.8778654  
-6.073267421  
4.581852251  
4.992657186  
3.462017983  
-6.067021008  
-7.964868568  
-0.4424425809  
7.57784401  
7.366126129  
-2.985141015  
-8.85064148  
-3.602890639  
5.754045149  
8.41793464  
1.514002848  
-7.453839889  
-1.733503209  
6.386179175  
8.469650715  
-0.4645154735  
-8.029965873  
-7.649863669  
-3.170337437  
6.024687188  
9.059796895  
-1.425885086  
-8.685032328  
-3.170223472  
6.741965301  
8.631418923  
-3.129160157  
-9.756480751  
-2.41734523  
5.614356048  
7.264649063  
2.547866517  
-6.505495355  
-5.997166798  
2.88095905  
6.794647738  
6.862252427  
-6.241679193  
-4.99307323  
6.195846841  
-0.2313504276  
-8.049043033  
3.878651841  
5.708307387  
-4.894347781  
-8.966800535  
-3.280894387  
5.886670294  
7.856672974  
5.587179069  
-3.059387206  
-8.135859181  
9.829808381  
-1.309915053  
-2.20428688  
6.785754111  
4.631999096  
-4.250714132  
-10.72941541  
-7.654310068  
2.491656386  
6.137263825  
4.243793184  
-5.397115739  
-8.825034141  
-4.462614315  
4.565904839  
8.075369545  
6.031266721  
-3.828110738  
-7.601750624  
-2.630559659  
6.109612909  
7.742890254  
-3.83804377  
-9.847289487  
-1.796629518  
6.356469989  
7.008504018  
-4.499495804  
-7.22024473  
5.423396543  
7.13917188  
-4.396367061  
-9.24660786  
-6.116246829  
4.258388816  
7.864968376  
0.8605498246  
-8.142799544  
-2.817676667  
5.688575796  
7.389361841  
6.365883991  
-1.387532995  
-8.108385634  
-3.604226011  
4.533214675  
7.562835467  
5.682155023  
-3.272018969  
-9.217683103  
-5.909195385  
2.6438148  
6.134715664  
1.581322603  
-7.65819615  
-4.878066821  
2.241574686  
5.712063088  
3.364976832  
-6.455241856  
-10.08344468  
-3.387091333  
4.798062908  
5.73411567  
2.992748992  
-5.476432363  
-7.914066204  
-1.003429214  
6.5419547  
4.136086313  
-4.223635434  
-2.993616033  
4.661710439  
10.5887111  
8.832516149  
-1.881289299  
-6.398333672  
-3.521268763  
6.052178222  
7.337556132  
-3.26896469  
-8.939213957  
-3.116932157  
2.673906426  
5.172404061  
5.2505541  
-5.389491961  
-7.499313162  
3.916788945  
6.687950954  
4.942638932  
-2.02166322  
-9.296846823  
-1.649768393  
5.256063282  
4.706166642  
-0.4186328863  
-8.124569821  
-8.11250899  
0.04465824711  
5.750651316  
4.454292547  
-6.676345804  
-4.203387275  
5.050887693  
5.551412601  
2.394356942  
-6.84254833  
-7.085279015  
3.728319998  
7.498159693  
-4.186408373  
-9.324639489  
-1.675267578  
6.010391015  
6.044394792  
3.346211959  
-6.678223759  
-3.393685245  
4.361490772  
3.192159361  
-4.474454445  
-1.116621627  
4.726381383  
3.987174269  
-6.333873526  
-5.790036852  
2.693008629  
7.485323795  
7.034231203  
-4.91534348  
-8.174455689  
-1.390778052  
5.98181313  
5.773460927  
5.427742299  
-2.183283142  
-7.360793177  
-2.088604936  
5.082923626  
5.471398039  
-4.520482362  
-8.981594416  
-2.820285501  
5.430080267  
7.04718854  
-2.611771193  
-7.726770066  
-1.568616921  
6.155410886  
4.582887732  
-6.582847443  
-8.853084359  
-2.897446035  
5.424472703  
6.135005441  
-3.962235643  
-9.18558262  
-2.944158603  
6.189225115  
6.817693096  
-1.143419773  
-9.068158132  
-2.393691477  
5.398289133  
4.865536197  
-6.284483722  
-4.033309148  
4.844862732  
3.540702935  
-7.629926133  
-9.682990713  
-2.408429364  
4.35258576  
5.117088728  
2.469118188  
-6.78500123  
-7.456491854  
-1.06351655  
6.070900763  
9.762519747  
0.772892434  
-2.649670914  
3.902866198  
9.972143063  
9.122968301  
0.4308370907  
-5.222140695  
-0.1245969027  
7.485737475  
7.564138679  
-4.59006105  
-7.818454594  
-2.061240553  
5.819182947  
5.284338882  
-5.624895575  
-9.234203456  
1.061879596  
7.338979069  
6.928675039  
-1.754033486  
-8.794911636  
-3.297759078  
5.030720772  
5.936322051  
-2.010435084  
-8.285503007  
-6.782214719  
3.323647981  
6.805560207  
0.3624270977  
-8.012943971  
-4.564575389  
4.397737089  
7.079885278  
4.570539383  
-4.988925412  
-5.667079224  
4.305238426  
7.506379506  
-5.768138685  
-7.928234044  
3.870844941  
7.618823639  
-7.307224402  
-5.640802621  
6.083623783  
6.237442115  
-5.858414761  
-4.345364457  
5.13049806  
7.695612698  
5.322654828  
-5.680004416  
-6.132739414  
4.736307711  
8.139044847  
-5.531344917  
-9.311217979  
-2.82146099  
5.331990774  
