-3.97942416  
-2.337699271  
-0.6348641166  
0.2572452823  
2.563077171  
1.70235314  
2.524607872  
0.823708604  
-0.02690045798  
1.287367413  
0.09684784489  
0.5880629604  
1.639919952  
1.496919118  
0.562380104  
-0.4787613552  
0.1550955518  
-2.436453366  
-2.669289724  
-2.629099109  
-2.566497946  
-0.3955722034  
0.5551486134  
2.189841096  
1.486696213  
-1.258058231  
-1.160703364  
-0.02145447119  
0.6445554904  
1.156281669  
0.6503826632  
1.537484167  
2.406325449  
1.178230105  
0.03874084725  
-0.7063781651  
1.068720378  
-1.636011161  
-3.139584233  
-3.4327144  
-1.045201862  
0.3966320973  
-1.086994359  
-1.868697666  
-1.572517484  
-0.9424889039  
0.3257456157  
1.201494446  
2.023642403  
4.07548633  
2.566528137  
3.130349147  
2.588260259  
0.6362538229  
-1.52089881  
0.3242237018  
0.04469054334  
-3.707038013  
-1.847018646  
-0.07911637792  
2.271361851  
0.7898643046  
-0.5980246096  
-5.43939215  
-2.542346141  
0.5457632645  
2.160971803  
2.645125744  
3.319295818  
3.010576247  
2.055708057  
-0.5974086832  
-5.323147357  
-3.412883131  
-0.6524299867  
-0.5141881156  
0.2134124975  
-0.9387150235  
-1.843223981  
0.3252794363  
2.097363822  
3.726664392  
3.051775652  
4.82390586  
4.494761918  
2.973617303  
1.18457143  
-3.620713305  
-5.491288556  
-6.70044658  
-4.50861438  
-3.968921718  
-1.673600916  
-0.4333376452  
1.281047978  
1.237320489  
1.322793171  
-0.4282867577  
-1.637352952  
0.1147616011  
3.538495111  
2.614398471  
4.427872092  
2.438357082  
0.8876545973  
-0.753543718  
-3.955609195  
-3.60912094  
-1.414982877  
-0.44764131  
-0.990441973  
0.5527035047  
0.178771816  
2.420491956  
3.205261751  
2.718567145  
1.01259226  
1.558043079  
2.210231336  
1.994882299  
1.680089017  
0.2178798338  
-0.6070440957  
-4.1932362  
-2.880709207  
-2.84164797  
-3.148784772  
-3.439530757  
-1.521007411  
0.5132471859  
1.914490905  
0.02078803545  
-0.05900754919  
1.157567515  
2.416846384  
2.705288075  
-1.262871327  
-0.4762199732  
-2.269565818  
-3.623774569  
-2.955895413  
-2.326834272  
-2.419543933  
-6.2527619  
-3.384883337  
0.3061869455  
2.009226657  
3.366052013  
2.937670279  
2.728809777  
0.4255723809  
0.4114041646  
-0.4090048151  
-0.9368083443  
-3.120031854  
-0.03328554352  
1.032562914  
0.3290304259  
1.105062527  
0.3230972171  
0.1813383931  
-0.5293705579  
-0.705757636  
0.1737364813  
1.093741458  
0.6215316661  
0.3134266615  
0.6015169252  
-0.7473497458  
1.095155414  
2.271567402  
1.243735263  
1.490325628  
2.486222539  
2.71844017  
-2.636917987  
-4.41487041  
-2.273029493  
1.457225644  
1.859371556  
1.108345065  
-0.9708211224  
-2.041531465  
1.410838298  
4.162959599  
1.419498022  
-1.433776951  
-3.084619767  
-3.535731527  
-3.470208199  
-2.897543633  
1.119884448  
1.723935441  
2.658010134  
1.917696611  
1.010190725  
-0.4639029306  
-1.586956364  
0.2479785879  
1.11422416  
2.653817139  
4.779770025  
2.624018184  
1.608878695  
-0.7016662655  
-4.732394103  
-3.637623142  
-1.909419661  
-2.0184802  
0.06964933594  
0.7038199247  
0.3121745245  
-1.465320731  
-2.266360485  
-0.3593892583  
-0.03128120237  
1.278171628  
1.524533217  
1.696996037  
3.088403667  
1.582740097  
-1.117189452  
-0.6775095693  
-0.2855704653  
-0.522835749  
-0.4043016267  
0.04433238193  
-1.142690941  
-0.6184627187  
-0.0671992116  
2.222628552  
2.881181972  
3.537282885  
3.844465915  
4.609396577  
5.013930166  
2.902303104  
-0.9363142821  
-6.069546605  
-7.008966753  
-4.77757517  
-1.556167956  
-4.233390324  
-3.224684663  
-1.769974189  
-1.520358829  
-0.9963550238  
-1.575434878  
1.582921708  
3.576650436  
3.955164518  
4.247967334  
4.669374152  
1.689489768  
-0.8629208982  
0.649861673  
0.8809087017  
-1.167417831  
-3.267313621  
-3.329715414  
-1.601013591  
1.379385345  
1.310182504  
-1.245705976  
-1.035322775  
0.9921341661  
2.720845522  
2.439509114  
3.335226499  
1.887554373  
0.2596195971  
0.9911192572  
-0.2603788253  
-0.1567207622  
0.1545537736  
-1.288548218  
-4.135136604  
-7.973246559  
-6.923563605  
-2.695509593  
-1.415460527  
-1.289507162  
-1.434639932  
0.8485765853  
4.049643631  
3.523442875  
4.355311546  
4.302649242  
4.158389356  
5.188444198  
1.607502565  
-2.000910244  
-0.8167394088  
-3.353938247  
-4.654144413  
1.542011737  
0.6578670735  
1.962357678  
-1.209924255  
-3.848822433  
-4.179844362  
-4.162931305  
-2.378347574  
-2.339610938  
-0.7933924337  
0.04136672701  
1.866658167  
1.168814028  
2.205369811  
2.814806351  
3.713039682  
4.077368219  
4.177421627  
3.536613037  
0.8918150762  
-0.7651276767  
-2.335503689  
-2.770122357  
-3.708234346  
-1.927298324  
0.7522744624  
2.447347887  
0.6433086297  
1.078726721  
2.010019606  
2.395701666  
1.172419723  
2.934242667  
1.898992061  
1.70494251  
-1.397784052  
-3.201816559  
-2.152238646  
-2.631724713  
-3.030008259  
-2.282049089  
-0.6834087185  
-1.432618589  
-0.7042527184  
-3.100503225  
-2.23334144  
-0.05575035969  
1.227306804  
3.835077245  
4.611706764  
6.220633492  
4.188532275  
2.089876469  
1.716014404  
-5.451373299  
-6.102697402  
-5.592294187  
-3.584096201  
-2.856487226  
-3.744344249  
-0.8427701638  
0.5693896475  
0.2493035215  
-0.6373755033  
-0.139894826  
1.83252659  
2.258721042  
2.705504277  
0.8114530961  
-0.5656144221  
-1.952512576  
-1.241388604  
1.101597526  
1.247474882  
1.045899986  
-0.2221109971  
-1.556098474  
-1.942259409  
-0.2470711224  
1.399461627  
1.811361424  
2.013202673  
2.042175803  
-1.896897013  
-2.978498754  
0.2601460953  
2.137711349  
1.10482217  
-0.4729408439  
-1.554740177  
-0.8871450477  
0.5863009684  
1.684396532  
0.984134956  
2.62942684  
2.950900712  
1.784830755  
-0.3537287702  
0.4668107645  
0.8945646089  
0.4799781047  
-1.709779522  
-1.932754407  
-1.263844311  
-0.4179755235  
0.2878486253  
0.8099034412  
0.1319723884  
-0.5539775005  
-0.8943574968  
0.1998163073  
-1.717014187  
-3.784814024  
-0.4184997148  
-0.250745621  
1.150656314  
3.067364608  
3.944238971  
1.459877503  
1.638857431  
0.973890987  
0.7135395417  
-2.128626198  
-2.459626191  
-2.388252926  
-2.359465536  
-2.866312593  
-2.254998961  
-0.3226247381  
-1.20447506  
-0.6348804012  
-0.0571561193  
2.450107538  
4.564788262  
4.412627777  
3.348682992  
1.541284729  
0.5920878356  
-1.682784251  
-2.882406619  
-0.3143977551  
-0.4676918388  
-1.445326468  
2.222503341  
1.677496915  
-1.256923565  
-3.298528886  
-0.8635519312  
-0.2510174588  
1.00724569  
1.444421365  
0.3024965994  
-1.010003454  
-0.6330868817  
-0.2162861207  
-1.606755839  
-0.1859472428  
-2.255287778  
-1.972476101  
-0.3000539831  
0.6165580845  
2.317629853  
2.748937339  
4.150740387  
3.995644369  
2.533433673  
-0.3573967956  
-0.909521201  
-1.106416894  
-1.226559471  
-3.116695597  
-2.18241394  
-1.020544691  
-2.417731829  
-0.9784300863  
-1.718545976  
-1.555278644  
0.5410005597  
1.06536734  
1.554240082  
-0.2281362084  
0.5024400833  
2.369301696  
1.058486074  
-0.3913897077  
0.3161638263  
-0.8958017069  
-0.03640426977  
-0.506556578  
0.7216627448  
0.6398535861  
0.2673654483  
0.5832679234  
0.2132986238  
-1.038060739  
0.3404480293  
0.1115955818  
-0.8433533272  
-1.633405815  
-0.04644671342  
0.05501334394  
-1.233139071  
-1.073994649  
-0.8455201942  
-1.496838427  
-1.421350172  
-1.304512885  
2.242664473  
3.233009406  
3.665882131  
3.95943004  
2.117830113  
-1.502090632  
-2.889015963  
-2.490183352  
-1.959344025  
-1.250910886  
-0.7248362207  
1.42315472  
2.017133747  
3.641182691  
4.403236135  
3.440627978  
0.271863591  
-0.2215275442  
-3.530373318  
-1.79862817  
-0.5055909171  
-0.1204036944  
-1.361349933  
-1.491533964  
-2.01548247  
-0.02025043442  
1.255370757  
-1.912331815  
-1.118220304  
-2.123210445  
-1.005814551  
-1.696555359  
-2.616088231  
0.01242176711  
2.124585339  
2.456563786  
2.677498602  
0.3765764868  
-0.3119148236  
0.55303504  
0.5135666216  
-1.398579642  
-1.820183873  
-0.442867223  
0.8944853222  
2.62222511  
3.063903572  
1.203265558  
-2.296762174  
-1.112003013  
-2.150631195  
-0.3840331905  
1.73974593  
2.665887509  
4.388254721  
4.817318019  
1.892194266  
-2.012120306  
-2.191712094  
0.05547835004  
-0.6413310148  
-1.380770852  
-1.18367067  
-1.849612798  
-2.741178175  
-2.828279618  
-2.874436666  
-2.012810352  
-1.510542196  
-2.702987272  
-0.1519941268  
0.9971714309  
2.806882553  
4.178542396  
3.622376871  
0.05256359425  
1.073427981  
0.07495634857  
-1.565988441  
-1.342429243  
-1.721378135  
-1.019203481  
-1.458457176  
0.2655234964  
1.342606572  
2.671686524  
1.769648191  
-0.4088959945  
