0.3889530391  
2.414219714  
-0.2326164853  
-2.466018199  
-0.7323416199  
-0.08335539748  
2.47506409  
1.221280441  
-1.862576686  
-1.410177473  
0.3906554308  
2.192510883  
-0.09373057728  
-1.577577364  
0.459969197  
2.51963006  
1.071641498  
-1.808552861  
-0.663461708  
1.122982064  
1.765354873  
-0.9480132371  
-2.17595034  
-2.357220607  
-0.4683048801  
0.6431311785  
0.9988096236  
-0.1766326633  
-2.602970639  
-1.099600391  
1.461024729  
0.09498194054  
-1.619952072  
-2.665211807  
-1.189751839  
1.071485994  
2.738194469  
1.731089143  
-0.4952478621  
-2.044194104  
-0.6857994866  
1.623162255  
1.66021395  
0.5646249246  
-0.9640910855  
-1.413807133  
0.3922527125  
2.106245001  
1.21835785  
-0.02446048858  
-0.8483340473  
-1.034194863  
0.1785669408  
1.689568752  
-0.1086970293  
-1.30180926  
-2.132136193  
-0.3708168685  
1.604630637  
1.809511947  
0.9618873472  
-0.7763359008  
-1.813878548  
-0.8796519758  
2.350012214  
1.368386685  
-0.6231649429  
-1.914034826  
-0.3266760313  
0.7936773075  
1.609469175  
-0.6479224787  
-2.8962162  
-2.910454624  
0.4654408323  
0.2393210249  
-1.28254681  
-2.063452782  
-0.6605851982  
2.764107159  
1.486729462  
-0.6713695984  
-3.230097763  
-1.523396494  
0.7612398355  
2.392613437  
0.3026371805  
-1.810443852  
-0.738595866  
3.108091235  
2.07714746  
0.418488905  
-0.579257255  
0.6291150839  
2.449467414  
0.3981512317  
-1.268310827  
-1.377705046  
-0.01063676951  
1.494415996  
0.9500131897  
-2.363958473  
-2.121714503  
2.056016932  
2.671480521  
0.6069249383  
-0.2898856761  
-1.573172765  
-0.6554948244  
1.463331471  
0.4242819768  
-0.3228136125  
-1.494101302  
-2.221124924  
-0.4030137249  
2.961585857  
1.592746258  
0.2121264031  
-0.7939049607  
1.247475505  
0.6155174543  
-1.552309276  
0.4101118832  
1.936419223  
0.5110789778  
-0.889234487  
-3.320305101  
-1.777496125  
1.512346135  
0.6486112694  
-0.2057773396  
-0.9721188365  
-0.8885303159  
-0.4546893923  
0.1471422532  
-0.2437956655  
-2.474690472  
-1.303249051  
1.578686442  
2.060060113  
0.5226152124  
-2.479099243  
-0.8494586624  
1.663111122  
2.472552571  
-0.3846990138  
-2.294825035  
-1.57553835  
0.03454818158  
2.960842112  
0.9180121668  
0.06962446125  
-0.9489916825  
0.8733008656  
2.637765427  
1.387288956  
-0.1215141046  
-2.823610618  
-0.8159669247  
1.807717701  
2.035932868  
0.6664446782  
-0.594846165  
-0.8971657127  
-0.5919761189  
1.795180136  
0.3864764187  
-1.179692959  
0.891077462  
2.942025566  
0.04482902889  
-2.117024028  
-1.330114898  
0.2357778747  
-0.5152778598  
-1.910188629  
-0.481409904  
2.971467193  
0.03121044634  
-0.5009105517  
-1.396053162  
-1.048035453  
-0.1568110974  
0.6344126406  
-0.6584597179  
-2.335518995  
-1.157667942  
1.152063873  
1.504722645  
-0.4631922772  
-2.639793358  
-1.037545453  
1.509836385  
-0.392389977  
0.4336458827  
3.591744059  
0.5383113399  
-2.164364397  
-0.4498405603  
1.546025221  
1.614401545  
-0.02233016846  
-2.148931492  
-1.775188196  
0.1422096936  
2.133898327  
0.6285775862  
-1.121003938  
0.5243214088  
2.868237232  
0.5297031044  
-1.289406484  
0.04976019723  
2.835420072  
2.450176378  
1.327388798  
-1.652066228  
-1.700226239  
-1.105554073  
0.9583130201  
0.1862615168  
-1.42401747  
-1.296209072  
-0.5283389247  
0.8134823482  
0.9937462918  
0.2904496755  
-2.348622509  
0.1445603795  
1.929933646  
0.2758494445  
-1.36033593  
-0.5099906291  
0.6386047378  
1.464614664  
0.1810660552  
-1.916174151  
-1.768208212  
0.1073609586  
2.055508781  
-0.682754146  
-1.03720155  
-0.4268076366  
1.475414699  
0.2269285908  
-1.793766069  
-1.609175816  
0.2676701064  
2.569266134  
0.5250850101  
-1.151850391  
-0.7032808936  
-0.174976216  
2.139948211  
0.6119827353  
-0.5154405855  
-0.1599812958  
2.854901577  
1.939121789  
-1.033427288  
-1.853191805  
-0.8034468426  
2.043036703  
0.3937582595  
-1.686447571  
-2.906627381  
-1.995251867  
-0.4058636155  
2.136657344  
0.2939029581  
-0.3078378506  
-0.5432403596  
-0.428188566  
2.079424499  
0.5099532757  
-1.420913887  
-1.416921058  
0.4120492975  
1.473657822  
0.7588785567  
0.06920492325  
-0.438877798  
0.3507068683  
-0.01281235586  
1.039574023  
0.9025701757  
-0.07947878269  
-2.087715853  
-1.458255282  
2.086680457  
0.7271680776  
-1.290564361  
-0.6902007151  
0.6974033907  
0.1049813227  
-0.1204600572  
-1.682066234  
-1.18505717  
-0.1588057891  
2.368014291  
0.7427625344  
-0.6895370389  
-0.1982786692  
0.1735410948  
-0.3220460246  
-1.459022028  
-1.254137764  
-0.4646972177  
-0.5018769369  
1.872214358  
1.605469503  
-0.4645359579  
-1.695864298  
-1.021937212  
0.5509525496  
2.021708339  
2.36453938  
-0.1398367673  
-1.13437324  
1.057625595  
2.844151309  
1.060123305  
-1.065101487  
-1.53369333  
-0.1535885167  
0.3628831998  
0.7763388733  
-0.550428737  
-1.606920565  
-0.0666684102  
0.5982254677  
2.776238853  
1.574048823  
-1.75388991  
-1.10293781  
0.2476575524  
-1.318824743  
-0.9088014334  
0.184942515  
-0.2964605492  
-0.5436124236  
0.00656398663  
-0.02341190813  
1.94410929  
1.075424113  
0.1052026447  
-1.136154846  
0.7801095387  
7.178513829  
1.162827866  
-0.9444983305  
1.337574712  
-0.0389473436  
-2.973908092  
-3.816286112  
-2.482813829  
-0.8467464632  
0.3373942852  
-0.4433815007  
-1.944782914  
-2.317544578  
-1.45134717  
-0.9570256525  
1.844730895  
1.727738945  
-0.4162721939  
-0.5267888215  
1.453305077  
1.844934446  
1.299797233  
-0.2586062114  
-0.7705479446  
-0.7564858143  
1.139418043  
0.4825867951  
-0.9237001737  
0.8331143323  
1.781708965  
-0.3629620533  
-0.5352202296  
-0.5800498927  
-0.3080843129  
0.3117256885  
0.3023870293  
-1.204125421  
-1.485498958  
-0.5950349511  
1.087865419  
1.753625081  
0.7435513249  
-1.257653122  
-0.4294241523  
0.4154418941  
0.6329133004  
2.099607556  
1.325191971  
0.1735506677  
-0.6443855757  
-0.336535026  
0.08584588251  
1.506322353  
-1.24969738  
-1.967450072  
-1.598067571  
-0.4110484794  
2.116713846  
0.2103049898  
-0.7576315289  
0.07220117349  
0.5972117377  
1.53435742  
0.4753336004  
-0.3865863716  
-0.6608943062  
-0.6356018788  
1.011647122  
3.13418113  
1.314479761  
-3.067747484  
-2.342155811  
-0.3697973777  
1.175925675  
1.932508952  
-0.525743882  
-1.312441948  
-0.9726348264  
-0.2662539731  
0.8248640632  
-1.253089981  
-1.221680045  
-1.380029619  
0.2237245723  
1.036424165  
0.9797505312  
-1.144884523  
-0.6135891738  
0.7304861181  
1.822595209  
2.265004327  
0.2247066589  
-1.21081332  
-0.2171913935  
1.458056077  
-0.5821535294  
-1.550156803  
-2.474590711  
-1.306536005  
-0.1229314186  
1.630539338  
0.5033886883  
-0.7905587023  
-1.00861012  
0.468261589  
0.4980070344  
0.817331496  
-1.035349463  
-0.964051613  
-1.269283236  
0.7052378982  
-0.6426705632  
-1.067899683  
0.04465897227  
1.828917963  
1.277118687  
1.036561877  
-1.080397096  
-0.01960027477  
1.103225942  
-0.173814683  
-1.885076931  
-0.6282888074  
0.8153080888  
0.4155276429  
-1.844846022  
-0.7388687914  
1.153654446  
2.21978514  
2.392848697  
0.1808361915  
-0.8377051112  
-0.6771267546  
0.4668758023  
1.035437878  
1.75418292  
-0.322765622  
-1.603395499  
-0.8819183256  
1.92953691  
1.384284589  
-2.122621769  
-2.223501889  
-1.464381308  
-0.2214673211  
2.714735176  
1.401606974  
-0.627305177  
-0.8659714242  
0.9672776402  
0.7849687043  
-0.3261742812  
-0.9778959363  
-1.337442919  
0.7138044764  
1.799992826  
-1.158369385  
-2.234077771  
-1.464764071  
-0.6317520242  
2.203681931  
1.305693424  
-0.1783541789  
0.05897807383  
1.920708089  
1.115323649  
-2.387683924  
-1.651144385  
-0.9247316426  
-0.3952646941  
-1.554042709  
-0.6733866831  
-0.157382833  
-0.5550997277  
0.6987451147  
0.3062236419  
-0.9163585515  
-0.544980187  
0.6534732868  
2.368563319  
3.078069882  
-0.456103114  
-1.167989156  
0.4280941535  
0.4714984569  
0.2026559506  
-0.7232834159  
-2.156745171  
-1.711334274  
-0.5483968733  
1.49263123  
-1.341773545  
-1.897023041  
-0.07552130687  
0.8093924728  
1.546546713  
-0.2521415594  
0.4140903626  
2.102259494  
2.038693357  
1.497581117  
-0.2747469255  
-1.48967962  
-2.278164889  
0.0006255830244  
1.370970142  
1.097312188  
-2.240665643  
-2.15029842  
0.4163783432  
1.644807774  
1.999566942  
-0.4831436514  
-1.133222324  
0.3378317182  
1.788411323  
1.377295215  
-1.028685875  
-0.1780969456  
-0.2960668721  
0.9309121643  
-0.6957374287  
-1.169320073  
0.188109548  
1.851097517  
0.1045484718  
-1.731140064  
-0.4019314714  
1.142121345  
-1.799117604  
-1.19033  
-0.312145417  
0.9650328124  
1.863551317  
-0.7271379677  
-0.3017482412  
1.263163073  
1.903409688  
-1.231698596  
-1.702913171  
0.08484086912  
-0.2060330982  
