0.8704724734  
-0.8075151633  
1.113748042  
1.048967238  
-0.5621845599  
0.1526455999  
-1.134812724  
1.411522263  
0.798859605  
-1.18599668  
-1.661080089  
-0.742595587  
2.510611574  
-0.6344227494  
-0.7134193652  
-1.969677148  
0.05984965712  
0.1756132704  
-0.9073521859  
0.7539891905  
0.03419995537  
1.240056541  
0.9381402046  
-0.4907331304  
-0.4727331566  
0.3606280864  
-0.4779466659  
0.3089790325  
0.9051436177  
-0.7353826161  
-0.5358624571  
1.439429875  
0.5915305937  
0.3809259523  
-0.05191962516  
-0.4128821348  
-0.5663405283  
-0.1277199966  
0.6159195592  
-0.478951415  
-0.9622082299  
-0.5832869647  
-1.923064144  
1.037438513  
1.043510006  
1.173470598  
-0.2737753866  
-0.8833601675  
-0.3454357963  
0.1611666853  
-0.09519534226  
0.1237103114  
-0.2621636852  
-1.879223827  
1.116157031  
0.8738040749  
0.1678018423  
-0.5298225715  
0.3126912618  
0.05954276518  
2.26305276  
1.844381032  
-0.3586984501  
-0.650736648  
-2.546458786  
0.948277506  
2.287758419  
0.403017292  
-0.81288982  
-0.52261273  
0.1693316469  
-0.03059892667  
-0.3085922301  
-0.3104812024  
-1.340100936  
0.8961043197  
0.1659715423  
-0.1622510652  
-0.3359514469  
-0.6790951453  
1.602103409  
1.573062444  
1.448457695  
-0.9819530139  
0.5559764574  
-0.3425110404  
0.6602912339  
-0.430869536  
-0.3050654  
-0.4201507052  
1.005254696  
0.1624426832  
-0.4436226129  
-1.204121232  
-1.778451683  
1.387296978  
1.285168812  
-0.7557409702  
-0.4474097439  
-0.5403921021  
0.6795748665  
0.2189018271  
-0.7839644865  
-0.008501020998  
-0.1404715055  
1.526535365  
0.6045627719  
-1.158288684  
-1.017370562  
-0.9332959259  
0.1166719588  
0.5095530318  
-0.4659262952  
-1.013325366  
-0.8441133687  
-0.2324123344  
0.9371773978  
0.1432011073  
0.8920988973  
-0.4638027046  
0.8270404123  
0.1832254657  
-0.9062738786  
-0.1624966989  
1.314396223  
-0.002891040755  
0.09889906137  
-0.8057712343  
-0.5110718011  
1.381970524  
0.5865499949  
-0.2613441478  
-0.7936310845  
-0.9598260749  
0.6956278602  
1.223512343  
1.03357691  
0.2976174309  
-0.6531718731  
0.4275357401  
0.7339978418  
0.3285193697  
0.1227532339  
-0.7207260497  
-0.7884140101  
1.075626154  
0.2060359151  
-0.2849500238  
0.6606087456  
-1.007225329  
1.371606798  
0.8036257329  
-0.02087292285  
-0.3578154659  
-1.471362581  
-0.08057551515  
0.1929466618  
-0.2265599344  
-1.272388025  
-1.579701251  
-0.3615949269  
0.9915636477  
0.6430916058  
0.261194513  
-1.073254101  
-0.09431807211  
0.9281196745  
0.6140411272  
0.1628778814  
-1.266707773  
0.2871550309  
0.8801172754  
-0.2840468216  
-0.5188245882  
-0.2210321579  
-0.1146662399  
0.1577185567  
-0.7445156141  
0.5301296397  
0.4282489104  
1.161591876  
-0.1226969612  
-0.3554867831  
-0.01346121294  
0.144448786  
-0.7611122317  
-0.1695221632  
-1.68195171  
0.3224574192  
-0.541517853  
-0.4053534662  
0.1650682131  
0.5729782616  
1.455277851  
2.035776339  
0.0251486252  
-0.4560779457  
0.2874004573  
0.4678648701  
-0.4241811962  
-2.515706331  
0.8295460237  
0.8659642238  
0.1544832315  
-1.691868217  
-1.986264575  
0.3047868759  
-0.4897404084  
0.8203392251  
0.6350766464  
-0.539418594  
-0.1552652409  
0.2937232274  
-1.236302915  
0.1813988247  
0.971354189  
0.5193452447  
0.528681502  
-0.09511244866  
-0.2531365833  
0.7828228073  
1.172397188  
-0.4003008554  
-0.6942566171  
-0.8411968307  
-0.1838251046  
0.1061101852  
0.4788962436  
0.9403858189  
-0.2791354139  
-0.5350602898  
0.6765961792  
-0.1546361862  
-0.5650605662  
-0.1581634034  
0.002960551935  
0.4388031528  
0.0727883542  
-0.1793674683  
0.1750656107  
-0.6206564011  
0.4734115933  
0.6500144295  
-1.464821023  
-0.9610528046  
1.128354304  
0.6842862125  
-0.597349022  
-1.275418597  
-1.100383206  
0.5640222999  
1.508420429  
-0.9424622192  
-1.557917962  
-1.52438275  
0.1976360472  
1.401337875  
-0.6870622212  
-0.002558666585  
1.481827893  
1.14673675  
0.6794190149  
-0.6059904331  
-0.5765965472  
-0.05767849548  
1.171310858  
0.3761773111  
0.701305228  
-1.027973259  
-0.5524891814  
-0.2385155369  
-0.3783014309  
-0.7814101003  
-1.482554394  
-0.2920227607  
1.443165808  
0.6298126178  
0.001176043429  
-1.419248899  
-1.572306296  
-0.04003878091  
1.497443585  
0.4358241173  
-0.3513822034  
-1.863603811  
1.239983841  
0.02313272204  
1.554334789  
0.2731862717  
-0.4848645873  
-0.07429543732  
1.003393874  
0.1969990568  
0.03362327566  
-0.4607184957  
0.06260850764  
0.2614970876  
1.465717792  
0.3906233104  
-1.850284692  
-0.6225357231  
-0.3534496223  
-0.1692019059  
-1.635573107  
-0.4420182139  
0.4967879307  
0.747399356  
0.3427644491  
-0.3035604575  
-1.050361752  
0.279061171  
1.107861423  
1.063826945  
2.037590203  
0.7814489799  
-0.7962426496  
-0.6771994496  
0.9670414343  
1.317886221  
-0.8472417149  
-1.927010215  
0.1232052565  
0.8416993092  
0.9576146902  
-0.3617404071  
-0.23767432  
-0.6634025595  
-0.6314247142  
0.633796281  
-0.6102622708  
-0.3078073618  
-1.2962638  
1.293389697  
0.6081771484  
0.1311736801  
-0.63137033  
-0.4905812276  
-0.2797394912  
-0.5754288963  
-0.8559496305  
0.1161696778  
0.1029660956  
0.01222992021  
-1.303365019  
-1.047051365  
1.318109266  
1.426582279  
-0.4770734313  
-1.975428276  
-1.667373795  
-0.07753644601  
0.2461548776  
1.107612145  
0.1891474185  
0.6774269208  
-0.647502939  
0.9639526128  
-0.04575358957  
0.8494429281  
0.7932407722  
0.8483632693  
0.01467609409  
0.2465248435  
-0.8324325813  
0.7576951782  
0.2161536396  
-0.1018321376  
-0.9489741083  
-2.11079273  
0.08927085278  
0.6434086849  
0.2310985571  
-0.2775718768  
-2.182588088  
0.2136887835  
0.5590312563  
-0.2478251707  
-1.414881403  
1.376254727  
1.170005773  
2.064690545  
-0.1797431623  
-0.9916276766  
-0.4276010362  
0.7169053098  
-0.126536042  
-0.5572996914  
-1.541234874  
-2.157986334  
0.1934916542  
0.1409460249  
0.6800569115  
0.5148653637  
0.01767169486  
-1.813518524  
0.8532331129  
0.7583638708  
0.8437406736  
-0.5919505723  
-0.1821647206  
-0.9054621292  
-0.1349393581  
0.508122826  
-0.5172511285  
0.01312709602  
-0.6947998441  
0.8581669404  
0.8507576947  
0.5946937529  
0.1746700066  
-0.8442187678  
-0.4787482894  
1.478817521  
1.79025207  
0.1187502636  
-0.4156826336  
-1.739130776  
0.6884734418  
1.793688884  
1.305609433  
-0.03125158577  
-1.169540037  
1.085724299  
0.8627755712  
0.7449670266  
-1.189878309  
-0.7791807488  
-0.02010277902  
0.7080091333  
-0.2083901776  
-0.7825743049  
-0.6731062775  
-1.692353586  
0.3894550717  
1.827041594  
0.8830713706  
-0.6262464096  
-0.702969572  
0.5461088372  
1.427046477  
1.664127847  
1.71405772  
-1.088612935  
-0.2654543267  
1.162827732  
0.9853580748  
-0.3663481018  
-0.03079478766  
-2.634863917  
-0.629781598  
0.8430289477  
-0.3245793937  
-0.5953358648  
-1.354140653  
0.2823787492  
0.3569157847  
-0.09849901298  
-0.7735306123  
-0.5398123441  
0.6062697995  
-0.07050138836  
0.06039297539  
-1.706543904  
-0.8153455081  
0.2193342799  
1.16573503  
0.85829764  
-0.2611658887  
-0.2553409194  
0.9153185291  
-0.08600647527  
-2.805462698  
-0.5388757839  
-0.02775693241  
0.07021858987  
0.03601201907  
-2.848890699  
0.549176605  
1.674428511  
1.168034585  
0.4642956397  
-0.2745161201  
-1.574839534  
0.265618928  
0.290917193  
-0.03872629859  
0.4163592835  
-1.30029351  
0.4328260822  
0.7093195141  
0.734855681  
0.366573408  
-0.2075548621  
-1.242663305  
-0.6560487239  
0.7450871037  
0.6512083833  
-0.4503523007  
0.2367482383  
0.2523094008  
0.463342791  
-1.598772933  
-1.787734812  
1.612426237  
0.9934588884  
0.5500830427  
-0.9011977195  
-1.992537859  
-0.3093367487  
0.7760763979  
1.272893423  
0.9245971083  
-1.492608095  
0.1505854252  
1.638787665  
0.5781613117  
-1.521459147  
0.4236129605  
0.210654816  
-0.1054961216  
-0.543222536  
-0.329166965  
-0.3686987736  
1.205600064  
1.125616748  
-0.1232170556  
-1.097683903  
-1.949608485  
0.4569336734  
0.4698279905  
1.047730525  
0.7616191039  
0.4108832687  
1.237892059  
1.935045274  
0.8434054512  
0.1964316853  
0.5308252218  
1.79999683  
2.131694531  
-0.02185551324  
-1.025510875  
-2.478141145  
0.6454177139  
1.190876693  
0.3075432999  
-0.6498894279  
-1.989120429  
0.1781024008  
1.032066283  
-0.1082088554  
-1.573714769  
-1.551099981  
-0.1352753666  
0.8422950789  
0.6996248406  
-0.7527394605  
-0.1764481766  
-0.9623541961  
0.2935381169  
-0.3599481419  
-1.008449129  
0.04512166065  
-1.52580657  
0.9736564846  
1.350232397  
0.09099495556  
-0.8790346291  
0.2689249252  
1.390945151  
0.7968219777  
-0.9290795863  
-0.5449062546  
0.9998110186  
-0.01619230478  
-2.726817606  
-0.2014078064  
0.4936421399  
-0.5613589055  
-0.02745000613  
-0.3272275882  
1.770067215  
0.7694019286  
0.486268389  
-1.103747968  
0.8473972655  
1.768060304  
-0.3095932425  
-0.4644577655  
-0.857684856  
