-1.826524858  
0.5370853087  
0.9376367457  
2.257460373  
-0.3716815051  
-2.084982165  
0.5829883492  
0.2864159008  
2.288867179  
-1.284562602  
-2.339764567  
-1.042634781  
-0.3902740565  
0.1697423277  
-2.181150999  
-0.4412461888  
1.290445911  
2.133300247  
-0.2170897799  
-1.243133437  
1.062075761  
2.124828068  
2.513594884  
-0.8531278389  
-2.922746731  
-2.364968197  
0.789698882  
1.702215373  
0.4169294643  
-1.596744235  
-2.794509417  
2.090053823  
2.42788981  
1.542488457  
0.2233804244  
-1.620433623  
-1.672451182  
0.6288488471  
1.874348061  
0.4282227976  
-2.349470905  
-2.879117614  
-0.4001044241  
-0.1968622413  
1.563471468  
-0.5949164776  
-0.7732931113  
-0.2956664686  
1.766278807  
1.440750519  
2.124548524  
0.4233117256  
-2.012725932  
-1.434041277  
-0.007187716806  
1.403268418  
-0.5888800706  
-1.698278196  
-1.49213226  
1.913502694  
1.39464143  
1.439236363  
-1.412669572  
-1.886457327  
0.5788327023  
0.7772910561  
1.828019629  
0.1654094642  
-0.7079744094  
-1.138929576  
0.3382853655  
1.232114609  
-0.3559421248  
-0.7886147619  
-1.262275412  
0.3281115302  
2.388572609  
-0.8131318397  
-2.343323425  
-0.250749148  
0.8430078462  
0.7839239356  
0.7097165559  
-2.300407569  
-3.246139005  
1.307510358  
1.278692342  
-0.3534091472  
-0.0597290178  
0.5388639865  
0.2781729878  
1.555837717  
1.005102835  
-0.6418777461  
0.01145270092  
-0.1796762923  
1.313066168  
-1.760880527  
-1.681158201  
0.2024526708  
0.4736640342  
1.845025921  
-1.434962637  
0.6523370989  
1.658384995  
-0.09615752347  
2.354998693  
0.3284759677  
-1.179211563  
0.1475789819  
1.381296998  
0.9172082819  
1.816896057  
-1.119394062  
-1.26101381  
-0.5937849238  
0.4541426743  
2.319873962  
0.03733345778  
0.8171154925  
1.179211644  
2.148689191  
-1.196562129  
-1.947327483  
1.4769059  
1.19591452  
0.8796390492  
-0.8366367675  
-0.1838957783  
1.953548435  
1.495592968  
-4.575990194  
-5.607033588  
-4.450972475  
-2.145759053  
-1.800030248  
-0.9501882661  
-2.360352027  
-0.6730062022  
-0.5259311324  
-0.6881319161  
1.314937965  
-1.225795971  
-1.999602136  
0.7610242441  
-0.04728569443  
1.950832434  
-0.122955653  
-0.4165091419  
1.791262116  
-0.1828803445  
1.248134077  
1.076757019  
-2.031785307  
-0.8959042956  
1.239914075  
1.514327744  
0.7612534055  
-1.729928672  
-1.415413142  
0.8811896668  
0.9517270037  
2.047482082  
-0.4378282671  
-0.03425651012  
1.180913441  
2.104725  
0.3351835736  
-1.222519716  
-0.001283283678  
-0.8619417954  
2.253226908  
-0.881381696  
-0.9489566137  
0.5822529351  
-0.5912513087  
-0.8709475231  
0.9067063171  
0.181912457  
1.385472497  
1.035279524  
-1.459360547  
-1.150456213  
1.177137592  
1.888166553  
-0.2576724652  
-2.532472671  
-1.971129421  
1.045050784  
1.381566726  
-0.5160496075  
-1.336048588  
-0.7633941255  
1.641229746  
-0.5035962567  
0.8891651154  
0.6805762314  
1.174704324  
-0.7179930249  
-2.015594685  
-0.07639427089  
-0.9533597441  
0.9377279813  
-0.9362523514  
-2.843788129  
-1.036671793  
1.069582427  
-1.401167253  
-2.106169346  
1.772852074  
0.9897877668  
1.089778109  
-1.058837216  
0.1267189892  
1.392050196  
0.3073786318  
1.755637033  
-0.7474279631  
-1.713078056  
-0.05754642279  
-0.3257002429  
1.225987796  
-0.7397403904  
-2.271182093  
-0.6144683907  
1.26141199  
1.762729776  
0.7601937833  
-0.7814438743  
1.595783604  
1.072817122  
1.445733504  
-1.386132849  
-0.9256589813  
-0.04390777661  
-1.018526487  
0.7546301591  
-1.234270522  
-0.6444978965  
1.327901694  
1.295390551  
0.2102183918  
-0.4300520933  
2.093656044  
0.6147105923  
1.16473896  
-0.3385784831  
-1.340379228  
0.3487526178  
-0.6383454054  
-0.6566452782  
-2.525325131  
-2.561651368  
0.2522148784  
0.2154055323  
1.667784107  
-0.01657577143  
1.476743145  
1.120921789  
2.338370326  
1.068602384  
-0.5873681541  
-0.323298303  
0.5848746503  
0.9767545486  
0.7917061455  
-1.662910276  
-0.9527659609  
1.917329129  
1.782540146  
1.964412595  
1.185923217  
0.2233033114  
1.667804836  
2.199214592  
2.178729111  
1.234401341  
0.5784021264  
2.257813256  
2.837317602  
2.501430866  
-2.66528757  
-4.296706785  
-4.548583369  
-2.081802335  
-2.753511604  
-1.66690093  
-2.267850122  
-2.911854186  
-1.351899943  
-0.5628881183  
1.111960847  
-0.1140869815  
1.178688134  
4.247345565  
0.9147549303  
1.542331442  
-0.7149346048  
-2.016698037  
-0.2268269473  
0.4986125308  
1.00016494  
-0.08509197027  
-2.014121945  
-1.106041121  
0.6202044648  
1.399885583  
-0.7330875041  
-1.152214777  
-0.905159438  
-0.2931117228  
1.29099331  
0.7614529341  
0.5987538054  
-0.6426187054  
-0.002284999267  
1.241119239  
1.8846091  
0.7447883627  
-0.1718657193  
0.3948218457  
-0.3462318635  
1.124826115  
-0.9489894779  
-1.778178567  
-1.862888901  
0.7734546802  
-0.02457453345  
0.5836815171  
-1.593473714  
-1.097614367  
0.05591878341  
0.7045885721  
2.255685411  
-0.4904834891  
1.307740954  
1.069064885  
-1.06894604  
-0.2852604669  
-0.200896088  
0.2038961898  
-2.198444357  
-0.8427222947  
0.2851074236  
-0.481761425  
-1.57797504  
-0.02393126278  
-1.360556978  
4.205644404  
2.052420656  
0.5814507603  
1.614520537  
1.138170929  
2.752719012  
2.923806145  
0.3832279233  
0.018623415  
1.201963218  
-0.3450899184  
1.372103985  
-0.1963472707  
-1.607644761  
-1.185140954  
0.4015589265  
-0.7141316718  
1.044705064  
-0.4297775865  
-0.8024316422  
1.609050921  
0.4577962078  
1.034237096  
-1.118945205  
-1.368937842  
0.1855395955  
0.1194703679  
2.197610127  
-0.8764785877  
-0.969070613  
-0.3542085608  
0.7095800084  
0.826290783  
-0.5099329481  
-0.2002665802  
0.904658283  
1.303356327  
0.003064520889  
-1.763338226  
-1.08718994  
-0.8264989499  
-0.2036023282  
0.5272269351  
0.18820018  
-2.518551344  
-2.510652736  
-0.2007620976  
0.7563294049  
1.337628941  
0.2886640613  
-0.691415748  
-0.0335089087  
2.209618866  
0.5957859849  
-0.1853146322  
-0.663967251  
0.9569773643  
2.565586934  
0.1951050315  
0.7547959578  
-0.7391824623  
-0.6507087416  
0.002620811919  
1.783555839  
0.9281897128  
1.882760612  
0.4871503743  
-0.812831445  
1.416330957  
-0.4069213228  
-1.425975534  
-4.049503274  
-5.547081923  
-3.169424216  
-1.976866119  
-0.1903892635  
-2.403937206  
-2.376410313  
-2.015793367  
-0.4755792048  
0.4561736957  
-1.284140014  
-1.723028322  
-0.9420505496  
0.7364024195  
1.432945197  
3.19218055  
-0.1834300762  
1.139490967  
2.382068787  
2.03833635  
2.219288445  
-0.2351482418  
-1.903852726  
1.992112215  
0.9634934131  
1.29250057  
1.645056209  
-0.789346163  
-1.473122443  
1.651537712  
-0.01942369207  
-0.1852150242  
-1.652118767  
-1.064595494  
0.3797836642  
0.7575705679  
1.157649817  
-2.315200893  
-1.535804299  
0.7189756428  
1.356969495  
-0.8723349256  
-1.446992005  
1.285344167  
0.9707844947  
1.199636029  
0.1178948649  
-1.494410857  
0.5719651595  
1.608904991  
-1.694087179  
-1.095524565  
2.41418885  
0.929703836  
0.3125600868  
-0.9255474455  
-1.252076257  
0.4908499239  
-0.2537287237  
0.2959755223  
-1.594009974  
-0.9105230586  
0.2845966494  
1.591134921  
1.839269677  
2.40080112  
-0.5276297904  
-0.2409451573  
2.351108242  
1.125139929  
1.595467356  
-1.354002618  
-2.757499802  
-1.531716621  
0.2730622466  
1.501027482  
-0.906881778  
-0.8301623792  
1.713898898  
0.4141226418  
1.316318515  
0.6623834025  
-0.3465668801  
0.3947554996  
1.114823986  
2.299512425  
0.03354937209  
-1.354131434  
-0.4151782801  
1.671056809  
1.255501052  
0.05859884236  
-1.521688242  
2.182579074  
2.585393638  
0.9592606359  
-0.8353497435  
-0.2766831012  
-0.5544199197  
0.6891207698  
-1.428338416  
-1.485789429  
-0.9536674248  
2.396844245  
3.360724974  
2.703488562  
0.07550228117  
-0.7475679919  
1.441258223  
1.085525249  
-1.877553083  
-7.016890541  
-6.629759868  
-4.04099859  
-2.172230337  
-1.202106166  
-3.444360421  
-3.088154514  
-1.758751111  
-0.8767660396  
0.8908520302  
-1.00019806  
-1.586765877  
1.655058979  
0.8267549859  
1.800943245  
-1.11940515  
-1.952682208  
-0.3225135047  
1.029315035  
2.405616685  
-0.4524927022  
-0.6376642656  
0.08563346025  
3.209342718  
2.47906257  
1.138150421  
0.04418933992  
-1.134466847  
2.373038083  
1.153427187  
-0.9560167633  
-2.71181644  
-1.65512283  
1.1167719  
1.111986536  
1.329483504  
-2.468931736  
-0.5684763764  
1.49604784  
2.108684473  
-0.9172744162  
-0.5521437618  
1.281570782  
0.6380885455  
-1.509560242  
-0.1708135051  
-0.8834635266  
0.3987479112  
-2.563077271  
-1.467430976  
1.681530445  
0.562989378  
0.8928866267  
-0.4202064973  
1.279217231  
1.131392508  
1.419382049  
-0.4448458543  
-1.985479711  
-1.447742082  
