-2.439729826  
-1.658740025  
0.6662011188  
1.383698129  
1.748922493  
-2.06820804  
-1.475705531  
-1.454411595  
0.7697545874  
3.154465252  
-0.4892232044  
0.3921419303  
1.059553056  
3.013747151  
1.04182055  
-2.555097429  
0.1487883194  
1.661791326  
1.246215663  
-1.705401813  
-3.142701333  
0.7284772466  
1.381561694  
2.175536585  
-1.00952411  
-2.389606994  
-3.167593021  
0.3360454025  
2.356295846  
0.7189923329  
-0.4182571668  
-2.321881519  
2.037544682  
1.989248428  
2.868720538  
-0.1321576273  
-1.590752652  
-2.50797392  
-0.3017704148  
1.5583625  
-0.3455120182  
-0.7548721341  
-1.014131229  
-1.18016551  
0.2347606826  
3.451770583  
0.1229536302  
-0.3637282287  
-1.956733469  
1.166610972  
2.030343369  
2.635689119  
0.2008149272  
-1.60384566  
-1.087047026  
0.3077124666  
3.141224821  
-0.03687179747  
-1.1106307  
-3.121059755  
1.003888154  
1.732107627  
1.772459765  
-1.809735757  
-0.891576405  
-2.229212539  
-0.0793520773  
3.029102622  
0.1460963625  
-1.781910892  
-3.46337208  
0.1013972785  
2.04786558  
-0.6855602275  
-1.448555127  
-2.670681908  
-0.7357904276  
2.633105239  
-1.110163547  
-1.241120686  
-2.348605563  
1.239203691  
3.506551808  
1.319715333  
-1.247909446  
-2.542678704  
1.578919643  
2.496137125  
-0.02075420975  
-0.8828419456  
-1.114995679  
0.03051477267  
2.578135464  
-0.7525550634  
-2.341989031  
-1.867993547  
-1.417297392  
0.6857845718  
-1.167726462  
-1.824389408  
0.2196554494  
1.254108431  
1.870279698  
-0.7697598286  
-2.157541791  
0.5436040497  
1.08146815  
2.171146995  
-1.091016356  
-1.314211756  
-2.986341291  
0.46011158  
1.918100836  
2.303321133  
-0.2238003248  
-0.1933853089  
0.9052960259  
1.952158318  
2.943499508  
-0.08306090574  
0.5810728656  
1.513602364  
1.423257522  
-2.824771636  
-5.399860782  
-0.7452733844  
-0.3037818644  
-1.6008422  
-2.490279632  
-3.043539702  
1.737558584  
2.439233728  
1.297257362  
0.3610984279  
-1.504671578  
1.222632768  
2.305869781  
2.637183461  
0.03679007296  
-1.716220522  
0.6479602544  
1.30591883  
0.03791998141  
-2.478429954  
-2.498359464  
1.340850043  
1.57066403  
1.176833011  
-0.6390652003  
-1.708260269  
-0.3936859255  
1.396541946  
3.85291325  
1.122839383  
-1.352377885  
-3.429651987  
0.9664223576  
1.551798838  
0.2499209063  
-0.8670211074  
-2.737067804  
1.17598377  
2.029253124  
3.76359857  
-0.667905637  
-2.239505382  
1.114827992  
3.461044597  
0.3857993579  
-2.002409356  
-1.299058966  
-0.2517068203  
1.008932328  
-2.10937453  
-2.740661796  
1.36737264  
-1.17093845  
-2.630821485  
0.5082989445  
1.964749415  
1.89371908  
-0.4050252389  
-0.3858611245  
-3.159596529  
-0.3690474178  
1.151061987  
-0.8398962484  
-1.740284208  
-3.223269873  
0.3319307623  
2.336497287  
-0.1675766427  
-1.496522831  
1.20954028  
1.32940423  
-1.906987049  
0.6140988853  
1.710860136  
1.505123495  
-0.2955237855  
-0.06575893051  
0.07125300485  
2.160623202  
4.40382812  
-0.04159191682  
-1.767917174  
0.06152092883  
4.024065412  
0.9482922588  
-3.132232354  
0.7916023545  
2.134338301  
-1.324381176  
-2.64071048  
-3.693326274  
-1.082127924  
0.3651215861  
3.083147953  
-0.8406690877  
-0.8297115245  
0.1037088954  
1.405394337  
3.454159023  
0.5056928253  
-1.411449044  
-3.127851094  
0.2121787371  
2.364774248  
-0.5319374682  
-2.970400888  
1.270380644  
3.316840224  
1.263969155  
0.09848131311  
-1.038124735  
2.22701086  
2.673039545  
2.967318493  
-0.6821257928  
-4.506534492  
-1.778685873  
1.523177298  
-3.382398673  
-3.08511547  
-0.6231789629  
0.1889623009  
1.898182659  
-0.884400375  
-2.023237926  
-1.746739265  
2.106480789  
3.17982329  
0.7285903058  
-0.8613177537  
-0.3070219263  
2.538925194  
-0.3589185701  
-4.034609079  
-1.353323599  
1.002160257  
3.278973013  
1.164147287  
-0.7082224532  
-2.020600281  
-0.01575543824  
2.438290793  
1.809979166  
-1.629304703  
-0.9558917696  
-0.7483360566  
1.529859024  
2.954454436  
-1.577503849  
-2.553002196  
-3.462661833  
0.2769653508  
2.090412956  
-1.245123396  
-3.355461254  
-3.31289973  
-0.4413386211  
1.004320633  
-0.213251215  
-0.4272483023  
-0.3108650097  
0.04260019663  
1.456637699  
2.532536106  
-0.2869067242  
0.0006732335306  
1.718498778  
3.910628543  
1.7893683  
-0.6844455883  
-3.154156343  
0.001548601592  
1.237814776  
1.544130544  
-1.833138494  
-2.817377825  
-2.195756904  
0.758167598  
1.103478511  
-1.983022356  
-1.936632019  
-2.956992568  
1.296576584  
3.570525871  
0.9955633205  
-0.3341511139  
-0.7959718042  
2.996479762  
3.101712399  
2.427466951  
-0.3992036651  
-0.9451336238  
-1.639372677  
1.129356179  
2.423170675  
0.7800537633  
-1.288981972  
-2.086660801  
0.3860299646  
3.198137663  
-1.545240641  
-1.348837193  
-2.37706555  
2.321368146  
2.993655366  
1.742300464  
-0.9049715213  
-2.023234022  
-1.805599496  
-0.7287715941  
-1.188274908  
-3.995599058  
0.1718889956  
0.3165997222  
-2.123724574  
0.1079385352  
1.57239286  
3.562831104  
0.4881483435  
-0.1027849757  
-1.268342244  
1.016600124  
2.910424554  
0.4728289234  
-1.30721556  
0.3481761642  
-1.763598844  
-3.89089162  
-1.887908185  
-0.9862695651  
0.4374345316  
-1.613679781  
-2.363175379  
-2.127867981  
-0.1667097051  
0.5872727388  
1.955728412  
0.4736316053  
0.1494512955  
-0.2989140458  
1.343926692  
3.062751659  
2.993896935  
-0.4275321019  
-1.179584895  
-1.676414413  
-0.9504660814  
1.126707419  
-2.24213453  
-1.906367622  
-0.9953217298  
1.330296328  
1.12681549  
-0.7955451205  
0.2696199877  
0.9536263259  
2.568629557  
-0.2356608557  
-1.683353535  
-3.245901812  
0.4108765052  
2.130933515  
1.277846675  
0.6586718223  
0.6881352891  
0.5125425008  
2.118520951  
3.2653066  
0.493680017  
-0.5609620891  
-0.298192026  
0.2461897227  
-0.1207830084  
1.084867603  
-0.5321325907  
-1.626463362  
-2.63473887  
0.6433978508  
1.275749993  
-0.1515519676  
-1.460782374  
-1.717856087  
0.9738767884  
0.59233999  
2.279672719  
0.2193150066  
-0.8002081264  
-1.570673424  
1.829938239  
2.088459593  
3.325811035  
-0.2452915439  
-0.8999645335  
-0.7104775118  
1.103617579  
0.9294687012  
-1.779076872  
-1.583139597  
-3.385208038  
0.3855089886  
2.558342056  
-0.2379749119  
-0.5155398624  
-2.788681938  
1.390478299  
1.789551814  
-0.7443838943  
-0.006447330703  
-0.5651160036  
1.067763202  
2.178888323  
2.999509632  
-0.8157746252  
-2.864505691  
-3.045154251  
1.110746704  
1.427937263  
-2.275851582  
-1.963861466  
-2.823906219  
-0.05237891126  
0.942522216  
0.8683521992  
-1.760278541  
-2.434572297  
0.5562392381  
1.738099645  
0.8295542989  
-0.4124457909  
-2.283140895  
0.5416011421  
1.884928068  
2.243644661  
0.08741712352  
-0.3964704236  
1.086236851  
3.6909865  
0.8548994289  
-1.044625581  
-1.827986184  
1.029472893  
0.7379808036  
-1.353516716  
-2.856690208  
-1.662653626  
0.3406837864  
-1.945067051  
-2.98321508  
0.4966352849  
1.78779051  
2.406222316  
-0.4314186883  
0.2282255736  
-0.4015698671  
1.40291673  
3.118720627  
-0.2318330983  
0.3694888374  
-1.02365996  
-2.103340962  
0.5021931164  
1.214290844  
-2.625603395  
-1.907472771  
-2.229335173  
1.457038896  
2.340439502  
0.3067237379  
-0.4197644009  
-2.326341897  
1.391105761  
3.512822063  
-0.4222051817  
-1.232271331  
-0.1867163505  
-0.169542947  
-0.9566561301  
-1.576908581  
0.1071912936  
-1.19873533  
1.063655141  
1.774106164  
-0.4735856081  
-0.5172153681  
-2.026746735  
1.898490342  
2.315036086  
0.2246440122  
-1.869303025  
-3.064654379  
0.9618235372  
-1.335828271  
-2.354666235  
0.07379128258  
1.716197952  
2.140412945  
-0.4430295359  
0.1245183615  
-2.100672001  
1.802700414  
2.728575889  
1.785740169  
-1.303219888  
-1.134731906  
-0.8375419335  
2.029192614  
2.258609379  
-1.376165774  
-0.9557888277  
-0.5031033408  
2.691561794  
2.414636022  
-1.099594665  
-1.388443963  
-2.905562155  
0.1338399983  
0.9327852535  
-1.773115554  
-1.626548092  
0.3952876164  
3.165931858  
3.307718498  
1.207329151  
1.495127917  
0.04797118228  
0.7148102256  
1.901105011  
-0.46765629  
-1.213742306  
-2.716057511  
0.2490296148  
1.81187555  
0.7512912196  
-2.067615206  
-3.544708129  
-0.1140267312  
1.192318841  
0.3767260454  
-0.7926232425  
-0.4091260908  
1.437660108  
2.972981045  
1.898411366  
-2.377150571  
-2.768973522  
0.03416047957  
0.5700762285  
-2.52965319  
-3.535277013  
0.3405668714  
-0.3144572401  
-0.7168253034  
0.2746202259  
3.094409603  
3.174056145  
1.154845688  
0.351070589  
0.779703187  
1.874255126  
0.5384937662  
-1.919347598  
-2.437154627  
0.7836050479  
1.330452059  
-0.895426374  
-1.323921665  
