-2.309848534  
-0.294120557  
-0.3566328291  
0.8872349105  
1.296633101  
-2.248155023  
0.07622933907  
1.92947618  
2.214263312  
1.708190729  
-1.221219911  
-1.077643735  
-0.03534022893  
0.7428839441  
0.01591572373  
-2.394197182  
0.1144218477  
1.330928212  
0.5978873706  
-1.684949831  
-0.4815687522  
0.5015529791  
0.7923479447  
0.0090559848  
-1.7649789  
-0.311405413  
-0.0864884488  
1.796629734  
0.07029396405  
-2.279429717  
-2.818827229  
-0.7145875768  
1.992417569  
1.723860981  
1.420590587  
-0.9280880812  
-0.6035181695  
-0.3674924412  
2.110908751  
1.057110253  
-0.5441997229  
-2.283464146  
-1.303816984  
1.24769358  
2.006779932  
0.9465474733  
-1.754854893  
-1.108675752  
0.5908392779  
1.501997068  
0.7031708773  
1.202177923  
-1.987483338  
-2.363679756  
-0.5186502264  
1.130002617  
1.06386661  
-0.9236711371  
-2.205007769  
-0.5017776109  
1.699987449  
1.864150663  
0.8616117629  
-2.423827269  
-1.803753276  
-1.316300009  
1.002224406  
1.340109175  
-0.1744331944  
-1.31736611  
-0.2986750064  
2.522757402  
0.6889288432  
-1.584428973  
-0.9800142242  
-0.4742724397  
2.310005345  
1.796377163  
-2.040181915  
-0.8041459344  
0.2765212649  
2.49952115  
-0.05713850437  
-0.9293093004  
-2.617488029  
-0.1860581828  
2.164218926  
-0.1525335935  
-1.99340563  
-0.2730908701  
0.1313410777  
1.369698654  
1.599764852  
-1.400660592  
-0.7541003195  
-0.005516431885  
1.649231982  
1.045640626  
-2.295914745  
-1.135886744  
-0.02806187118  
0.4268999253  
0.2776482392  
-1.26549337  
0.5892206167  
0.8297550918  
0.7177123036  
0.6836237413  
-1.613025627  
-1.564357419  
0.06470989146  
1.344614921  
1.766238641  
0.4559298185  
-2.215233884  
0.4498029957  
-0.8582523109  
-0.05598851538  
0.1646382792  
-2.194701896  
0.2944603247  
0.8203599468  
0.8746667347  
-3.187071076  
-0.7137889579  
2.7097666  
1.84153479  
-0.5166536727  
-0.5112969119  
1.263273842  
3.382875901  
-0.7031805947  
-3.174967224  
-1.980795787  
-0.3232086299  
0.9250132646  
0.5004596123  
0.1236902986  
-1.754153967  
-0.7600490672  
0.749226814  
0.99640424  
0.6499990513  
-2.696743931  
-1.962797175  
0.2254020075  
1.828218348  
0.7937153111  
-3.769853034  
-0.8701838903  
2.010827983  
2.159515638  
0.4717420905  
-2.042009296  
-1.922472671  
-0.1677493806  
1.878806589  
0.1516419008  
-3.054658324  
-2.134805373  
1.031452581  
1.161846278  
1.335726381  
-0.2238018107  
-2.29120699  
0.4478768881  
1.591363183  
1.868037951  
-1.384373056  
-0.3338784213  
0.6858993135  
1.653976022  
1.711140908  
-2.24033572  
1.516736446  
2.032841134  
-1.500795451  
-0.2550540534  
1.22150423  
1.430273749  
0.65884809  
-0.4173472979  
-1.506168645  
-0.00148027074  
1.133902336  
-0.1203681208  
-1.280549592  
-1.769368577  
0.5045121479  
0.9780765916  
-1.208303043  
-1.241966353  
0.5100569218  
2.099446332  
0.3178604986  
-0.4031989532  
1.658872866  
1.716749446  
-0.3835717911  
-3.115299802  
-1.636834138  
1.368171065  
1.21793074  
0.3894299281  
-2.384020365  
0.9261056823  
1.149106587  
-0.4335861076  
-1.807892847  
1.057728736  
1.956298691  
0.3958693983  
-0.7136414888  
-1.742670585  
0.5386560615  
1.515366798  
0.1809996423  
-0.889115861  
-1.9827654  
0.4483650209  
1.500684035  
0.3271319163  
-0.5243403726  
-2.235633504  
-1.379660695  
1.654754711  
2.700218547  
-0.267557428  
-1.199496989  
-1.100110089  
1.908609189  
0.797503836  
-0.5513218466  
-1.887278137  
0.6041896818  
1.325102569  
1.486288718  
-0.4743053316  
-1.987872676  
0.6332773613  
0.9186992123  
0.05031930286  
-2.633044186  
0.1607437816  
1.196782176  
1.24731999  
-0.07864362677  
-2.062059833  
1.195307939  
1.500811077  
1.754247592  
-0.7917601013  
-2.057517022  
-1.628904734  
0.943215395  
1.291722541  
-0.003096148598  
0.7092108511  
0.7471799135  
1.574070506  
-0.6903612657  
-1.974265473  
-1.482236067  
2.176214449  
2.869292324  
1.377560392  
0.1015676743  
-2.369180651  
1.735224115  
2.33316632  
2.649740329  
-0.270259187  
-1.339053227  
-1.061577586  
1.501085162  
3.130854259  
0.2752999878  
-1.085488339  
2.251111998  
2.326814761  
2.500459242  
-1.801138414  
-3.855124135  
-4.595850608  
-0.7290237548  
-0.1357508199  
-0.3180833257  
-2.171372631  
-2.373890466  
1.774221079  
0.9628530771  
-0.6891239504  
-1.224747673  
0.127417721  
2.072856437  
1.242916537  
0.0527808614  
0.2448910039  
-1.024944129  
0.5297894514  
0.6878293553  
1.034362521  
-0.1228029192  
-1.466701367  
-1.421140152  
1.198267158  
2.194871326  
-0.4672034467  
-2.016872078  
-1.18835061  
1.624699848  
1.294718052  
-0.4506478899  
-1.158180118  
-1.471251353  
-0.559562625  
0.7965761288  
0.9729394649  
-0.4925118729  
-0.9491177012  
-1.795825457  
0.4579950468  
0.5948524694  
-0.2252662312  
-2.128794939  
-1.340758491  
1.72895266  
2.177596189  
1.170894421  
0.7377350951  
-2.68684878  
-0.1706187807  
0.8825335044  
0.2896554117  
0.4206595773  
-0.6044906644  
1.021739754  
0.2674974575  
0.08283055719  
1.973556754  
1.543953101  
0.1818767702  
-2.366808782  
-2.063459365  
1.091072219  
2.536629344  
1.312074203  
0.6928338379  
0.553402501  
-1.725857396  
-2.211079373  
0.5467618921  
1.093492878  
0.2423761759  
-2.36428324  
-1.874019329  
-2.579218953  
-0.3386636777  
1.97708936  
0.589247678  
-0.1556218232  
-1.932770636  
-1.711042603  
0.778007737  
2.503274749  
1.195585386  
1.076785429  
-0.9937570002  
-0.5493146135  
1.078474569  
0.6074171011  
0.454200487  
-0.7586474303  
0.0002583701672  
0.3530090246  
0.3265428659  
0.03167530475  
-1.235164545  
1.763293711  
0.8625407864  
-0.4372191078  
-0.9411926144  
0.2072225621  
1.925285536  
1.861315508  
-0.2355386052  
-0.262195534  
-0.02176000796  
1.320171164  
1.603096771  
-0.01958407245  
-0.8848271944  
-1.846373727  
-0.9974101135  
1.144258588  
2.482461243  
1.829942387  
-0.1744703789  
-0.9099781285  
-1.815519253  
0.8280506089  
1.929492521  
0.3829136529  
0.2070107243  
-1.430869987  
0.2961034155  
1.192180874  
0.1865864837  
0.1500076282  
-0.5514731752  
0.3151291564  
2.022042275  
2.443019965  
1.695204828  
1.894949179  
-1.731206562  
0.2189347097  
0.1126631715  
-3.558735766  
-4.63841854  
-4.928617367  
-0.9936843323  
-1.212877314  
-2.190626266  
-2.204482489  
-2.58542391  
-0.8695183418  
1.381191732  
1.003968184  
-0.8751396932  
-1.304552531  
-1.385352174  
1.362264706  
2.419895559  
0.2762686234  
0.0631936216  
-0.2398598587  
2.303200588  
1.179872902  
0.2994913671  
-0.8590714891  
-1.437205276  
1.751965347  
2.557411715  
1.472113666  
0.2173541371  
-0.330742416  
-1.795628668  
0.05397441445  
2.250249554  
-0.07250143815  
-0.5996949058  
0.06030792132  
1.83905858  
0.6794192377  
-0.9507945297  
-1.690330495  
-1.831142589  
1.901733867  
-0.06153092086  
-0.39259483  
-0.9444799484  
0.9083089594  
1.926785509  
2.351110311  
-0.9315832897  
-0.904200783  
0.3422584397  
1.003813865  
-0.2669890616  
-0.9772342827  
1.002961684  
1.68645375  
-0.7196122572  
-0.8135511909  
-1.717740518  
1.349507751  
2.450394371  
0.9326756556  
-0.8484649248  
-2.407641063  
0.7050612492  
1.357443698  
1.597561123  
0.264493756  
0.02772439553  
-1.1795221  
2.251419131  
1.318139981  
-0.3711722435  
-1.665209101  
-1.232511435  
0.8639637743  
0.909702321  
-0.8517163472  
-1.84436473  
-0.9890676287  
1.438975091  
1.802111816  
1.307318083  
-0.5766691641  
-1.829319488  
1.389275607  
1.114452881  
-0.2220883653  
-0.8600577178  
-0.5369687054  
0.8155160288  
2.108452811  
0.9945161076  
-1.001422216  
-0.7594028266  
1.880258073  
1.793125255  
-0.5032302087  
-1.412944081  
0.1243086559  
2.037210858  
0.260709795  
-1.441804622  
-1.574160989  
-0.3842753016  
2.332269837  
3.504732131  
0.9646024994  
0.7645546229  
-1.133027352  
1.791869398  
2.270138372  
-1.9344225  
-4.838740305  
-5.752026915  
-3.280045938  
-1.848552016  
-1.931858917  
-4.721837507  
-3.294087559  
-0.8829476512  
-0.1235009039  
-0.5001082558  
-1.567004951  
-2.934517001  
1.662891684  
2.561539118  
-0.04791183623  
-1.828319344  
-1.443602042  
1.349464577  
2.46930336  
2.264420839  
-1.654845092  
-0.956398952  
0.4622936135  
2.630071683  
2.219655776  
-0.964645441  
-2.006444511  
-1.793490113  
2.780989635  
2.622407639  
-0.3701937515  
-0.129336564  
-1.371913099  
1.078279333  
0.4574094367  
-0.2038632398  
-1.458200735  
-0.166535663  
3.117639091  
-0.2010704279  
0.3932562002  
0.02924828036  
1.91507945  
-0.1084596441  
-1.275157147  
0.8771981773  
1.056078784  
-0.3880575235  
-1.208983106  
-1.28273201  
1.621924817  
2.697531656  
-0.5346125972  
-1.103796308  
0.2035353577  
1.977852924  
-0.6525283477  
-2.393044544  
-2.372892895  
-0.4893835732  
