0.8579832853  
0.8246708391  
-0.2813141077  
-1.052471009  
-1.262452885  
0.4755441872  
0.4549372894  
-0.2229321369  
-0.1518230536  
-0.3731740862  
0.08330326707  
1.54009999  
0.4630625428  
0.7014709143  
0.7564318037  
0.484615125  
-0.2424458489  
-0.571974276  
-1.206081083  
-0.07253883889  
-0.3105354375  
-1.025008961  
-0.9815155918  
0.418724185  
0.2453145616  
0.707287994  
0.1669550538  
0.2956996262  
-0.07674087535  
-0.3352024865  
0.1352877484  
0.1384410945  
-1.243828171  
-0.1254233265  
-0.2128465078  
-1.012048244  
0.4616357134  
0.2418433615  
-0.8622903921  
0.02459150546  
-0.3357008723  
1.125436351  
0.7679605683  
-0.306850619  
-0.3431207797  
-0.001439658081  
0.4509188844  
0.4472992319  
0.1208055166  
0.3547886897  
0.3139099429  
-0.01437574252  
0.107645552  
0.389078108  
0.476567895  
-0.3238130762  
0.1254431491  
0.244686674  
0.856493131  
0.2066240901  
0.2893334272  
0.0251335387  
0.365936414  
1.061622021  
0.368836197  
-0.3485750067  
-0.9814480771  
0.2494776204  
0.8686629173  
0.2441370393  
0.1686853801  
-1.660392912  
-1.314464948  
-1.345546533  
0.0106891225  
0.2590155294  
-0.5985830811  
0.4163500939  
1.336512915  
1.439706568  
0.487536215  
-1.137241465  
0.09163776018  
0.8981090596  
-0.06520435413  
0.9574514688  
1.022629796  
1.510566394  
0.7906535367  
0.475957956  
-1.235560618  
-1.534464451  
-1.537585365  
-1.161188604  
-1.201305414  
-1.709516341  
-0.8830868888  
-0.1582889749  
0.54332459  
0.9307277222  
0.08939782002  
0.3805798779  
0.9376129656  
0.1703039231  
-0.8458266252  
-1.2748349  
-1.409954109  
-0.4606086163  
-1.013099617  
0.1167266426  
0.3033013248  
-0.520807567  
-0.4042768204  
0.3621936418  
1.731664214  
0.9832277612  
0.7351191627  
-0.07500095736  
0.8678801247  
0.9409558065  
0.9991947885  
1.061535971  
0.4442710033  
-0.006109331496  
-1.48587584  
-2.252167095  
-1.464138659  
-0.213180233  
-0.7922288876  
0.2648233206  
0.07182332635  
-0.7007754379  
0.2633149452  
1.626301331  
0.1144931937  
0.4104772895  
1.242142333  
0.4214948441  
-1.140978612  
-0.8160336138  
-0.6899213687  
0.2050380008  
-0.352642206  
-1.10603231  
-1.08370918  
-0.1228954306  
-0.2253176603  
0.3456582198  
0.7685267672  
0.9596305081  
1.224940894  
0.9160004452  
1.14486136  
-0.1691581886  
-0.2252715531  
-0.427303393  
-0.3864709014  
1.36772753  
0.4371273861  
-1.247821422  
0.8925772325  
1.88596947  
0.7709605248  
0.532018181  
-0.3539363904  
-1.581530227  
-1.186087576  
0.1910415619  
0.2966493139  
-0.3823873009  
-1.015815453  
-0.8261900449  
-0.4540522121  
0.1196904478  
0.2130956439  
-0.3492301453  
0.2488564052  
-0.2556056142  
-0.6618541172  
-0.855253569  
-0.04115807673  
-0.2392414714  
1.114579446  
1.0669155  
-0.8421771574  
-0.8221901499  
0.08284434489  
0.2729174713  
0.005176051911  
0.6454990211  
0.6178628425  
1.11043945  
-0.1907972065  
-0.9199965211  
-0.04538500831  
-1.21848853  
-1.316650754  
-1.258704888  
0.418780834  
1.30703576  
-0.6357574768  
-0.1496348353  
-0.4719226228  
0.7496167533  
1.307644891  
1.319852537  
1.038453508  
0.6643669615  
0.03294954313  
-0.8904840098  
-1.138602868  
-0.7253538264  
0.7665664538  
-0.3951715678  
-0.729296663  
0.289574765  
-0.2152742606  
0.5081070746  
2.031286089  
0.8438893026  
0.3852013441  
0.5727027238  
0.5763632471  
0.63960148  
0.317004074  
-0.9285454452  
-1.531495855  
-1.95418114  
-0.7731966576  
-0.6287862844  
-0.2942474318  
-0.002786514505  
0.168994618  
1.338656459  
0.2575717285  
0.03217806104  
0.08491033371  
0.3594323404  
0.5306884614  
0.1827756393  
-0.4190335769  
-1.273376043  
0.2586874863  
0.2171849842  
-0.4271650274  
-0.4389643272  
0.8100721118  
0.5623803797  
-0.04108800245  
1.039827714  
1.167099664  
1.319481915  
2.104888574  
-0.1627953753  
-1.107654774  
-1.268119366  
-0.7423207901  
-1.549774937  
-1.898954693  
-1.395303555  
0.097715825  
-0.4330579442  
1.121327056  
0.7200853374  
-0.1597207299  
0.2936349054  
0.09896647943  
0.1318994973  
-1.313730631  
0.0839703314  
-0.5665454733  
0.3340513782  
0.4038180129  
0.4482363354  
0.5298176607  
-0.2284586555  
0.71154074  
-1.188707717  
-1.738366131  
-0.4975398738  
-1.175574705  
-0.9131605726  
-0.9656480449  
0.2267097454  
-0.2568602414  
0.7924250695  
1.775722172  
2.747702743  
1.193435025  
0.9984228333  
1.051135155  
0.458264995  
-1.152825116  
-0.6176319128  
-1.72971017  
0.2601548365  
0.03312832756  
-1.31234674  
-0.3366527606  
-0.2963636703  
-0.5928469937  
-0.2231417838  
0.5535821571  
-0.01098277095  
1.348784168  
0.9553764507  
1.155838142  
0.2449254938  
-1.418593044  
-0.3359069827  
1.045445795  
1.668116806  
0.7652417235  
0.4342267908  
-0.8490073534  
-1.044271547  
-0.3724663275  
-0.3638375958  
-1.575843807  
-0.5599948109  
0.5038010337  
2.113656241  
0.4907294836  
0.6842002968  
-0.1130933149  
-0.04540339217  
-1.75002361  
-1.312733173  
-0.194287406  
0.4192355322  
0.5292707857  
-0.9338216534  
-0.4316259509  
-1.234574534  
-1.859767357  
-0.9273990231  
0.1646742908  
0.1339869943  
1.481675802  
1.419784836  
1.298456171  
0.9302340609  
-0.1162912419  
0.3713880196  
1.097293083  
2.05280806  
1.237579071  
-0.1405210118  
-3.623236177  
-0.3482997597  
-1.384163497  
-1.787236469  
-1.521188908  
-1.605773269  
-0.4297968799  
-0.6633232634  
-1.600151346  
-1.383127561  
0.04976921754  
1.554956581  
0.9786687862  
-0.2605768062  
1.371847817  
0.7073320363  
0.3998407694  
0.5852131946  
-0.9976138735  
-1.05067861  
-0.5444312187  
0.9005443064  
-0.2904138586  
-0.4923042914  
0.5491787448  
-0.6244348446  
0.2995771896  
0.6171167255  
-0.03931397536  
-1.027109158  
0.7107016133  
1.099939951  
1.108188079  
0.544975717  
-0.1442825009  
0.4823037908  
0.0327648381  
-0.3869424941  
0.09472328928  
0.2609861396  
-0.2120509399  
1.698056947  
0.6940532  
1.227374025  
0.6037879072  
-0.2485471344  
0.3459960291  
1.111479604  
0.5459063347  
-1.27008228  
-1.859928593  
-1.129136646  
-1.406750148  
-0.662820669  
-0.3345912611  
0.3766214279  
-0.0263051517  
-0.06424831307  
1.874106072  
1.778261089  
1.380188336  
0.4570870439  
-0.3512948987  
-0.5772469779  
-0.1626637167  
-0.7298508086  
-0.2919747655  
-0.7772138367  
-1.022291844  
0.6243688895  
-0.04113622446  
1.337503798  
1.597786987  
0.5022968711  
0.6136226885  
-0.4363528344  
-0.09986810138  
-0.4830022406  
-1.819327612  
-0.2447886257  
0.8805788569  
1.252743675  
0.8026064163  
0.1126694433  
-1.063336488  
0.5596360841  
-0.1221218456  
-0.6772836522  
-0.4229684499  
-1.627172467  
-0.2016159545  
0.1538588492  
-0.7940532386  
-1.403375455  
-1.577784593  
0.1198219824  
0.8388935306  
0.7594892235  
0.7753299191  
0.317617653  
-1.344720633  
0.02025049128  
-0.4679206997  
-0.05581701053  
-0.1489031019  
-0.102462227  
1.568715278  
1.715050555  
0.9754945792  
0.06359782546  
-0.3463644583  
-0.4723261457  
0.8698302351  
1.065758002  
-0.9645212001  
-0.7330297473  
-0.03462747666  
0.5285462164  
0.1222913356  
-1.925888095  
-0.9152905105  
0.6330518262  
-0.6663908731  
-2.590577445  
-0.714125204  
-0.1988032215  
1.270186119  
1.068380398  
0.429421601  
2.129188269  
1.217974623  
1.887636338  
0.624192024  
-0.9311030221  
-1.10583719  
-2.513106963  
-2.175236558  
-0.6728450033  
0.05920867127  
-1.469785466  
0.8053716537  
1.473005976  
0.6418102853  
-0.2104529931  
0.782367279  
1.015300012  
0.6333344797  
-0.4594734826  
-1.580736362  
-1.597620313  
-0.1288583572  
-0.8454114854  
-0.431859952  
-0.0940041273  
-1.003666709  
1.059924271  
2.038701713  
1.369847683  
1.352776026  
1.197959696  
0.09733556984  
0.7879815312  
0.1470107174  
-1.423413585  
-1.933586866  
-0.3130368105  
0.2556152081  
-0.221686231  
0.04337350404  
2.006806754  
1.296717727  
1.526161817  
1.385619565  
0.2909487603  
-1.44465876  
-0.7254762303  
-1.372361908  
-0.53661035  
-0.4139655042  
-0.9154755487  
0.2028005611  
0.4244795157  
0.5550908024  
1.108550685  
1.506009805  
0.2558008191  
-0.3391430165  
-1.368564149  
-0.4761984727  
-0.3591418801  
-1.147789275  
-1.389633696  
-0.7122223231  
0.3279729321  
0.1380196097  
2.113611998  
1.89413509  
1.889205282  
1.839612111  
-0.4677176086  
-0.8885624643  
-0.6778425648  
0.4708987556  
0.07046587064  
-1.509767813  
-2.295959247  
-1.023706571  
-1.305351024  
1.095860536  
1.075009824  
-1.730170805  
-0.5370174093  
0.280077764  
0.9579290024  
0.7854863329  
-1.240515383  
0.1790816595  
-0.1540191242  
0.79182168  
-0.1761770567  
-0.387181924  
-0.4866613622  
-0.8693853158  
-0.1416252746  
-0.9192495467  
-0.04552179796  
-0.2987466526  
1.272177808  
2.095326169  
1.617543868  
1.720196933  
1.119389992  
-0.4442422426  
0.1693847133  
-0.2494313876  
-0.2776359398  
-1.311826854  
-1.220091375  
0.7086734128  
-0.3464767728  
-0.252866645  
-0.2554610883  
