-1.334479758  
1.098507752  
1.339638995  
-0.3085026483  
-0.7379652042  
-0.9848845383  
0.8735407751  
0.5146543536  
0.8248107369  
-0.1867599506  
-0.4808116854  
1.064867099  
0.285425601  
-0.5598328562  
0.3378467949  
1.302165827  
0.3391112607  
-1.2303621  
-1.90712398  
0.4259507706  
0.6959940666  
1.322138605  
-0.2272605802  
-0.9073405602  
-1.627441585  
-1.143743063  
-0.2235621535  
-0.4390139051  
-1.405848258  
-0.3942073975  
1.04727665  
1.112447404  
0.7851751848  
-0.7643365092  
-1.619432246  
-1.366616994  
-0.04614421874  
0.7958984103  
0.634775641  
-0.7948874935  
-1.544361869  
0.5466375153  
2.147005896  
1.671378817  
0.08805564392  
0.1286638157  
-1.278451917  
0.9512903581  
1.396388521  
1.211162589  
0.1256290093  
-0.5353060968  
-1.59511468  
0.9807921024  
0.8053751953  
0.003502064233  
-0.3433249106  
-1.356175923  
0.9762167762  
0.8379537427  
1.207689231  
0.1495807231  
-0.230212252  
-1.081132566  
0.02245825626  
0.1777270723  
0.6054094601  
-0.4883582621  
-1.524623624  
-1.372269291  
-0.5392610882  
0.2469820051  
-0.5883085653  
-1.871287323  
-0.7812258737  
0.4136726365  
0.4433416403  
-0.8521667748  
-1.627964613  
1.156739262  
0.7739688498  
-0.1940088998  
-0.8572847218  
-1.436942799  
0.4133027918  
0.716551017  
-0.1372064974  
-0.6089327688  
-0.5739962705  
0.9558926766  
0.7956570223  
0.5174414926  
-1.542820824  
-1.450040125  
0.2246186127  
0.4454601762  
0.3168351144  
-0.1814932186  
1.099073024  
1.059065764  
1.737006098  
-0.250993519  
-0.4769054525  
1.049731826  
1.282451663  
2.347465422  
1.140374909  
0.2282045196  
-0.8435508606  
2.728623421  
2.653687295  
1.594716964  
0.166947758  
-0.587527332  
-0.4921687821  
1.893781113  
1.653732306  
0.6547573243  
-0.5699972286  
0.5238388049  
0.5391120707  
-1.027241547  
-3.164418478  
-0.1598357873  
0.2259002813  
-0.730242766  
-1.590560262  
-1.268914854  
1.301695592  
1.54907389  
0.869882604  
-2.786788861  
-4.372588323  
-1.420934997  
-1.350225363  
-2.107813811  
-2.446902272  
-2.473081128  
0.5188902451  
0.7351682111  
-0.0921148948  
-3.129619732  
-2.531798725  
-0.3207933378  
0.7930015639  
1.355293265  
-1.003586135  
-0.6161094625  
-1.029860552  
1.722261724  
2.902032016  
1.347181455  
-1.547357267  
-0.4621985395  
2.124833029  
1.439960248  
0.2316046654  
-2.740843264  
-0.7094457933  
2.587611639  
2.375804047  
2.478783163  
-0.4958102049  
0.6776358976  
0.8741407358  
2.071331829  
1.709623169  
-1.051406961  
0.1690603018  
2.047880029  
1.28908919  
-2.001450567  
-1.720491758  
1.113254546  
1.383019233  
-1.411935291  
-1.455832545  
1.510712034  
1.120700382  
-0.167849785  
-1.104018047  
-2.060266014  
0.0961511555  
1.495446895  
-1.286117207  
-3.775074621  
-2.093748338  
1.78530059  
1.556867223  
-0.3104463271  
-1.630358642  
-1.275711253  
0.6369332951  
-0.7345277836  
1.110291714  
2.432327107  
0.08819700672  
-1.460336409  
-1.976110676  
-1.655398105  
2.105916727  
1.845984409  
-0.745948923  
-0.9155569224  
-0.6317507768  
1.894072984  
0.06094181572  
-0.2812294655  
0.7587985501  
2.346902557  
-0.8527768865  
-2.038184679  
-0.7792551753  
2.399272218  
1.286122065  
1.06212911  
-1.027520976  
-1.314518795  
-1.853353344  
0.7742252528  
0.008273588072  
-1.639193978  
-0.1730307696  
-0.7520566482  
2.42528325  
1.585644421  
0.07734662397  
-0.297485666  
-0.2791951252  
1.754468899  
-0.0311782555  
-0.921862024  
-0.5235315483  
1.590308762  
2.62452929  
0.5115804914  
-0.4933519994  
-0.2312319454  
-0.7767050038  
0.7734448788  
-1.284728386  
-0.6967849272  
-1.119041543  
0.5681602843  
0.4819185158  
-1.440761904  
-1.34040596  
-1.038083094  
2.693736743  
1.05309363  
-1.193061537  
-0.3670427529  
-1.114325907  
2.560597352  
1.75770115  
0.1849658533  
-0.420754731  
1.942385095  
-0.1773290525  
-1.206091489  
-0.6458683436  
-1.431371212  
1.317845408  
0.4162775309  
-1.723462268  
-0.4761668898  
-0.3152318592  
-0.2591261418  
2.077500893  
0.7828992161  
-1.168439616  
-0.9896826799  
-0.4415327129  
2.293608782  
0.5866448088  
-1.252015524  
-0.3203834315  
-1.452553576  
1.401868948  
1.514670703  
-0.5025674197  
-0.3325409751  
-1.539610318  
-1.297490872  
-0.15812963  
-0.9992223502  
0.2416086464  
-0.110956531  
-0.6768683662  
0.6910150773  
-0.05315868743  
-0.2523823636  
-0.2557254094  
2.152415181  
0.92868069  
0.8374800854  
-1.273203753  
-1.914197998  
-1.552078185  
0.3017614304  
-0.2748423998  
0.1404968695  
-0.04393759287  
-0.8327719381  
1.21384991  
0.8129789395  
-0.3064127821  
-0.7144836776  
-0.03132086364  
2.218326469  
1.502071995  
0.4693556697  
-1.115757364  
-0.4332467815  
0.5554964952  
2.288293748  
1.034049935  
0.5112030726  
-0.3889029176  
-0.5053103817  
1.26951286  
0.9862283822  
-0.4005253458  
-0.283874822  
-1.452047975  
0.9482400402  
1.531863605  
0.9356225999  
-0.7978006061  
-1.454162324  
-1.456890302  
-0.09469202677  
-0.9010712384  
-1.522997076  
-0.6722398872  
0.007859343025  
-0.697941134  
0.5157418305  
1.247366542  
-0.3287888148  
-0.3761410236  
-0.8051748859  
-2.321912004  
1.181111353  
0.8583825392  
-0.1396559493  
-0.8690785466  
1.990768986  
11.39716742  
0.7890919225  
-2.544894237  
-0.7418834936  
-1.082449769  
-0.7169954217  
-0.8103470514  
-0.5778196507  
0.001991602485  
0.1543576291  
0.985131038  
-0.7317864843  
-0.9874809245  
-0.7696069161  
-0.2325708524  
0.7405682238  
1.058564876  
0.1513473138  
-0.7099382815  
-1.031911996  
0.6095400193  
-0.1023520678  
-0.5005285782  
-0.08444945979  
-1.484958223  
-0.2710203239  
-0.92835506  
-0.7304514921  
0.458343069  
0.3741185374  
0.07626461705  
0.1128410627  
0.2661285515  
-1.218477431  
0.1136320969  
0.03258845341  
-0.4933017165  
0.5441161791  
0.2628131717  
2.059177426  
1.901148178  
1.305272741  
0.7114012072  
-0.04982225374  
-0.2876014518  
1.141799792  
1.96527986  
1.886311644  
0.7412814063  
0.2616943348  
-0.3903291867  
0.301111576  
-0.1032491001  
-0.4820415419  
-0.4590119247  
-0.4468182856  
-0.1268657064  
0.06766062114  
-0.3962940426  
-0.9686775899  
-0.6145397199  
-1.758915881  
-0.2960704346  
-0.819528193  
0.8790605887  
0.1884446914  
-0.2902329407  
-1.334153815  
0.5831980732  
1.069470107  
0.05707380171  
-0.5483413828  
-1.679810984  
-1.859888566  
-1.187822712  
-0.02319440688  
1.224972595  
-0.8963078496  
-2.133881484  
-1.550041627  
-0.8385965685  
0.5298310505  
-0.6800538955  
0.6253265108  
0.9882350599  
0.6840244336  
0.4632880999  
0.4051486045  
0.1004594813  
-0.61506382  
-0.3071752086  
0.1386424784  
0.1245661316  
-0.7122560319  
0.167605747  
-0.1294132719  
-0.1254291776  
0.7488240355  
0.8215488868  
-0.02881114225  
1.258502829  
0.7655802633  
0.4203433233  
0.3930473165  
0.7796159061  
-0.9871533638  
-0.8101484417  
0.3302605576  
0.2638685529  
-1.290124404  
-0.7441312311  
0.2255328478  
0.6511216226  
-0.6621352283  
0.6176276012  
-0.513944162  
-0.07191360296  
1.149805686  
0.4486156619  
-0.01317202752  
-0.5846382631  
-0.4920204265  
-0.3253613346  
-1.27736996  
-0.6907283784  
-0.6947235924  
-0.007564928647  
0.07472940536  
0.4390022413  
0.7261173239  
0.5673443875  
1.88150236  
-0.1281862363  
-0.07678377664  
-0.8234065283  
0.6409581858  
0.379154574  
0.8171056283  
-0.599555969  
-0.05353841505  
-1.079027788  
0.2467545132  
1.395116622  
-1.306467092  
-2.415697707  
-1.768531831  
0.5430081932  
1.670562661  
0.4979704089  
0.6645700884  
-0.3160551279  
0.547448615  
1.055287474  
-1.198585217  
-0.8283814081  
-0.4812311449  
0.496762156  
1.508034153  
0.1699274523  
-0.05578907506  
-0.796703073  
0.7785441149  
2.315792387  
0.4760167589  
1.067937055  
-0.8041907934  
-0.7658117992  
-0.2015281477  
-0.9315660239  
-0.3350221106  
-0.7406920604  
0.5187736803  
-0.2559822876  
0.2994756782  
0.492769816  
0.9443129343  
0.7988910854  
0.3491650338  
-0.5911098028  
-0.01475177199  
0.567130123  
-0.8335844628  
-1.134038383  
-2.283225169  
-0.8292341077  
-0.3418747575  
-0.1522739499  
0.3646223292  
-1.86327802  
-1.422406101  
-0.7466893117  
-0.6550567746  
-0.2625247481  
-0.3251341277  
-0.4289404388  
0.08066226076  
1.258550385  
1.540837176  
0.8463496747  
0.01874387275  
-1.202260622  
0.5477136691  
0.4775976969  
0.5168853292  
1.395310275  
-0.4257610616  
0.6967372581  
1.320582869  
-0.1257157947  
0.1243207846  
-0.9032676663  
0.7862046174  
0.8501234672  
-0.7986410015  
-0.5360153064  
-0.06880283268  
0.1002922296  
0.3498684121  
0.0251375584  
-1.7501696  
0.2553167458  
0.2032093241  
-0.3900284004  
-1.453462364  
-0.3701018579  
1.335644836  
0.4445013591  
-0.3327904414  
-0.3773658719  
-0.6451225033  
-0.1390017936  
-0.3787829397  
2.360998792  
0.4910606808  
0.4310725908  
0.4366667996  
-0.7036068267  
-0.5363340578  
0.1243607822  
0.2648725375  
0.2522983049  
-0.7606614977  
