1.45536328  
0.1685369093  
0.3293349872  
-0.3904348481  
-0.6794367188  
-0.7770502191  
-0.8990708183  
0.8848136427  
-0.469565791  
-1.471946687  
-0.9537593648  
-1.189790425  
0.219218628  
-0.5647624484  
-0.4813255542  
0.1105870663  
1.527603822  
1.295390638  
0.5320309653  
0.6999930392  
0.7015906132  
1.286871998  
0.6047858174  
0.09328748918  
0.733878676  
-0.7879992934  
0.2953325163  
-0.1505107793  
-0.6215573122  
-0.7280166451  
-0.02813343103  
0.0440351682  
-0.1772779412  
0.9733399792  
-0.8407145106  
0.04357599899  
-1.702416768  
0.5930878075  
-0.3931852776  
-0.9963977767  
-1.493824416  
-1.181131133  
-0.7068516941  
0.454086013  
0.3771735341  
0.4998769122  
0.03029093629  
-0.3021087918  
1.243199498  
-0.143663216  
0.6787487993  
-1.335778544  
-0.7230017285  
-0.1302818142  
0.9393383802  
-0.1642709111  
0.7281724125  
0.2470956951  
0.04087352774  
0.5743427335  
-0.007227853533  
0.357406241  
-1.334815685  
-0.7386863695  
-0.6353599097  
0.858992045  
-0.3315390348  
0.5873655273  
0.3583662149  
-0.3481987952  
0.9246714778  
0.2050973797  
0.5458845835  
0.750992173  
0.2363059183  
0.8312575865  
0.08180380219  
0.08469482567  
-0.4469876338  
-2.12239279  
0.2589888373  
-1.576405041  
-1.123275564  
-0.1960917831  
0.1523577745  
0.6392016649  
0.01430418219  
0.7030378062  
-0.3493082512  
-0.3587965392  
1.396922135  
0.8720169775  
0.5238868449  
0.3636054665  
-0.3074233035  
1.39578953  
0.4468489307  
-0.5142882076  
0.2067506313  
1.346038297  
1.295972177  
-1.194701703  
-1.667893697  
-0.8904894411  
-0.3957793459  
1.967383063  
0.06642508101  
0.2656665331  
0.4758866119  
0.9800279462  
1.413794096  
0.06628357718  
-0.1028318255  
-0.9161452992  
0.4135165919  
-1.701924765  
0.0139629883  
-0.04091686851  
0.07279762679  
0.7198006553  
0.6902859659  
0.03832585144  
0.2360097116  
0.1669479488  
0.6914872967  
1.532878387  
0.8546866807  
0.06377093459  
-0.05239166442  
0.8648726151  
-0.01148518986  
-0.880950857  
-1.923996827  
-1.510596459  
-2.558831543  
-1.209215616  
-0.05485432201  
-1.227799616  
-1.335871145  
-0.8221359459  
0.1375969962  
-0.9329761102  
-0.4288961191  
-1.379943148  
-0.6769339483  
1.468308316  
-0.4832612576  
-1.520147299  
0.08148688416  
1.152315771  
1.878136095  
-0.3628835438  
0.6877067612  
0.4623013383  
-1.132143266  
-0.6197884019  
0.2507122056  
0.2412769219  
0.2799493821  
-0.2209047075  
0.188683059  
0.1068893735  
-0.3051807475  
0.7287937054  
1.020637868  
0.08634086964  
0.9865986935  
-0.7930365342  
0.4706532542  
-0.8731169671  
0.8635484443  
-0.1673440617  
0.4970403706  
0.6363513346  
0.5920557965  
-0.3144550993  
-0.6900722236  
-1.116655007  
-0.5219143019  
-1.890954661  
0.7858700045  
-0.02139481305  
-0.4453439058  
0.6331183141  
-0.5129890562  
0.7420227635  
0.1922251378  
0.5420966069  
-0.03960221511  
-0.2016860813  
-0.4028429977  
-0.5393978226  
0.1411826613  
-0.3340834507  
1.258992961  
2.084340369  
1.448298463  
0.5585875433  
-0.1594766678  
-0.5235666684  
-0.4798301569  
0.7128821861  
-0.4272880162  
-0.7227900288  
-0.8102481482  
-0.2095932773  
0.4856013732  
-1.853740404  
0.4821674204  
0.9548615464  
0.1520487154  
0.1990775003  
1.230858909  
0.3117502832  
-0.6863123459  
0.05674470181  
-0.4809398461  
-0.4525324247  
-0.402044908  
-1.31571907  
-0.6970763936  
-0.3127654356  
1.334369394  
0.5851629233  
-0.03687443761  
-0.2594852873  
-0.5176658719  
0.5035939052  
-0.5414687324  
0.4786381789  
-1.129931079  
-0.4524150838  
-0.9393769471  
0.523519131  
-0.2705879673  
0.6029364888  
0.7382693996  
0.4881450538  
0.75357828  
0.5588635271  
0.7679322201  
-0.7911412847  
-0.297629604  
-0.2223190217  
0.6280179119  
-0.2047902506  
0.1551334525  
-0.112844843  
-0.7744277318  
-0.09044100102  
-1.182209104  
-1.205739439  
-1.717888705  
0.1883980355  
0.3795977503  
1.873851298  
-0.2233538372  
-0.05308174596  
1.487164805  
1.981766766  
1.670231289  
0.5984743411  
0.3657550256  
0.3787713194  
0.293405589  
1.441752489  
-0.186323991  
-0.5979210202  
-1.396412016  
-0.0486466847  
-0.3434998281  
0.6747960908  
0.9121060416  
0.1620936478  
-0.9334729057  
0.89799101  
1.182300164  
0.3642417448  
1.227229492  
0.6593494417  
1.223616956  
0.1650074038  
-1.763215687  
-1.390209694  
-1.519733368  
-0.8344450913  
-1.330067445  
-0.9427658478  
-1.076112354  
-0.1275341808  
-0.1738943286  
-0.006532515703  
0.05454423698  
0.8503157173  
1.149946123  
1.249709802  
1.1107904  
-0.4760716328  
-0.6295334173  
-0.789624832  
0.3213611178  
0.1761534697  
-0.3000170429  
-0.7969056448  
0.4831060491  
-0.2592173443  
-1.898439278  
-0.8986100123  
0.4413366663  
1.346919689  
-0.5006921091  
0.8280896744  
-0.186670959  
0.06535289231  
-1.266766593  
0.09651392759  
-0.1140566897  
1.687838753  
0.002374979416  
0.5269712697  
0.03478456748  
-0.2107691606  
-0.7224386221  
-0.02203217012  
0.1689489216  
0.2806817998  
0.7824770976  
-0.1320219093  
0.641005293  
-0.3937244304  
-0.1765666334  
-1.132980102  
0.4883782375  
0.8354615484  
0.5782210216  
1.407339737  
1.080522459  
0.687247569  
-0.5076919909  
-0.8736389807  
-0.0262580054  
-1.548749094  
-0.5075433489  
-0.3521884071  
-1.410140791  
-1.061396309  
-0.4044983551  
-0.3741975228  
0.4659044353  
2.626278595  
1.27799402  
0.3799757428  
1.196436572  
1.552081334  
0.5533421606  
0.06459276581  
0.8520986461  
0.05742241525  
1.132764103  
1.590950289  
-0.7081759533  
-1.650350964  
-1.394863586  
0.3687123561  
-0.4797524267  
0.2359167801  
-0.8210767315  
-0.5676930938  
0.6870457458  
0.7103541995  
-0.3537109699  
0.1809419153  
0.01366343394  
-0.459131645  
0.02135519712  
0.008074703067  
0.2521091743  
0.1139884774  
-0.256482358  
-0.47830759  
0.2686526579  
-0.1495333051  
0.03441556475  
1.363147287  
0.2715381663  
0.4661385755  
0.1221959864  
0.3477562217  
-1.700775396  
-0.7732266454  
-1.100370471  
-0.3489781239  
-0.7177834564  
-0.2020227965  
-0.3721957374  
0.28757419  
0.005497665968  
1.182495596  
0.6667943892  
0.7578405654  
0.5029915652  
1.010386743  
0.4608840402  
-0.4523282095  
-0.1606525493  
-0.2089865319  
0.4491335087  
-0.3472471951  
-1.223628505  
-1.30531071  
-0.372745297  
0.8058934476  
1.565506329  
1.270220814  
0.6394781244  
0.3549434382  
0.790917451  
1.379845102  
-0.5231802944  
-1.942941187  
-2.582007932  
-2.88516452  
-1.634354907  
-1.787281334  
-0.5161144339  
0.3608820984  
-0.657031623  
0.9262484945  
0.3380590572  
0.4840943379  
0.2329990496  
0.5364289721  
0.07443989233  
0.4851726959  
0.6456309039  
0.230663195  
0.6051330887  
-1.028686847  
-0.8840168178  
0.3088042123  
1.965903288  
0.06480401502  
-0.09354675836  
0.4491352352  
-0.5718274145  
-0.025273127  
-0.5181175407  
-0.2942726808  
0.2481771948  
-0.04169426729  
0.4174734214  
0.4788231804  
0.8573460355  
0.163646126  
-1.239608771  
-1.424255231  
-1.458169896  
0.1020512728  
-1.35300495  
0.3522028057  
0.5552047628  
1.303724729  
0.1220917226  
0.3813399521  
0.7715441939  
1.133110507  
-0.4410751854  
0.4919123889  
0.09790765757  
-1.54867053  
-0.1802649219  
0.7771843804  
-0.3319746094  
0.36192796  
-0.1387608705  
-1.111303923  
-0.6786692045  
0.4888208316  
0.2902339024  
0.8210958029  
0.3371832416  
-0.4412445852  
1.280299508  
-0.1220366728  
0.8080311829  
-0.0523629206  
0.4154700866  
-0.8990342225  
-0.4115824798  
0.4056942658  
1.252815029  
-0.2342411222  
-0.7208336205  
0.159931114  
-0.7745794942  
0.2480034827  
0.2460765324  
-0.368197605  
0.5622506038  
0.9352024564  
0.8328890966  
0.6595262086  
-0.832767827  
0.1041709121  
-0.2506207983  
1.379487556  
-0.008872790156  
-0.8573872254  
1.266003857  
1.589506614  
1.442982544  
-0.05272233848  
0.3678586195  
1.244225792  
1.004075639  
0.406378624  
-0.8372224047  
-0.668304489  
-0.1728472356  
0.198228379  
-0.4058413675  
-0.3711663136  
0.2437560245  
0.02907308484  
1.524881578  
0.5712082945  
0.4282383109  
-0.7880288487  
0.9483482571  
-0.4656808175  
-3.085944612  
-3.664855643  
-3.216562072  
-1.457104027  
-1.599893476  
-1.381474836  
-0.4350323863  
-0.620049937  
0.124194633  
-0.2575552932  
-1.000085549  
-0.8820911695  
-0.4597894329  
0.433960036  
-0.1412398916  
0.2279645066  
-1.618933593  
0.4366195173  
-0.02695208142  
0.1550390853  
1.300199959  
1.715679122  
1.217798699  
1.384551304  
0.4970548085  
0.8068480912  
0.6263510077  
-0.09087126498  
0.1100895861  
-0.9458252492  
-0.5237131535  
-0.4148415972  
-0.4110581562  
-0.07370273944  
0.5924168729  
1.11901626  
-0.1554073301  
0.3496257391  
-0.8309294705  
1.257852068  
-0.9935277266  
-0.1081969485  
0.4347555356  
2.022962343  
-1.504544395  
-0.9379383002  
0.4424391324  
-0.1110874324  
-2.287160497  
-1.09958558  
-0.4756814653  
-0.2752308814  
0.3244275626  
0.2741893091  
1.279076658  
0.4701690367  
0.8516890402  
0.2531669036  
0.3402245677  
-1.2397303  
