-4.308562028  
-0.1665147218  
4.181920616  
-0.8325433603  
0.7373794563  
-2.858855502  
1.948542008  
4.67435292  
-0.79634545  
1.194467903  
-4.344235426  
-2.847932355  
3.201552246  
-2.419994557  
0.04564269177  
1.971472772  
4.103400682  
-0.9892432187  
-1.268596254  
-0.8082147783  
-1.186901531  
3.501592773  
-1.289453281  
0.6693464222  
-2.791172114  
-0.6622968905  
1.968891386  
0.4551389198  
-2.720541608  
-2.057957385  
1.768341743  
1.710158585  
2.924000824  
-0.5922340095  
-0.540828788  
-2.672769793  
-0.5818413818  
2.00158591  
0.05210074974  
-2.37710138  
-2.729567723  
-1.552426789  
-0.3461267797  
3.008317641  
-0.3011777257  
1.044526169  
-2.138752674  
1.424738898  
0.1259427828  
2.061590616  
1.501091596  
-0.7290992482  
-1.417966314  
-1.578598319  
4.624174799  
0.6935825335  
0.02024458251  
-3.524188119  
1.097998338  
0.8814466365  
3.759003367  
0.210299756  
0.1402813915  
-2.929847976  
-0.625410143  
2.48929105  
-0.8424536351  
-0.1417728728  
-4.377264617  
-1.489136285  
1.845627924  
2.210422606  
-0.5123513053  
-3.733974803  
-2.286105077  
2.857948035  
-0.572791753  
0.3332291036  
-3.043280843  
-0.1150932426  
2.109643811  
0.5550210115  
-1.274819222  
-2.990058446  
0.4433991946  
-1.018483198  
-0.9352070295  
-0.6233680056  
-2.603440507  
0.9779427345  
1.625635793  
0.7017745614  
0.4595085495  
-3.805097544  
-1.179228548  
2.068324732  
0.07332603416  
0.7310854211  
-2.811381138  
-0.8173523135  
4.59854793  
-0.5109645458  
-0.7285026407  
-1.35013762  
0.7428263687  
3.280644987  
1.330793001  
0.6594106188  
-2.912813611  
1.21543616  
0.2364745033  
4.674434085  
2.065258982  
1.121177596  
-3.282296814  
2.609127202  
2.354385272  
0.8775573564  
0.4316019931  
-1.486151895  
4.569858698  
1.946770433  
-0.4744241175  
-0.60501099  
0.4622466309  
0.7957985679  
-2.167216923  
-3.917984648  
1.530655924  
1.091618501  
1.350857176  
-4.751294734  
-4.844019826  
-2.224771056  
-2.722454418  
2.139797746  
-2.178163481  
-1.590439782  
-0.507332654  
0.1319557101  
4.034967363  
-1.006955885  
-2.149139751  
-2.468734054  
0.4587943188  
5.469252641  
1.186686394  
-1.592076564  
-3.420273494  
-0.1704886199  
3.728653692  
1.877878976  
-2.000985565  
-2.579099455  
1.544412694  
0.24839807  
0.7713091251  
-3.449880854  
-4.270591347  
1.680802248  
1.159336629  
5.826160975  
3.292395477  
3.15618949  
-1.08739899  
2.559324874  
1.671096646  
-1.508362571  
-2.905276378  
0.3918784986  
2.926779795  
-0.3547108366  
-1.209679525  
-0.665861859  
-0.7371157142  
-1.13151615  
-3.14189273  
2.102017695  
2.261955706  
2.829902993  
-0.7032179882  
-4.017781914  
-0.3415735426  
2.363072106  
1.309863077  
-1.599613701  
-3.159347264  
-1.115719726  
-0.06837694522  
2.13344073  
-3.423997322  
-3.355123468  
2.244024241  
0.4525159725  
-0.4906424285  
2.473685777  
4.139151659  
-2.279625131  
-2.669570415  
-2.542605112  
-1.751050943  
4.48607576  
0.4130935759  
-1.041432305  
-4.031340688  
1.854951399  
2.358275255  
-1.443198443  
-0.0137345246  
2.799955961  
2.602641998  
-4.096274882  
-3.39399634  
0.7452628923  
0.6829500131  
5.071262059  
0.02056580875  
0.6918058561  
-4.104053258  
-1.373646757  
1.020767481  
0.0638112668  
0.9085207453  
-2.079857671  
1.141456007  
2.064751105  
3.448551522  
-2.506327356  
-0.3460123578  
2.445717771  
1.49599909  
-1.961253886  
-2.020567402  
-0.4462370054  
1.120672121  
5.307311054  
-0.1069024064  
0.4239081691  
-0.329641963  
6.5018498  
1.2769835  
0.06082452593  
-4.489847243  
-0.07824825304  
1.877563711  
-1.794261185  
-0.9041793856  
-4.098785803  
0.5240235494  
0.4366451182  
0.03399086369  
-2.798417371  
-1.520509935  
3.306715251  
2.529458537  
1.994695181  
-2.634924225  
1.206159182  
0.4281917024  
-0.2995972604  
-0.9316504148  
-3.161219302  
0.7652349664  
0.5959612648  
2.110469892  
-0.9714835909  
-1.527137875  
-3.032954473  
2.219101602  
2.336445566  
1.230478179  
-2.472932768  
-2.274747822  
2.694788881  
1.01788253  
0.6859991703  
-0.9084636936  
-1.335305017  
4.247621595  
1.368389383  
0.9724544007  
-3.843312457  
-4.792038011  
-6.032020854  
-0.5388109726  
2.418353241  
-0.002750418238  
-0.2027201138  
-2.057750238  
4.509983695  
1.055783324  
0.2320108398  
-0.09639604412  
1.451152965  
0.9231550748  
3.397187003  
-3.251684574  
-1.353963146  
-4.790906545  
-1.187222586  
1.429783986  
-0.240310887  
0.2475655712  
-2.691284905  
0.3848778992  
0.4930928207  
0.9715215607  
-2.196713904  
-1.499125769  
2.169895392  
0.9003810442  
4.061461358  
-1.708287229  
-0.4277555645  
-1.496679107  
2.976734827  
3.159648361  
3.712723494  
-1.70120685  
0.9101544653  
1.867824754  
4.204837031  
-0.2745805145  
1.196448307  
-2.110649754  
0.5092385144  
1.734345155  
2.5682649  
-1.070332472  
0.2959905856  
-2.607865668  
-0.5734044433  
1.384609003  
-2.503446106  
0.323264004  
-1.30123407  
-1.637920831  
-1.706548153  
-2.636162501  
3.001799504  
-0.9952304399  
-0.3945795409  
-1.681454191  
3.889007567  
1.30874157  
2.403232003  
-0.8332549327  
0.5179343084  
12.77262081  
-8.624425739  
-11.2682381  
-2.299668476  
-0.3953537235  
-1.274607282  
-1.768632372  
-3.306751479  
-1.922967292  
-0.7966485794  
3.443413607  
-0.5056696115  
-2.167786582  
-3.666794928  
-1.935785892  
3.616310116  
5.842213897  
1.954231268  
0.570873252  
-3.039241241  
-0.4965905962  
2.635653231  
0.4160676  
1.059875833  
-3.338843395  
-0.2985826006  
1.794208  
-0.9388877442  
0.1019231426  
-1.885236383  
4.192948707  
0.5417202952  
1.355984115  
-1.26610607  
-0.5161424393  
1.582994687  
-0.4806515515  
-1.63348882  
-1.371944991  
0.6953201334  
1.104120349  
4.419944397  
1.475000711  
0.2180987755  
-1.505476036  
-0.2175932545  
2.369989404  
4.553630118  
0.7352418939  
-0.1071645638  
-1.879309564  
-0.3405877553  
2.066375514  
2.411413882  
-3.086390656  
-3.41337084  
-1.818941881  
1.591809443  
3.64038163  
-0.8005923783  
-0.2958676723  
-3.04962207  
0.4882464123  
2.634341057  
4.696918398  
0.04371962377  
-0.7873294832  
-3.124769927  
0.3181954812  
2.923123314  
-2.153916356  
-2.134867617  
-5.911944718  
-4.270901067  
1.98235301  
0.6988774039  
0.04891172176  
-3.169841421  
-1.859743085  
2.621494093  
-0.4597240379  
-2.200332233  
-3.063865341  
-0.4867330425  
1.072986067  
5.630218529  
1.329829734  
1.004719036  
-2.322387705  
3.330030986  
1.821149989  
1.22952761  
-0.6733111684  
-2.100576529  
4.085971811  
0.6315955816  
1.342774843  
-1.283183082  
-2.244163569  
-2.882784614  
0.8245322481  
3.542491446  
-3.345677852  
-4.425972661  
-0.05617452887  
1.508647958  
3.023129857  
-0.4439435398  
-0.4331009369  
-2.189692691  
4.619285303  
0.6905493314  
0.2019649459  
-3.008796818  
-0.3818759217  
2.459760287  
0.5091217832  
-1.356225737  
-2.034621076  
2.181767374  
0.7901648315  
-2.827466022  
-1.485903805  
1.123051137  
2.80464582  
-2.608889014  
-2.711991885  
-2.921318463  
1.797113284  
4.716003815  
-0.584984859  
-0.05690512043  
-1.591362113  
1.326740998  
2.567899062  
4.684167769  
1.505298493  
-0.6587754731  
-3.469105252  
-0.483460191  
2.402577806  
-0.6930156389  
0.3978421761  
-3.153686357  
-3.810195551  
3.74187726  
1.006717029  
0.7064924324  
-1.683141433  
0.06158204409  
2.443751027  
-0.8289026164  
0.1819863991  
-2.535702086  
-2.610457262  
1.649127176  
-1.236918191  
-0.4866686926  
-3.130188946  
-0.3246229929  
2.544600657  
1.940940993  
0.5641288738  
-1.076057151  
2.934225644  
1.622222599  
-2.829796944  
-1.130938469  
-3.327939417  
4.139662502  
0.4722001496  
1.509102101  
-1.872765266  
0.02252145238  
3.377333127  
3.912567575  
-0.6792960732  
-0.3912384303  
-2.50846068  
-0.5121251501  
0.8461750492  
-3.627983203  
-3.321836941  
-5.18808252  
-1.341618124  
0.8836638802  
2.005220519  
-1.275790585  
-3.131173345  
-2.440973883  
0.7218512107  
-1.720567045  
-0.6216356686  
-2.038917825  
0.009883267681  
4.383663724  
-0.1984519997  
-0.0606951858  
-1.333003611  
5.979702188  
1.804999131  
2.894375982  
-1.810465891  
-2.338901513  
0.4500770795  
2.25873826  
3.788006984  
0.1191419943  
-1.544257996  
-0.1365009764  
3.252714087  
2.807559628  
-1.788817564  
-1.993896607  
-1.399428409  
2.292295498  
3.093921102  
-0.5516175795  
0.1699476826  
-2.974293705  
4.357735578  
0.1670434528  
-1.319488499  
-2.976114152  
0.8774675797  
1.641627731  
-3.44451593  
-2.98114925  
3.494559865  
-1.539965979  
-1.480978586  
-0.9312553116  
2.128816306  
5.099275104  
-0.3227488755  
1.70505677  
-0.8392061946  
1.185659629  
-0.6158328802  
-2.837646131  
0.390166987  
-2.692740019  
