-1.629760202  
-2.125902747  
2.125812609  
2.826719526  
-1.373165465  
-0.2157561169  
-1.880369883  
-0.7226543176  
-0.1750210401  
1.202153176  
-0.2242299758  
-1.416958614  
0.003263109615  
-1.302965193  
3.001665709  
3.063622569  
1.234966855  
1.773710683  
-2.517010625  
2.143560149  
3.283210846  
1.119763031  
1.347427735  
-1.481747221  
-0.6478700946  
-2.172572938  
-1.643924458  
-2.633262129  
-0.05552300002  
-1.127296851  
2.337819621  
1.835255456  
-2.048365984  
-0.5425152805  
-1.741637905  
-0.6726323265  
-1.016322628  
-0.151377184  
-1.179845406  
0.7537797675  
-0.7611317328  
0.41332031  
-1.415858065  
0.5537331686  
1.404666174  
1.972966131  
0.7257653385  
-1.130972144  
-1.299835073  
-0.8055470276  
-0.3867303657  
-1.59955272  
0.6757841261  
-0.4281908473  
0.62718852  
1.576815111  
2.669490336  
2.31709567  
0.4479319258  
-1.285252283  
-0.8278919049  
-0.4783158301  
-0.9781653209  
-0.09438505427  
-0.8763997304  
0.2237290752  
0.2052431797  
1.978480585  
1.889369541  
-1.182556368  
-0.03356102301  
-1.915377661  
2.236613162  
0.7123703737  
-2.137778643  
1.91036122  
1.420321724  
-0.7085702379  
0.01230064708  
-1.66172995  
-1.876187233  
-1.237116945  
1.127406047  
-0.494244072  
1.215635486  
-0.570237025  
-1.964879891  
1.889036679  
1.842980918  
0.2513416011  
-0.2231328969  
-0.3812404535  
0.04339172455  
-0.6796110171  
-1.405667738  
-0.2692475566  
-0.007749899547  
-0.6760279115  
-0.8661841685  
-2.42993423  
1.933994457  
0.844198573  
-1.149637924  
0.0611735549  
-1.698572889  
-0.3381905679  
0.06424919648  
2.205040448  
2.855413248  
0.2659640288  
0.6416839194  
-0.7858895473  
-1.025971426  
-1.731616383  
0.4169118026  
-0.8643592429  
-0.6676114879  
-1.325169029  
2.32880875  
1.323615428  
-0.32478274  
0.282902594  
-2.431770943  
2.413501313  
2.600653963  
-2.497687558  
1.599454336  
2.23000538  
-0.2951877586  
-1.335565124  
-1.793594104  
1.830763591  
-1.738570647  
1.794611105  
2.991714968  
-0.5963661844  
-0.5721138334  
-0.4077577419  
0.638771693  
-0.09084563673  
1.953393397  
-0.2315998387  
-1.580079828  
0.3122349876  
-0.744187207  
0.2049584969  
-0.09954950877  
-1.708630865  
0.5005342018  
-0.1411971766  
-0.5740845701  
-1.290118725  
0.1211602651  
-0.5397277103  
3.03140609  
2.499693969  
-2.572533951  
-0.596331984  
0.8986813212  
0.3242004438  
-1.159624264  
0.7333317029  
3.004454477  
-0.5402474597  
0.6922888569  
-0.8893962633  
-1.311275805  
-2.170955408  
0.4022067139  
-1.522107532  
1.517207508  
2.324695578  
-1.499578622  
1.639729521  
0.501599542  
-1.37713269  
0.2147869428  
-2.070474375  
-0.8236274072  
-1.510832954  
2.168890802  
1.590389265  
-0.5935950248  
-1.100631798  
-2.725068893  
0.1005321272  
-0.6372941048  
2.15348989  
1.29592589  
-0.8400693027  
-0.1972962438  
-0.9949971208  
-1.175115368  
-2.485286797  
1.599146861  
2.8710452  
-0.4738530362  
0.6989684564  
-0.5387364849  
0.7468468382  
-0.2768168123  
2.314052589  
2.661907655  
-1.713171656  
-0.913193712  
-1.681107726  
-0.01340106937  
-0.2546357407  
3.765979677  
1.793611392  
-2.103418725  
0.6243960486  
-0.7348243902  
2.738636599  
2.70880093  
-0.09062863916  
-0.06015660679  
-1.022325799  
-0.6461466186  
-1.144634901  
-0.7647841435  
-1.549774646  
1.785275728  
1.954649729  
-0.9389929607  
-1.56957122  
-0.6705625643  
0.01001799902  
-1.788287384  
0.4165491095  
-2.175212275  
-0.7951483259  
-0.7433687232  
1.652109303  
1.443918473  
0.3124302921  
1.72434007  
-0.3664788732  
1.317326505  
0.3087101099  
1.794832145  
-1.675713068  
-1.33517814  
-1.907939187  
0.5161967548  
1.105569974  
-1.499722377  
-1.128652056  
-2.655248379  
-1.673831691  
-1.637952454  
-1.109920999  
-0.3277854556  
1.15906223  
0.8805570253  
3.50427833  
2.804676541  
-0.7825271833  
0.794710851  
0.3161997902  
2.034645114  
3.951664522  
1.041725108  
-0.7945539062  
-1.733076353  
-1.297560783  
-1.445380075  
0.2553486128  
-1.439941632  
-1.906018831  
-1.773543564  
-0.3476143645  
-0.6544922997  
0.6017932619  
-1.044536558  
-2.355221864  
3.536159831  
2.275243367  
-1.825314049  
-1.81811178  
-1.565441804  
1.480090334  
-1.53929725  
-0.9401592218  
-1.11816413  
0.08674208438  
-0.4549403614  
0.2050742679  
0.1014568907  
0.4933184659  
0.3619164286  
0.80394891  
1.736375782  
1.103310752  
1.680022129  
0.5417578364  
1.450091434  
-2.263430599  
-0.4698398994  
-1.888709669  
-1.580750437  
-1.695158489  
0.7034441363  
0.6853116128  
-1.512102119  
-2.183039133  
-1.864120052  
0.05884139151  
-0.2499429624  
0.4840755818  
1.02201909  
1.932469538  
2.760140579  
1.320184046  
2.104521483  
2.206845522  
1.760771001  
0.624856574  
0.1621268083  
1.694796212  
1.99157186  
-0.1345892579  
1.480297436  
0.9757467099  
0.881526773  
-1.023788594  
-1.095854177  
-1.101105562  
0.03624423408  
-2.487653409  
-0.9257381721  
-0.5517049465  
0.9631745332  
-1.042293578  
-1.449188422  
-1.935841935  
-1.837288565  
0.8914751758  
1.174446982  
-1.773420854  
-1.299771288  
-1.225360105  
-0.6535458842  
0.5369327085  
1.619775335  
-0.9693127305  
2.413444656  
2.746516297  
-1.537796411  
3.311299854  
2.088633898  
-2.549092865  
-1.691105919  
-0.01377820103  
1.396966785  
0.07745011364  
0.7346535109  
0.06520953375  
0.137838519  
-0.3033391861  
-1.883678079  
-1.72314481  
-1.426851932  
-0.9988777392  
1.165066375  
2.671106606  
-0.9770858515  
-0.5572883921  
-1.940535391  
-0.5872002133  
0.710756464  
0.8516920576  
0.589789415  
-1.737757329  
-0.6136066633  
-1.301251401  
1.357442797  
1.660532288  
0.1465874996  
0.1077089603  
2.413396382  
1.362100554  
-0.6771593942  
-0.6798290888  
-1.686620233  
-0.0556138593  
-0.7861219854  
-0.7190277753  
-0.6332930647  
-1.075675052  
-0.4167554251  
-0.1445133391  
-0.4507430065  
-0.2019160142  
0.01560769387  
-0.5795547541  
0.1604608133  
0.6701192662  
0.7180800978  
1.311043086  
1.043091934  
-0.9176745626  
-0.6185250903  
-1.983347598  
0.9110209545  
0.4738334882  
0.9803568967  
1.391468717  
0.876849798  
0.7207801806  
-0.3934666439  
1.302013168  
0.3457774189  
2.501648175  
-0.4616027668  
0.5139855593  
0.1192280483  
4.042141558  
2.914872981  
-2.07973533  
-2.304081361  
-1.737541687  
0.2082707835  
2.436709565  
-0.482681475  
-1.366124988  
-1.299998008  
-0.7235976302  
-2.42602839  
-0.2302784234  
-0.01932374027  
2.193492583  
1.759585911  
1.099136197  
2.725758906  
-0.8446464158  
0.2965335814  
-2.455943612  
-2.253160043  
-1.354265758  
2.740173231  
2.671194715  
-1.309593269  
-1.461524908  
-1.367555148  
-0.5379389673  
-2.435187803  
0.2807594424  
0.4164160973  
0.4524990043  
-0.8678651797  
-0.6450305816  
0.7608351869  
-1.200318065  
-0.6072838221  
0.3788732934  
-1.445306637  
0.1274425535  
-0.2054828547  
0.1584399279  
-1.261472538  
-0.5796276477  
-0.388160266  
0.2574732469  
-1.139100252  
1.038102284  
1.594963036  
0.1314539676  
0.5564829955  
-2.572594824  
1.792541702  
1.509205933  
-0.4243107599  
-1.312956793  
-1.652815798  
0.2857948231  
-1.280073449  
-0.1351481459  
0.1169489633  
1.524555068  
1.43102723  
0.5094890776  
1.359775101  
0.2225369549  
0.02025922498  
-2.114547197  
-0.5667724135  
-2.013905305  
0.007177103661  
-0.1769726729  
2.37190339  
-0.5476239244  
-2.421861535  
-0.6783847686  
-0.2935066416  
2.415282308  
0.8083798819  
-2.546854204  
1.168332881  
2.115617169  
0.7327114335  
-1.61141355  
-2.477619439  
-0.6474025493  
-0.2712524902  
2.474393305  
0.05668793312  
0.09037454308  
-0.5484495066  
-2.226604666  
3.50386709  
2.351187913  
-1.245164791  
0.4586178717  
-3.011104502  
0.7625139765  
0.1959781883  
0.9638979725  
2.188355259  
0.9158748432  
1.917726555  
-0.04594495692  
1.77263064  
-0.1767528706  
-0.415480742  
-2.463381425  
-1.465295877  
-1.523329312  
-0.1912672617  
-0.9444691679  
1.876541903  
0.6409579814  
1.724175945  
0.1441475812  
-2.05610897  
1.60466456  
1.895625458  
-1.185883025  
0.2221084685  
1.377947754  
-1.071719516  
-1.462835969  
-1.24290975  
-0.2108071298  
0.8925603969  
0.5664706276  
0.9046768105  
2.380987155  
2.708051497  
-0.2291110642  
-0.4324024155  
-0.1813904498  
1.648709359  
0.9586559946  
-1.703398126  
-1.845434896  
-2.269405267  
2.151524315  
1.553244622  
-1.63323365  
-1.332937948  
-1.129302515  
-1.068871469  
-1.428187121  
-2.060939734  
-0.02580012004  
2.473062786  
0.5908120288  
-0.9561603898  
0.413188184  
-2.318166878  
-0.7699265629  
-0.7786747629  
1.812342829  
0.7540637903  
-2.213230776  
1.445480154  
-0.009354649803  
-2.899756943  
-0.8554118855  
0.06226623769  
1.591764909  
0.7185398341  
0.4992903103  
-0.6643632689  
-3.009067509  
-0.3830542735  
1.878879764  
2.054743647  
3.039601507  
