0.4949840578  
1.007867016  
0.8645455599  
1.729577064  
1.064448647  
2.083391843  
1.266792717  
1.283598077  
1.399406594  
-0.5056950744  
-1.246852468  
-2.543278953  
-1.739234238  
-1.224301523  
-1.015185185  
-1.836119916  
-4.158911458  
-1.686949764  
-0.799110877  
1.753330639  
1.327020875  
0.03301746967  
0.5499973431  
-0.01983728359  
1.653548078  
0.2408367699  
-0.2136067636  
-3.49105284  
-1.280028598  
0.2402251695  
1.776944045  
0.6874950469  
-1.907238328  
-0.6734588833  
-1.621703178  
0.1523676672  
0.6880774059  
1.479295029  
-0.09755279212  
0.7550153643  
0.333527494  
1.547322261  
0.972021924  
-0.5348873853  
-0.9565067198  
-0.7523409363  
1.726896457  
0.3831774091  
1.331794904  
-0.1888563933  
0.5530807833  
-0.9343336637  
2.422184215  
1.553376676  
-2.030057677  
-0.7354135247  
0.04254029949  
2.779624632  
0.6672345833  
0.7871451147  
-0.730446524  
1.293421966  
1.734690545  
2.842072825  
1.055830352  
-0.5706015828  
-1.039595115  
-1.634826297  
0.720246721  
0.2413869359  
1.044318808  
-0.1819334037  
-1.350761193  
-0.3788865629  
-1.36665969  
-0.4699113875  
-0.2494354872  
0.2671061166  
2.033164813  
1.190042619  
1.619051788  
1.490669531  
3.694184248  
3.853304997  
2.306430521  
0.3186155433  
-1.939315695  
-0.6827458071  
-1.284960938  
-3.909802285  
-3.597667584  
-3.077761266  
-2.602541191  
-1.264107409  
-3.97126062  
-2.550848835  
-1.367353458  
-0.2652821737  
2.448205416  
2.050858957  
2.913583134  
3.049176153  
3.34357481  
4.357502448  
0.2135905205  
-0.1545901515  
-1.682059572  
-3.931398137  
-0.4410809284  
0.3863141797  
-0.9329945013  
-3.270676428  
-1.583908383  
-0.8024969013  
1.771958635  
1.035683349  
0.6828672142  
-0.2048307509  
-0.007875006319  
1.017510508  
-2.178205919  
-2.920875725  
-1.504624693  
0.9067080413  
0.3048879783  
-0.2574773802  
0.2638560912  
1.580151976  
0.6962767929  
0.2879586221  
0.2261133842  
1.2685053  
-0.966809752  
1.117660482  
0.2453729894  
-1.659770204  
-0.2752389852  
0.5707534976  
-0.2918913334  
-1.444380313  
-2.738812433  
-2.752009016  
-1.048701496  
1.22327955  
-1.445375449  
-3.426795061  
-1.891268842  
-1.264915741  
1.443717691  
1.427179975  
1.286663628  
-0.6210135493  
-1.702495699  
2.198956952  
2.936990686  
0.7421484356  
-2.174884509  
-0.1059978241  
2.117372162  
0.6714525014  
0.78974333  
-0.08852115652  
0.7229164743  
-0.2301953701  
0.2904206694  
-0.03543789097  
-3.009855263  
-2.842674009  
0.9815370371  
0.08224269328  
1.121166107  
1.124362256  
1.909216315  
2.308266316  
1.280662926  
0.3247541824  
-1.172198039  
-3.829848739  
-1.509315076  
0.1683918492  
1.136801659  
2.852186948  
1.852430196  
-2.431591861  
-3.329923303  
-0.9971079557  
-0.2799029965  
0.5383238659  
-1.162338128  
-3.546282267  
-2.354288067  
-0.1859377641  
1.211172397  
-0.03931342009  
2.158631866  
3.92837784  
-0.1303901692  
0.1591715242  
-0.04015318318  
2.174366385  
2.093967618  
-0.2564646229  
-1.300596018  
-0.7697970169  
2.41495559  
-1.713222887  
-1.993749976  
-0.277949206  
1.860912125  
1.371219196  
-0.6332132855  
1.344149703  
2.777684306  
2.450923822  
1.451892946  
-0.7951538117  
-1.456354656  
-0.7265293612  
1.125943673  
-0.5054489048  
-0.2018771756  
-1.438264264  
-2.161838095  
-1.414422192  
-0.4073288353  
-0.2083520846  
-1.508328583  
-0.05692861201  
2.376301475  
3.968596124  
1.465977285  
2.24990458  
3.032759581  
3.422517355  
1.995254279  
-2.262079559  
-0.08360848707  
-0.1691927629  
0.1753589405  
-2.517709945  
-3.440890096  
-2.632424826  
-1.332603405  
-1.901872528  
-1.859267984  
-1.883201877  
-1.807479747  
0.2194017242  
-0.8061676725  
0.02843339786  
1.373527125  
2.840253116  
3.357719332  
2.838007496  
-0.2147897463  
-1.305144203  
1.520246082  
-0.1424053095  
-0.2759122048  
0.1556674618  
-0.7649086393  
2.082166711  
-0.2222102489  
0.5107978615  
-0.4827070752  
-0.8938869289  
-0.08146853118  
1.09752779  
-0.115068818  
-1.692400882  
-3.003845166  
-1.064787069  
-0.4292269238  
-2.540171318  
-1.520046135  
-0.8131190184  
0.1832876222  
-0.8426929442  
-0.8811018915  
-2.538500729  
-2.015470169  
1.276087909  
2.048871361  
2.742685764  
1.561497267  
0.2149041936  
0.310015135  
1.052078387  
2.925641247  
1.956613606  
-0.532894929  
-2.143686875  
0.5818222658  
-0.2057986189  
-0.8712827897  
-2.657653011  
-1.409792922  
-1.014528708  
-0.1814263379  
-0.580403375  
-1.852505445  
-2.647725482  
-3.215367851  
1.605307349  
1.211665778  
-1.31811404  
-1.19484643  
2.038650574  
4.044828452  
3.151733603  
2.040402103  
1.847541607  
3.379860413  
5.351543346  
5.208646246  
2.160655776  
-2.333147974  
-3.447957853  
-1.543114912  
-0.1480354981  
-1.063651371  
-2.476954687  
-1.960409827  
-2.850798789  
-0.8750798144  
0.3644777324  
1.626419919  
-0.6752029654  
1.142409359  
1.231221708  
1.548509731  
0.3996765845  
-1.351719345  
-1.83838857  
-0.7456503554  
0.06158811585  
0.1956696909  
1.546410289  
2.350619835  
-1.00832997  
-1.06466045  
-0.571653509  
1.136081698  
1.0946763  
1.622862155  
-0.06233608667  
0.5234966176  
-0.598343626  
-2.269446697  
-2.197552835  
0.09705829016  
-0.8294294485  
-0.854130496  
-3.222032054  
-6.042993851  
-2.429920982  
0.8452438054  
2.542270188  
1.119238414  
1.467164884  
1.52716567  
3.415465031  
2.363294102  
0.1789434531  
-1.934111406  
-1.86866393  
-0.7331076105  
0.07400349108  
-1.18659414  
-2.311117387  
-0.3502512459  
0.5725788972  
0.6473282244  
-1.251381402  
-2.976819378  
-2.497064795  
0.4242087284  
1.886156603  
0.2824940937  
-0.459209835  
0.03546624352  
0.8420081218  
1.390706592  
-0.2475728352  
-1.062792804  
-0.2526879298  
0.9823226483  
0.4101077825  
-0.1524622833  
-0.2704768485  
0.8064932327  
2.996306255  
4.658525679  
4.752223283  
3.118277515  
0.7206617855  
0.4357437781  
-1.806999007  
-2.280409664  
-1.685944228  
-2.063106272  
-0.865644157  
0.8380249386  
1.341197507  
1.065645789  
0.4221502601  
-0.7375716375  
0.1504554901  
0.007963699852  
2.070910734  
1.670652258  
0.8798933783  
0.713300182  
-0.1131118378  
-0.3832497533  
0.6121764546  
0.03573007795  
-1.343709295  
-2.84992142  
-1.112796545  
0.8173778014  
0.4125309253  
-0.6470881463  
-1.951096102  
-1.548934055  
0.3814742625  
0.1115281936  
-1.743604214  
-0.7748219292  
0.4105968694  
1.885888362  
2.746592769  
3.931183756  
1.214491954  
0.03571233278  
-0.1857385718  
0.4717328633  
-2.362145197  
-4.022953765  
-2.046571709  
0.9223748658  
2.300235445  
0.1422269584  
-0.6637147373  
-0.4192756688  
0.4946589871  
0.4480215708  
1.885101616  
-0.6268448211  
-1.457725075  
-0.781945109  
-1.044502983  
-2.756787268  
-3.51114538  
-3.093247296  
-0.5185405131  
1.639703334  
2.127747132  
1.253367247  
0.6394541766  
-0.1845486363  
1.932314353  
0.8588153487  
-0.2103622093  
-1.083636456  
-1.451799199  
-0.5476366138  
-0.6992498877  
-2.193543811  
-2.017960979  
-0.9581793004  
-0.3649113699  
-1.008527099  
0.6266872281  
1.909889689  
3.574970712  
2.584995962  
2.118895089  
2.226462208  
2.435112304  
2.506544794  
1.765278888  
0.159219426  
-2.157569558  
-3.264173166  
-2.200942937  
-0.4955606835  
-0.5118722633  
-1.005374083  
-0.827682727  
-0.853198536  
1.242295355  
0.7223980561  
0.5943046992  
-1.608265376  
-0.9800239337  
1.234678566  
0.6381084554  
1.584319332  
1.789105391  
0.5413107866  
-0.5356587327  
-0.6133560056  
-0.9242260729  
0.06798179247  
1.70490986  
1.708334424  
0.5628218864  
0.09194811897  
-2.690699717  
-3.353624992  
0.07885714587  
0.000184584011  
-0.4296699464  
0.1623874156  
1.847597018  
3.209587067  
2.323407517  
1.183193996  
0.5452111719  
2.216692796  
0.09605703937  
-1.36654161  
-3.210468604  
-2.9287333  
-2.66122076  
-0.6181880484  
-0.06220492638  
0.6375214529  
0.3384443815  
1.168862312  
1.599742434  
1.193271617  
-0.9694230365  
-3.375611199  
-1.251027138  
1.194437101  
1.093736029  
-2.045278406  
-2.2549561  
-1.744076732  
-0.4567258859  
-0.6549439722  
-1.402633874  
-0.2832179727  
1.026662479  
1.488831948  
1.881011669  
0.8899238465  
0.2678316089  
0.5441246049  
0.6048477909  
-0.3560135232  
-2.445018124  
-2.927124429  
-1.648077721  
1.055664621  
2.936905325  
3.158903063  
2.099364234  
2.713682076  
2.779152644  
0.3873813704  
-1.645994508  
-1.863937096  
-2.141430613  
-0.9283573699  
1.426599972  
-0.4518454019  
-1.547764856  
-2.262406493  
-1.869483809  
-2.702474635  
-0.9340910677  
1.460338893  
2.955443845  
2.388081301  
2.019834285  
0.9538403764  
-0.539454354  
-1.999614863  
-1.519569807  
-1.563369175  
-1.219488852  
-0.4740629907  
-1.814093587  
-0.5280756447  
0.4631725534  
2.433456894  
3.763557363  
