4.198484166  
4.628785973  
-0.3645101986  
-7.288283931  
-4.316284255  
3.179364393  
4.74841697  
3.595151037  
-5.52657483  
-2.632672023  
2.812080113  
5.208212541  
0.833512627  
-5.023771701  
4.677688475  
5.353908103  
-3.296357088  
-8.414151461  
-4.60831926  
3.512715563  
3.996177475  
-2.396356972  
-7.662873195  
-4.270651037  
2.083034301  
6.870106013  
7.255850871  
-3.48488927  
-4.301223187  
1.035907717  
6.578900359  
4.956253526  
-5.509570224  
-8.482888212  
-5.631330041  
-1.435955255  
5.813501159  
5.288526955  
-5.923753031  
-6.282447966  
-0.7734857138  
6.07719855  
6.370325785  
2.93146655  
-6.233614511  
-4.883866626  
2.052200124  
5.69712174  
5.170794081  
-2.371194719  
-6.642732572  
-5.255093265  
2.648134129  
6.268802726  
3.286921471  
-6.313765964  
-4.696286607  
1.752053872  
8.018234097  
6.389079887  
-1.0874961  
-6.140477771  
-2.899922705  
1.019903606  
5.815388513  
4.079270353  
-6.717156701  
-8.329740356  
1.503796788  
5.367924888  
4.726078523  
-6.613250113  
-7.908737703  
-1.827730485  
4.879658048  
3.38263403  
-7.002269776  
-3.538159018  
4.459869065  
7.676833907  
5.505167295  
-4.661144999  
-6.800729812  
0.9365903036  
6.490103916  
4.766200379  
-7.353953601  
-6.220716494  
3.668277887  
5.309708238  
-0.9781422058  
-8.681042882  
-5.047692519  
4.649574333  
6.917478998  
2.825360449  
-6.589219295  
-1.471305714  
6.714241348  
6.213341944  
-2.652502791  
-8.233921398  
-0.09344834088  
5.877236493  
4.953403961  
-3.261448793  
-9.195854967  
-6.260354586  
2.019492135  
6.886514562  
4.696796238  
-3.808258347  
-8.57377503  
-2.230344255  
3.927220255  
6.871431723  
-1.175048164  
-9.255477332  
-5.253207549  
6.676700036  
-2.79940736  
-8.906279337  
-1.11209015  
7.103350682  
5.051612235  
-7.541705533  
-9.877081765  
0.518170782  
5.521140171  
2.485010154  
-7.365871876  
0.7721603068  
5.727015718  
13.14850284  
10.56962207  
-0.8924671949  
-3.76666051  
2.333521193  
9.695993436  
8.854801533  
-1.857391337  
-7.499657221  
1.969630387  
7.357712989  
6.872526848  
-3.732007453  
-8.985029065  
-5.065786486  
4.107418391  
5.735023363  
1.837294221  
-8.188496933  
-6.772399172  
2.430159201  
8.209264563  
6.856724427  
-4.828140768  
-7.19449369  
3.042702216  
7.612103216  
5.84279623  
-0.5315022091  
-8.467790529  
-2.0941676  
6.036162102  
3.191610808  
-8.791219779  
-7.068438739  
6.238219977  
7.86730274  
0.984694365  
-8.232353904  
-0.389826712  
6.286631496  
-4.474656434  
-6.679158854  
4.378174653  
6.472086212  
-2.739901592  
-8.851399434  
-6.424626884  
-1.180585521  
7.331866071  
3.357454479  
-7.962265941  
-8.385325236  
-0.789080089  
6.983471546  
5.321624832  
-6.189508422  
-2.64940242  
6.880582515  
3.065124777  
-7.829704546  
0.9168717684  
7.307999761  
-5.342380472  
-8.174073403  
-0.8515804791  
5.673298081  
7.778895051  
-0.02543318557  
-7.333789946  
-1.895119268  
7.646703656  
3.941661484  
-4.875349925  
-4.330745761  
5.676563171  
5.350735972  
-7.766935328  
-8.402875685  
2.64638083  
7.703748217  
6.846295974  
1.248119141  
-6.136734377  
-2.126419104  
6.195775627  
8.349433479  
0.847073724  
-7.416275042  
-3.852828304  
3.313446641  
6.661863715  
2.871987231  
-7.015492867  
-7.780727681  
3.562194629  
5.782830534  
-5.729959338  
-7.453111918  
0.7810644874  
7.550878497  
7.179844984  
-3.15360672  
-6.582308877  
-2.551162472  
7.099571005  
6.175495587  
-7.604340749  
-2.88523998  
3.783583301  
5.463857452  
-3.734055069  
-9.191193478  
-2.680560493  
3.898385637  
6.579565225  
2.729630046  
-5.62744439  
0.1604377526  
6.514289295  
7.857941  
-2.843401456  
-8.702834935  
1.568682461  
4.765098943  
-1.84014616  
-9.057406462  
-7.645551512  
0.9275857454  
5.301118776  
2.081147958  
-7.296166586  
-7.672394312  
-0.8483907497  
4.384736559  
6.549966274  
-0.353950089  
-8.07328935  
-5.736326105  
1.934425068  
5.761439803  
0.474511356  
-9.603684984  
-7.950857252  
-0.03202737716  
3.9248511  
-2.17162235  
-8.32752406  
-2.984632927  
1.078601363  
8.399081433  
10.08318448  
5.478811465  
-3.013544518  
-1.403730769  
5.602282326  
9.58023687  
-3.896684787  
-7.872249232  
-0.2469463656  
3.312329725  
0.6355322999  
-5.349550791  
-7.683174813  
-3.020258208  
4.224822384  
7.374381336  
1.492607449  
-7.198969732  
-2.196249522  
4.073295175  
8.161404505  
3.149468234  
-6.720124078  
-3.839096604  
4.131775949  
7.425188731  
5.743275875  
-5.752348598  
-7.380435355  
-4.334995023  
2.29505909  
7.498472029  
2.258659978  
-7.754921827  
-7.063702692  
4.295559712  
7.36921497  
4.764219873  
-5.873673227  
-3.5727681  
3.652083896  
6.863044766  
5.546623428  
-5.469201848  
-8.386730423  
-0.1291062167  
6.512431612  
6.197983841  
0.4708249296  
-8.648489981  
1.886603061  
4.669002619  
-8.335982103  
-1.424075412  
6.176246996  
-3.121884376  
-8.506779889  
-2.905704381  
5.422935309  
8.987386046  
7.221571744  
2.208909068  
-6.318106624  
-0.5822054163  
0.1222450809  
-5.293215462  
2.78185282  
3.210247441  
-1.92493009  
-10.21514165  
-11.17268113  
-3.791041848  
3.369509995  
4.584267152  
-1.122840609  
-8.698193755  
-4.046830183  
1.553626661  
7.33207198  
7.338523776  
0.8601499454  
-7.27566677  
-3.592301483  
2.367191094  
4.935620065  
3.628104083  
-7.321711662  
-3.745542759  
4.153607938  
5.957216158  
2.498109396  
-8.142312189  
0.4229835481  
5.639250563  
0.6574214521  
-7.490829023  
-5.607552527  
0.4106418099  
5.113876697  
3.094881289  
-7.639636924  
-7.327003863  
2.752440084  
5.680056737  
5.313323418  
3.709588561  
-5.611588421  
-4.640960633  
3.15623319  
7.345634201  
6.120514186  
2.127588552  
-7.393051786  
-7.58853132  
-1.314164964  
4.390421854  
3.853564226  
-5.581092114  
-6.935396031  
0.9388491683  
4.958736115  
5.027588943  
-1.129502127  
-6.872056161  
-3.213303367  
3.345621556  
5.811977649  
2.494672143  
-4.20854453  
-9.851161523  
-6.147919949  
0.9416496842  
3.393601295  
-1.323836655  
-2.425870108  
4.796212301  
9.599942067  
11.56294785  
10.68781335  
-2.52860566  
-1.479844492  
2.355563254  
5.728008297  
4.455138813  
-7.054769069  
-4.406947319  
1.876841565  
5.115973098  
5.06555108  
-0.3724154296  
-8.535616859  
-2.915098957  
4.622583764  
4.484966372  
2.273543734  
-8.445389298  
-6.262885856  
3.57468736  
5.411866147  
2.581385246  
-5.690109809  
-9.116144014  
-3.799059878  
3.155790024  
4.431690867  
-2.607229945  
-7.997415367  
0.2997358758  
5.662503205  
4.905587169  
-1.579142636  
-6.427002445  
-0.7171816921  
5.402027856  
3.632802376  
-7.457241031  
-6.634137231  
1.668401899  
4.333514738  
3.297070402  
-3.512730652  
-6.508447111  
0.8112958718  
4.133153337  
-3.536259508  
-4.47527277  
3.482537529  
5.435568075  
-0.7844776945  
-7.109560035  
-2.004801191  
4.74300622  
5.523427852  
4.402897418  
-4.928047418  
-1.163046968  
3.17016356  
5.188540346  
3.422085767  
2.140795536  
-7.791936819  
-4.979388344  
2.034624421  
4.124257155  
1.874655824  
-7.408674591  
-4.68786357  
0.369170108  
4.987626857  
5.864377835  
-5.468802657  
-3.827501383  
2.49510524  
3.942653999  
-1.821932935  
-8.813156143  
-3.44775697  
0.6721156748  
4.135105123  
2.875220687  
-6.463893487  
-3.785853532  
2.890948305  
6.045527925  
5.186361391  
-5.478291586  
-7.128185735  
1.72416316  
4.467330118  
1.477832776  
-7.107627232  
1.314780478  
4.848092677  
0.420237826  
-7.268788622  
-2.707396313  
1.757363263  
5.299242655  
3.417202278  
-3.103546239  
-8.786709794  
-4.597330404  
1.354078226  
4.628290566  
2.842653557  
-2.847725927  
2.192240218  
7.025079845  
10.2316515  
5.57052099  
-3.542159718  
-2.480599885  
3.77475273  
6.322354161  
3.458472583  
-5.227032257  
-4.2637901  
1.564083007  
5.143037272  
1.003856548  
-6.245442606  
-2.807031619  
3.935017786  
7.821124094  
4.701192687  
-6.704741545  
-7.036627308  
-0.05622180929  
3.946046887  
1.942929863  
-8.422565162  
-9.4348651  
-5.290499267  
2.818949384  
4.659122525  
-4.50393636  
-3.879690033  
2.622380219  
7.090319226  
6.197242399  
0.5138164892  
-7.295755474  
-0.03333214593  
4.893691596  
4.269049556  
-7.315725192  
-3.903589431  
4.080039363  
4.075192214  
-5.937271061  
0.8703947361  
6.236974229  
3.02912632  
-5.136337549  
-0.4975159268  
4.650804177  
4.699000985  
-0.1297310649  
-7.1364485  
-0.8358116695  
4.630936349  
1.720622688  
-7.129411399  
-5.65241633  
0.5162456065  
4.525318304  
