-0.7916274858  
1.139740787  
0.7168264045  
-1.966640565  
-1.325132851  
-1.44558701  
1.584402519  
1.658702191  
0.5765945996  
0.9527249645  
1.675496013  
3.133271684  
3.291591499  
1.034069183  
1.188549942  
-0.2177080775  
-1.222725564  
-3.121731623  
-3.37646326  
-2.617266779  
-1.906351966  
-0.8784076997  
-2.55519624  
-1.207951699  
-1.179422811  
-0.5650954817  
-0.4566541796  
0.2624641145  
-0.2291812485  
0.2679045124  
2.297001979  
1.291624751  
1.499419122  
0.3983160446  
1.361204317  
0.6303433063  
2.756711361  
2.141712044  
0.2955410346  
-1.777955537  
-1.061274628  
0.6966507226  
1.825095126  
0.9838895726  
-2.080581332  
-2.780015828  
-2.852458648  
-0.6809346489  
0.6511107908  
2.032349887  
0.9996751523  
1.574475638  
2.279393122  
2.912552044  
0.8763080709  
-1.397434688  
-0.5040802759  
-1.089397  
-0.007674226597  
-1.463016695  
-1.187931983  
-1.490505306  
0.05139440354  
0.4078548142  
3.818346938  
1.071919103  
-1.314071171  
-1.204869213  
-1.408705673  
1.064522902  
0.6531191769  
-0.3007386546  
-1.779595518  
-2.423241705  
0.03598392121  
-0.00713572247  
-2.621269731  
-1.921247531  
-2.077671881  
1.367809874  
0.2313995461  
1.100182232  
0.1416785359  
1.166513501  
2.595255882  
1.32449541  
1.445996882  
1.205179706  
0.8606054007  
2.754739429  
0.4512984028  
-2.612904623  
-3.505818053  
-3.272082751  
-0.5558959483  
-0.5345184415  
-3.387090274  
-1.732417644  
0.8093589101  
1.648901996  
2.37915568  
0.6452791743  
3.771959833  
4.669857952  
3.418409787  
1.420543393  
-3.724103741  
-4.581346324  
-3.674150546  
-0.165997274  
-3.172443261  
-3.179602441  
-3.365475029  
-2.451790591  
-0.9708782732  
3.05803672  
2.857708709  
0.8266278707  
1.576848123  
1.623315351  
3.980283345  
-0.1215340844  
1.643415466  
1.330161508  
-2.082396162  
-2.906204124  
-4.069051663  
-4.05165121  
-0.9628830606  
-2.269694728  
-0.9737405974  
-1.090592898  
0.3861606444  
1.980596293  
2.268613553  
2.435697375  
0.3745778721  
2.865798506  
2.490788928  
2.37130443  
1.226966231  
-2.584774633  
0.1583283908  
-0.6441347211  
-1.01331457  
-1.382621331  
-2.35474342  
0.5120414407  
0.3115716805  
2.203726753  
1.737877143  
0.3238787156  
-0.8810167648  
0.4337245658  
0.8836301042  
-1.52180647  
-0.308562211  
-1.998326608  
-0.6781301381  
1.728437181  
0.9186200961  
1.94247388  
1.602058742  
1.533463757  
1.342908479  
3.061504122  
-0.4925971196  
-0.3691818792  
0.8920674461  
1.521748115  
1.588972456  
-2.246436923  
-3.071022786  
-1.475517943  
-1.306201828  
-2.043869909  
-1.617395154  
0.6751662979  
0.8173821235  
-0.8392431285  
-0.2700835185  
-1.060651875  
0.3737725768  
-1.475010515  
-0.3646659525  
-1.249190869  
-1.385355889  
-0.1461387925  
-1.041602647  
-0.6470557039  
-1.82907839  
1.166509799  
1.181507798  
-0.3049285636  
-0.03577539636  
-0.1416948477  
-0.4053349153  
-2.031733706  
-0.47832788  
-0.01379328609  
1.941848175  
3.227741208  
0.8743847356  
1.741948386  
3.478201697  
4.220457571  
2.231723829  
0.6318845795  
1.051170783  
-0.4064675167  
-1.383392063  
-2.041981625  
-2.184697135  
-1.980353749  
-1.504472544  
-1.196753231  
-2.34823027  
-0.9157258581  
0.1846705503  
4.742278321  
4.5932621  
3.483552697  
1.378772097  
0.5335904638  
1.125360228  
-0.411074656  
-1.663538576  
-2.888637362  
-1.095037013  
-0.6885059816  
-0.3211111285  
-1.047323485  
0.8333814174  
2.818722171  
2.838587587  
2.259491132  
1.291325924  
3.012734894  
1.878512862  
1.367585159  
-1.972070533  
-3.823808604  
-3.751305229  
-2.445775006  
-1.649734963  
-4.591977854  
-3.916769704  
-2.659732744  
0.6086194078  
-0.2386255432  
1.07702306  
2.587622534  
4.955843206  
6.5347916  
2.487730465  
-0.426492454  
-2.605008877  
-0.03771495291  
-0.7063919888  
-1.882419621  
-2.348118451  
-1.854902213  
0.7180593532  
0.3592325747  
0.599195992  
-1.827028552  
-0.1397455998  
0.7185699498  
4.088635335  
1.597042177  
0.390264557  
0.05754098421  
0.01278229655  
0.7002853689  
-0.546430191  
-1.188236143  
-1.314003443  
-3.162766498  
-2.863620937  
-4.691839156  
-4.29561879  
-4.357459923  
-2.291796339  
-1.807466155  
1.225529935  
0.45033135  
-0.9851814902  
-0.2242026011  
1.655763695  
6.025699079  
5.116665635  
2.847335519  
1.923386415  
1.980319689  
-1.863123708  
-1.784363786  
-2.413584353  
-1.405399752  
-0.8024921885  
1.885087855  
-0.3121641763  
-2.832615789  
-2.642919517  
-1.152269161  
0.1290144468  
-0.8215254637  
0.6393710435  
1.607223468  
1.892801036  
2.804807446  
1.984715723  
1.902454856  
-0.2605874528  
1.818065634  
1.676639697  
3.634027855  
0.5156907606  
-0.7426513566  
-1.630361  
-0.2274793442  
0.7729450238  
0.7126456063  
-1.21724588  
-1.364944846  
-0.6754873978  
0.7508384121  
0.5349954142  
0.8511195654  
0.00400891539  
1.639577438  
3.296985212  
4.963257222  
2.047099458  
-3.176099451  
-3.52105925  
-2.818746013  
-3.250827122  
-3.131358956  
-1.256542919  
-0.3178679365  
-1.281812108  
0.1896263933  
1.448070794  
3.347829892  
3.677664348  
3.549414887  
3.086189164  
3.367773251  
2.61371089  
-2.175255465  
-2.261843802  
-1.460486514  
-2.98110859  
-5.344887006  
-7.743963865  
-8.269477783  
-5.313086533  
-3.431510497  
-3.20466397  
-3.636624656  
-1.801572275  
-0.2626356108  
2.339043119  
4.955146396  
5.853650377  
2.25393323  
2.223626779  
1.361781486  
0.9144580522  
0.1656393519  
-1.474437894  
-1.372353435  
-0.1637009165  
3.102460481  
1.467028518  
-0.6327588039  
-0.5165785512  
0.4069558059  
0.2180733203  
-2.235370775  
-1.562697531  
-1.184414116  
1.180218907  
0.6356019436  
0.920267133  
0.004803981933  
0.7382181651  
2.211477433  
1.724511041  
1.554722918  
1.968003411  
2.187157169  
2.030920182  
3.577184666  
3.197978901  
1.477919595  
0.7241288009  
-0.2047527221  
-3.130847033  
-3.140304362  
-3.999839456  
-1.878480394  
-1.921164069  
-0.4433544547  
0.2335340541  
-0.07476272152  
0.2137106019  
-0.6264389731  
0.09676637906  
1.194531245  
2.802253726  
-0.2462034897  
-0.6615502811  
-1.383070127  
-0.2906955348  
-0.504928781  
0.5533995141  
0.5913190509  
-1.20078071  
-0.9075129834  
1.112545839  
4.695160592  
4.717875791  
1.665446317  
-0.4157807379  
-2.060950195  
-0.7385581822  
-2.692882496  
-1.482925577  
-0.5997062425  
-0.2386142466  
0.9056966161  
0.8453176428  
2.347314751  
0.2877078809  
0.005254134196  
0.8553625082  
-0.03219701416  
-1.704303016  
-0.8115650632  
-0.5042709648  
-1.94807876  
-1.573519108  
-2.69550169  
-0.9241028687  
-1.764132393  
1.003309889  
2.237742639  
1.227365403  
1.33090751  
0.01350132107  
-0.5319855965  
0.07634316477  
-1.875238397  
-1.641143799  
-0.856587603  
0.04028310582  
1.192433586  
3.855846981  
3.713009175  
2.778187358  
3.38324647  
4.202068517  
1.05586645  
-0.01758312306  
-1.256750117  
-2.414378299  
-0.9424302216  
-2.995746023  
-3.382511111  
-3.688894123  
-4.497002724  
-3.867814637  
-2.56151331  
-0.01227561405  
0.500629698  
1.68957144  
2.078333279  
2.094981251  
2.583573232  
2.98844457  
4.403483411  
2.893175083  
0.4814592949  
-1.825484652  
-3.004621786  
-3.150816762  
-1.319903524  
-2.840681442  
-3.013327431  
-2.040458039  
-0.4574639361  
3.131083804  
2.794824785  
0.4468271314  
0.3118921574  
-0.2576815826  
0.5525358352  
0.05117116726  
-1.944305685  
-3.42400095  
-4.375588327  
0.1279982092  
-0.2378029086  
-1.379739886  
-0.8158632286  
0.4298248162  
3.771483613  
3.552128097  
1.462543187  
-0.1992891094  
0.5742949676  
0.8927340947  
-1.324544349  
-2.237047012  
-1.716111938  
-0.8997690816  
0.7112307381  
-0.2341434499  
1.963522264  
2.561655424  
4.010507768  
2.142907021  
2.348600938  
1.293118528  
-0.2705988543  
-1.367716895  
0.8773150508  
0.1690962467  
-2.090666734  
-1.603899897  
0.05946507251  
2.375799136  
0.389682713  
-0.7477526342  
-2.21252943  
-2.625031118  
-1.19085512  
-2.92274605  
-6.104205868  
-4.371548694  
-1.696919488  
0.9960635046  
1.169530545  
0.5207096642  
2.031734697  
3.646577115  
6.009340972  
5.06476739  
4.72552754  
1.082522981  
-0.7087299162  
-1.296786697  
-3.405655718  
-2.883650934  
-3.307511262  
-1.395173345  
-0.1626523732  
0.6143613889  
-0.4251529125  
-1.166831876  
1.765999364  
3.230897445  
2.837592747  
2.855883587  
0.8047711309  
1.600641762  
2.170255241  
0.4203227571  
-1.574238615  
-1.978966273  
-3.221910983  
-4.217469628  
-3.364022152  
-3.199959509  
0.6215544063  
1.763333761  
0.9885998292  
4.150835063  
7.376379362  
6.175232  
4.055731829  
-1.780533564  
-3.656921748  
-2.746010036  
-2.641888625  
-2.992717373  
-2.690800927  
0.1489874858  
0.6182448012  
