1.793621976  
2.232047621  
-2.876275897  
-5.009311476  
1.726309579  
2.429787919  
3.152492417  
-1.088747526  
-3.884911039  
0.08730175733  
0.5143399015  
3.260732106  
-0.6888580643  
0.1111552184  
2.54670256  
1.056484986  
-3.079953781  
-5.929335879  
1.510639152  
3.543014346  
-0.1601742792  
-2.173877135  
-5.543069459  
0.03487852412  
-0.5236845344  
5.005129984  
0.1945933574  
-2.032334046  
-1.095384655  
2.302871215  
2.229867481  
-4.135559623  
-1.068310111  
-2.960988597  
0.4724401395  
1.543379765  
4.558154004  
-0.3349169003  
-2.503355919  
-1.33003174  
1.69625047  
4.343234386  
2.83860505  
-0.9408392971  
-2.908743811  
-1.771127824  
-1.990352866  
3.756118399  
-0.960339915  
-0.2973350554  
-2.479607978  
0.974815555  
3.343625146  
4.27602676  
-0.1719843851  
-2.529920447  
0.02740938741  
-0.3033854895  
2.560488871  
-3.540708355  
-1.899619211  
-6.763152259  
0.9747154046  
0.558969917  
3.610565203  
-0.6153176398  
-1.839242207  
-1.163825419  
-2.36438197  
4.707602021  
0.9624351039  
-1.480393491  
-2.786581476  
-2.203331981  
5.321348527  
0.7940800155  
-3.530377912  
0.9404108285  
1.442517067  
4.276613267  
-0.5531298525  
-1.536057442  
-0.6081452847  
3.071665629  
4.079826666  
-1.405971803  
-1.254412808  
-1.06118811  
-0.6253204509  
2.084789441  
-2.306709678  
-2.876905384  
0.3566253568  
0.1449615872  
3.981628082  
-0.5127388141  
-2.976145325  
1.677355419  
3.656192761  
3.153818943  
-1.10086902  
-5.10602182  
4.878451194  
5.272174713  
3.89912432  
0.0809841751  
-2.12260761  
-0.4288786569  
0.9785122714  
2.456892916  
-3.615135627  
-1.120641098  
-4.374142285  
1.775682424  
1.688285526  
3.403224308  
-0.6257366879  
-0.9332463544  
1.215708768  
1.120609384  
-1.550112897  
-5.418195745  
2.85680588  
3.048163125  
-1.857041914  
-2.108718392  
-1.690609768  
2.245502714  
3.971083624  
-0.5647965355  
-1.763127622  
-5.179258282  
-2.785013642  
-1.231674472  
-4.987959077  
-6.882599274  
-8.770288086  
0.200864564  
1.45778794  
0.5999084853  
-4.975903866  
-7.5082008  
2.962609467  
3.16210478  
2.693812111  
-2.85920569  
-6.810833044  
1.993522449  
5.432222266  
5.281442897  
2.21384682  
-1.550433749  
0.4653758406  
4.899011515  
2.00766385  
-2.126039774  
-1.140928581  
-1.313837041  
5.071463433  
3.505369943  
-0.8690020542  
0.1455751651  
-3.863551501  
1.441877326  
1.501773298  
1.19177358  
-3.864473198  
0.7306894426  
3.777490212  
3.152275239  
-1.620772254  
-4.213446737  
2.850139979  
3.291309199  
-3.255227071  
0.08620355523  
2.580091698  
2.333055022  
-2.711873043  
-2.056027111  
-1.579184338  
-0.959061669  
2.996710014  
-1.586616407  
-2.501565907  
-1.795276456  
2.504855812  
3.289648541  
-2.348520903  
-3.461032465  
-1.97516334  
5.439988562  
-0.7943950065  
-1.467945531  
2.441034399  
1.840417935  
-2.407167154  
-3.23179986  
2.450291449  
3.522934646  
4.0715579  
-1.097777548  
-5.333539569  
1.852510197  
3.963008419  
0.4243351963  
-3.926618509  
0.02944976304  
2.956035505  
-1.25655712  
-2.762784048  
-1.544008181  
3.264083612  
2.95555827  
0.253258393  
-1.165678727  
-5.857992951  
1.041171704  
1.136724084  
4.739262385  
0.1075667377  
-1.602682813  
-0.02622681249  
2.516265091  
2.26721273  
-4.217849348  
-1.86444214  
-2.974982447  
3.935373526  
1.210085022  
-2.050665408  
-1.303311131  
3.86525947  
5.652379847  
1.067596491  
-2.159608842  
-5.746946513  
-0.2345161407  
0.5820253085  
-1.534165757  
-8.185369497  
0.6177418392  
1.972225865  
3.038183094  
-2.775361463  
-5.311470841  
0.4552337491  
1.659444062  
3.743564363  
-1.337570307  
-1.177004926  
1.169231031  
6.229661801  
3.393990996  
-1.452190549  
-2.564122713  
-1.082250206  
3.738012324  
-1.477997986  
-1.896117903  
0.04995994779  
4.16181709  
3.833331098  
-2.71002762  
-1.798714391  
-1.522248155  
2.35240776  
4.560065733  
5.112068267  
0.4743769596  
-1.977290503  
-0.5875884831  
4.242579292  
4.482502929  
-1.740008548  
-1.057434439  
-1.296785704  
-0.4838445489  
2.818899744  
-2.200380887  
-2.697792872  
-6.08260608  
-3.342594276  
0.07922460432  
0.0323268919  
-4.264805063  
-4.601058227  
-0.2307987729  
4.039249819  
2.715004262  
-3.355771418  
-0.7173274767  
5.582971741  
4.021113201  
-2.463472284  
-2.988407273  
-5.469973772  
1.668541601  
1.81325153  
3.285397636  
-2.141970407  
-2.873748608  
-0.4322703706  
1.989668428  
3.074796768  
-3.640475388  
-1.69798971  
-0.7089122581  
4.286646368  
3.69517716  
-0.498667665  
-1.71351706  
-1.03947174  
1.511434116  
2.603686641  
3.755138995  
-1.583823932  
-2.578952303  
-1.140677161  
3.01148352  
3.32112484  
-0.1954637704  
-3.359879802  
-0.324408201  
0.8865013698  
4.068184952  
-0.9468592871  
-0.7946176877  
-2.382457927  
2.342459849  
4.672919988  
2.804826707  
-2.793838107  
-1.73960301  
2.496394687  
1.201516093  
-2.226241903  
0.4908199763  
1.822024135  
-3.205258161  
-5.883363595  
-1.147845871  
-0.2156282637  
4.501775949  
-0.3732207595  
-0.03115525098  
-1.535034078  
1.023009572  
3.314971162  
-1.954811878  
-0.4140228817  
-0.1664487722  
-2.965568442  
-2.495168025  
-2.045342604  
1.307921141  
5.047724619  
1.659176616  
-2.852190324  
-6.275008788  
0.7061741334  
1.859537676  
5.394570846  
-1.13564804  
-3.63123027  
-7.056430002  
-0.09619075713  
2.740525048  
4.572725394  
-0.7156024586  
-2.161258902  
0.08870011745  
-0.7389191373  
3.342375503  
-1.981096101  
-1.114091716  
2.314020781  
5.026018184  
-0.2243489841  
-2.333020962  
-0.6746513171  
0.09870136008  
4.441409832  
-1.868366722  
-2.008049866  
-1.021753538  
3.716451918  
4.260053541  
1.355153567  
-0.3659771371  
-1.714658199  
0.3832207769  
2.984524496  
5.682974008  
2.65170715  
0.364555556  
-0.8929612157  
-0.4365747069  
2.721647476  
4.087224677  
-0.6598312739  
-0.7967030166  
-2.000320186  
3.691203543  
4.452111451  
2.287407181  
-1.858008624  
-5.72581687  
-0.4420707237  
-0.4628583442  
2.701679935  
-2.320087595  
-0.7842052433  
-5.048879076  
1.425303057  
3.780597398  
4.581062231  
-3.891237711  
-10.72743272  
-4.125939224  
-2.37159128  
-0.3773576902  
-4.62610155  
-6.538016632  
-4.161533945  
-2.233587316  
2.738393522  
-2.032533759  
-0.7896485549  
1.061442278  
5.276681434  
4.492746443  
1.249642548  
-1.221592265  
-5.974247232  
1.87490746  
2.258125684  
1.141192057  
-0.4632294328  
-1.322979973  
-0.4338786885  
1.911386003  
2.244852229  
-2.876261514  
-1.533101486  
-2.157409796  
1.835725252  
3.479276357  
3.140830311  
-1.45567713  
-2.360174489  
4.292238596  
2.61089903  
-3.597002587  
-0.5943123996  
-3.725255201  
2.504926217  
2.066438719  
-0.2591796938  
-3.997996437  
1.329057558  
2.074647592  
3.741106364  
0.5107859419  
-0.3883260513  
-0.8196230688  
3.445316966  
1.745602838  
-4.633097027  
0.7065600984  
2.04825805  
-1.199001182  
-1.627300599  
-4.884401774  
1.457749237  
2.616800108  
4.014804302  
0.8648855413  
-1.72547485  
-0.8607338548  
-0.2305670833  
2.564014433  
-2.002547398  
-0.4706200164  
-5.11593395  
1.30303756  
3.548352227  
2.976642423  
-1.646985694  
-0.1298026339  
-0.6554265684  
-1.386823456  
5.996344489  
0.5739343076  
-1.50416462  
-0.752548093  
-1.019003476  
2.841388825  
-1.67996856  
-1.65541066  
-0.5956323286  
0.1903831795  
4.686107416  
-0.9881667826  
0.01284471689  
0.8828616186  
1.974340982  
4.693402776  
0.212702062  
-0.33860396  
-0.7827839453  
0.8554188072  
3.780904178  
-1.521261433  
1.149553713  
4.77749832  
3.811105746  
-0.7626785858  
-3.416942304  
1.388951804  
0.8874600696  
2.375849054  
-2.581182376  
-0.386780133  
-3.529989774  
1.249342011  
2.360515431  
4.155289347  
-2.936530525  
-7.159060914  
-5.18499387  
-3.502124558  
-3.193152147  
-9.317084552  
-8.112379134  
-4.647745277  
2.133517008  
-0.214307387  
-4.452526161  
-5.077906428  
-0.787305929  
1.809587306  
4.132153529  
-0.9803688463  
-1.951660942  
1.734329374  
4.738859006  
3.43547876  
-1.894085732  
-0.8206107142  
0.007284806034  
4.953761553  
2.193418507  
-3.070926928  
-0.9060079734  
-0.9121071202  
2.838232532  
2.376095546  
-2.235230809  
-1.500664689  
-0.1824025016  
5.536671259  
4.477537636  
2.089037678  
-1.097489877  
-1.289259905  
0.8504512188  
0.9565370138  
-0.7871866305  
-4.658451208  
0.9436975731  
3.129267122  
-0.4734994966  
-3.315561477  
-1.605633465  
4.836357096  
-3.26952817  
-6.061486781  
3.309929859  
5.410382415  
2.707629976  
-1.624003924  
-2.573827005  
0.07421042711  
-1.014418428  
-2.157610407  
-3.34045086  
0.3700028774  
2.13389936  
2.018492811  
