-0.5146757621  
1.446210988  
-1.203841031  
0.2097466673  
-0.06635245225  
-0.9259203031  
2.0710914  
0.3118288065  
-0.647645459  
1.244988089  
0.3825422975  
0.93940109  
-0.8655628809  
-1.722423633  
-3.187593335  
-1.181028345  
0.3028341113  
0.5285895166  
-1.443734469  
-2.589625801  
-0.3399385583  
0.5041318909  
0.4604716885  
2.5279477  
1.655389829  
3.342350493  
1.927334228  
0.3692117585  
-2.328393877  
-0.8770612641  
-1.4194715  
1.147095574  
1.8755118  
0.2570241115  
1.384836034  
-1.307127207  
2.154492475  
0.4519394159  
-1.239437369  
-1.743256232  
-0.6066484282  
-2.143763126  
0.4781534455  
-0.5259218005  
-0.7505318648  
-1.122010659  
-0.8549133409  
1.855454671  
2.083153784  
1.347782557  
0.5168206563  
0.7087324268  
-3.050171775  
-0.7297068159  
-1.460828709  
-1.37620513  
-0.7017193842  
-0.1380857071  
1.715625998  
2.282300008  
3.728086947  
2.484391547  
2.564928578  
-2.598647071  
-1.641549633  
-2.179853804  
-0.841065061  
-0.1285658595  
-0.1645305308  
0.3059369119  
-0.8475628561  
-0.5481111658  
-1.77298532  
-0.3827404645  
0.799020609  
0.4492734289  
-0.6620339303  
1.387252519  
-0.1301980115  
2.152158494  
0.2367499744  
0.4020622166  
-1.935193843  
-0.7959337655  
-1.453284872  
1.702576938  
-0.01690805239  
-2.53157116  
-0.6596923236  
1.155260898  
-1.508429905  
-1.036380672  
-1.257345123  
-0.7133086065  
0.6162490824  
-1.26713043  
-0.5040296911  
1.989969189  
-0.09592781293  
1.186366891  
1.92817728  
1.974322621  
0.04764109269  
-3.380173316  
-1.449147388  
-2.58433208  
-0.6853070148  
-1.290186177  
0.9807337752  
1.800003688  
1.354702187  
2.502957526  
1.258422596  
2.353959587  
0.1317741258  
3.051812384  
0.04886938256  
0.1403952081  
-1.228455609  
-0.3854806856  
1.894539509  
0.7674230072  
-0.6415067426  
-4.228603858  
-0.4069047001  
-1.018126697  
-2.055786898  
-0.6906734313  
2.429710538  
2.227290023  
1.286356773  
-1.953146715  
-2.215100409  
-2.23443415  
0.6793145412  
2.414798693  
0.1877153175  
0.3057522641  
-2.091789547  
0.5469538021  
1.258775219  
1.317747209  
1.585254346  
-1.679220134  
0.1857007918  
0.9488551102  
1.13907245  
1.462823542  
-3.349236923  
0.860211012  
0.1984656211  
0.3077256657  
-3.144024785  
0.02706190003  
-1.565216399  
0.3457704465  
0.1320584857  
-1.563929434  
-0.04952939457  
-0.5769572699  
2.193453524  
3.761183205  
1.578171201  
1.788269593  
-0.3323024416  
1.408385072  
0.2585602174  
0.2807233232  
-2.825769695  
0.09427185531  
-0.4345875311  
-0.2716699112  
-1.336488595  
-3.520767396  
0.7477610299  
0.2737077741  
-1.566567781  
1.368788033  
0.8011723967  
1.187987366  
-1.497423607  
-0.6317705612  
0.04308229234  
0.9902538547  
-0.7080155159  
-1.687479307  
-1.736740458  
-1.359315987  
1.420831113  
3.064339241  
-0.2383684376  
-0.5878429742  
0.3783686399  
-1.115504559  
-2.158669992  
1.563334324  
2.034475366  
-0.04246694546  
-0.2424580974  
-1.969259546  
0.2137116607  
1.454216556  
1.36307479  
0.6929024984  
-0.2975419691  
1.995698477  
0.9288146864  
-1.901398956  
-5.359107573  
0.2124579548  
0.4636443399  
-1.462048006  
-1.324376562  
-2.216022086  
1.040892196  
1.68229511  
1.764597818  
2.644163344  
0.3965208029  
1.508762821  
0.9660129949  
-1.030843112  
-2.692796401  
-0.790527516  
0.6570049569  
1.870984877  
1.709211307  
-1.183755465  
0.5325783325  
0.4017178808  
0.4653748294  
-1.708924465  
-0.5325646716  
-2.131051435  
1.661480965  
2.650399412  
1.676735167  
1.589959051  
-2.476449977  
0.6484988822  
0.8051442189  
0.1725489857  
-2.414008158  
1.58454095  
0.7694186957  
0.1184332493  
1.911340895  
-0.1541244406  
1.013746013  
1.470578074  
-0.7374727081  
-1.465478041  
-2.141041757  
-3.560829054  
-1.148356287  
-0.402496584  
-0.922022809  
0.3142196925  
0.08473336004  
0.008835274461  
-1.518706327  
0.7380705322  
1.32248985  
2.274415587  
0.4019067421  
-0.9100779021  
1.262721536  
-0.8479755187  
1.910721454  
-0.3769222882  
-0.1690930799  
-2.351064117  
-1.701289437  
0.29425168  
1.57434527  
0.2508060548  
-1.59303558  
-1.226554953  
2.625574738  
3.106070181  
2.01925608  
-1.695069064  
-0.5837212985  
-0.7063192667  
2.009059481  
0.2083236648  
0.03121451835  
-0.2123803179  
1.184648501  
3.639107845  
0.8082068783  
-3.48336147  
-2.967091432  
-2.649521587  
0.4427503579  
0.6062390048  
0.1345773112  
1.479213393  
-0.7804642553  
0.2063208292  
0.4415247308  
0.1451265616  
-0.9272424878  
0.8602205621  
1.434170547  
1.100988393  
0.7667418759  
-2.681379288  
-1.907717  
-0.9964553332  
0.8593196538  
1.396672208  
-0.8020256803  
-1.170509855  
-0.631363086  
-1.91032827  
-0.8759586886  
0.3704643844  
-0.629965533  
-0.7362306985  
0.2467655313  
1.515449582  
0.4805140519  
-1.068036269  
0.5489561388  
1.578484177  
2.922086621  
1.496279301  
-1.311529162  
0.4504760869  
-2.393845146  
-0.9285195352  
-1.796071571  
-1.913644932  
-0.5617398261  
0.6528427122  
-0.3440645619  
-0.3206898675  
1.393765944  
2.883583657  
2.167425598  
3.697657656  
0.9755775026  
4.446915389  
3.20877379  
2.657458152  
-0.3578068873  
-4.850587643  
-2.060931393  
-8.354690299  
-7.3551437  
-1.928664209  
-0.9893995775  
-1.550102734  
-1.969238488  
-0.9727074954  
-1.249641796  
0.4344306584  
1.997775105  
2.106757167  
2.459820218  
1.140256148  
1.75901979  
2.249131828  
2.43925711  
-1.945038447  
-1.244537647  
-3.381043363  
-1.575031441  
-0.2121969329  
0.1000006381  
0.4563977936  
0.4119301818  
0.673603316  
0.3532803945  
-0.7851395307  
-0.4443188362  
0.852733483  
1.023788008  
-0.4183370462  
-0.1584861039  
-0.07007838173  
1.565563854  
2.175565491  
-0.5239571005  
-0.996534437  
-0.03441965587  
-1.267794179  
1.077271918  
1.54867481  
1.238465487  
-1.296158815  
-0.1539926175  
-0.2855875759  
0.3814052615  
-0.2794726599  
-0.4311600808  
-4.188102392  
-2.499526166  
-1.875172315  
1.391132193  
1.223864087  
-0.3667060992  
0.7573718347  
-2.204083281  
1.773963387  
3.073970665  
1.238290224  
2.29867222  
0.2081465357  
0.4167781558  
1.574466658  
1.827197223  
1.283492554  
0.2981814994  
-3.014307355  
1.270808071  
0.3046752937  
-0.3860795845  
1.00428729  
0.8786069154  
0.1967209093  
0.1759129551  
-0.8846443084  
-1.849377678  
-1.426980112  
-0.1785388897  
0.724274603  
-1.465180912  
-1.851091603  
-1.139928495  
-1.580297641  
0.6972963979  
2.811669683  
-0.2990430148  
0.3819253447  
-0.4622013243  
1.321561584  
0.3928596568  
0.1419399684  
-2.397125969  
-1.059310725  
1.587755029  
1.545859077  
0.8700921831  
-1.356448628  
0.3646184821  
-2.42531161  
0.7075210819  
1.540358121  
-0.2026273265  
-0.5368683074  
-0.557889546  
2.760149044  
2.747023344  
0.6039712274  
2.225831613  
-0.4124003607  
2.906553166  
-0.07555902684  
0.1726161216  
-1.605274376  
0.1448595783  
-0.3787201963  
-0.698898224  
-2.383682715  
-2.498092839  
-1.193965509  
0.02665900076  
-0.6603646817  
-1.77130903  
1.64382618  
1.69855039  
0.4321617286  
0.8476796394  
-1.090386176  
1.113749952  
0.6982770255  
-0.1599988155  
1.370803284  
-0.9666391476  
-0.8897016825  
0.4132499768  
1.071679285  
-0.3747832782  
-0.04696283704  
-1.86432596  
0.4089249971  
-0.08527136422  
-0.9864549563  
1.007000054  
0.7079584906  
0.5826181421  
1.676375288  
-0.6425520605  
-1.424898967  
-0.4114981697  
-2.158858279  
-0.8772588715  
-1.840809918  
-0.6760579378  
-0.4989104612  
-0.03473546045  
0.6937448013  
-1.396678555  
-0.8802809417  
0.5596748366  
2.405799404  
2.199897233  
0.05996225719  
-0.07135523229  
-0.1532450431  
-0.6189681028  
1.596884412  
-1.042357464  
-1.311453973  
0.300172705  
2.548923582  
1.155326969  
2.727613435  
1.018867387  
-0.02829981406  
2.370095555  
2.112761514  
-0.1350440635  
0.4977146029  
-2.125276878  
0.3852879246  
-0.1919963722  
-3.128731733  
-4.205281565  
-1.786187573  
-0.5997978987  
1.519915369  
-0.2287936537  
-3.624328144  
-2.013640708  
-0.1961077129  
1.560263661  
0.3497332423  
0.1608263668  
-0.5054777292  
1.228753791  
0.012114116  
-0.4788790373  
0.4961044083  
0.4588223096  
1.612089129  
1.103302125  
-0.2512896569  
-3.422773244  
-1.923477805  
-2.286150737  
1.493952282  
2.241998975  
-0.2166617948  
0.178685885  
-0.5636377469  
2.898123767  
1.597779644  
-1.293840441  
0.58457057  
-1.172586474  
0.9340996989  
0.03059737735  
-0.2343377082  
0.1782142421  
0.5323333895  
2.442687869  
0.6167019029  
-0.004400437227  
-2.347516993  
2.023265061  
2.995533719  
1.746452464  
0.7918665186  
2.343711688  
0.8546991865  
0.2917997063  
-2.330454102  
-1.23733494  
-0.9858571202  
-2.881932237  
-1.506577908  
-0.3152532983  
0.5444789959  
-1.328756085  
-0.8392112281  
0.8233313346  
0.2153840278  
