-2.238388701  
-3.293773601  
-2.621804989  
1.354240036  
2.640498735  
1.232542319  
1.039797705  
0.9753455398  
3.123374145  
2.297915946  
-0.1870095475  
-0.06734337363  
0.305368356  
3.241932213  
-0.9558914571  
-2.112881384  
-1.700645494  
0.322083428  
0.6159018957  
-2.706374438  
-2.107010984  
-0.4947567563  
2.559509985  
3.091628039  
-0.8721723054  
-5.982087817  
-4.482662156  
0.04997365009  
1.939212836  
2.54759157  
0.1372607727  
-0.03075427884  
2.448405139  
4.176350949  
2.124386978  
0.2992323429  
-0.4248733927  
-4.249569384  
-1.913040091  
-0.2541577414  
0.7868844912  
-1.208002076  
-1.376834189  
-3.894009616  
0.2988277775  
1.509275732  
1.191496971  
0.3418223243  
0.3029994221  
2.560360708  
3.447391722  
3.978379938  
2.326583461  
-0.4831677889  
-3.534445545  
1.259895011  
2.069406207  
-0.6698967643  
-2.48084078  
-3.609467799  
-0.3358781016  
1.387310297  
1.189243082  
-2.842697542  
-3.595019877  
-3.549232187  
1.20857154  
3.124863973  
4.284397743  
2.380829357  
1.491968676  
1.270769964  
0.4924354329  
1.279653688  
-0.1390082256  
-1.712639385  
0.7592786815  
-0.844651567  
-3.299356977  
-3.112731799  
-2.327668575  
2.793173193  
3.839863586  
4.848648371  
1.620773285  
0.7537140708  
2.589967654  
-0.06495872682  
-3.51384167  
-5.580792451  
-4.369758862  
-1.951208077  
-0.904493879  
-0.6689960131  
-1.371355929  
-1.441188452  
1.966085741  
3.194082095  
0.5261039615  
-0.1792304815  
0.5546130677  
4.013146809  
5.483041783  
3.129651385  
1.106041317  
-2.676424627  
-4.008818269  
-2.053240371  
0.6373517462  
-2.605940031  
-5.30388871  
-1.691652126  
0.6870088519  
1.492817364  
1.246467739  
0.4355071695  
-0.1421280756  
3.213255914  
3.682068552  
1.486216702  
-1.225260395  
0.1555432874  
0.4783408695  
-6.876532465  
-6.063279112  
-3.395174673  
-0.8124306631  
1.848543064  
-1.16350568  
-1.18341959  
2.616414716  
3.352294073  
3.589970513  
1.163054441  
1.546681606  
2.15151623  
1.489881921  
2.177810134  
-1.879566629  
-2.42250131  
-4.03413909  
0.4254385267  
1.361053552  
-5.213724189  
-5.540251858  
-2.617277833  
1.337510951  
2.782537149  
2.548946407  
1.548888505  
-0.8061781909  
-0.5691484326  
0.8780495266  
-0.1462467102  
-4.550054099  
-1.683867742  
0.1081245521  
2.066537373  
2.788943919  
-1.316422716  
-1.26022331  
-0.3188349252  
1.27082904  
3.018984894  
2.138860447  
1.543983361  
1.688788981  
4.310965155  
-0.2936667827  
-0.6007851716  
-1.806847685  
0.04556484696  
1.013651672  
-0.9877346275  
-1.42315213  
-1.567937905  
-3.68112653  
-2.600345616  
-0.9553987349  
2.442626473  
3.012750954  
2.921255034  
-1.443792925  
-1.95288849  
1.424667  
0.04578102916  
-0.9706058267  
-3.839148003  
-3.807628685  
-2.749295062  
0.734318315  
1.344585188  
0.1056036341  
3.362507699  
3.240097694  
1.081630099  
-2.224980912  
-0.9652941628  
2.109199794  
1.006044374  
0.9140450523  
0.1841587807  
2.644046669  
3.40820302  
-0.1199343161  
-4.740029421  
-5.640076932  
0.5359413672  
-0.3612451355  
-0.5149865899  
0.57138233  
2.135068197  
0.3849266734  
-1.826498889  
-0.2015264909  
-0.2355548175  
1.859066364  
2.742399454  
2.606828542  
1.705446139  
-0.5364327728  
-1.031003427  
-1.308894717  
0.5562110834  
-0.4114196504  
-0.7359875738  
-0.5301366786  
1.362162081  
1.725692678  
-0.589449409  
1.403943994  
3.876984077  
4.071555873  
1.987922998  
2.013972161  
2.656063018  
3.682391876  
-0.683425838  
-4.195386867  
-8.225810835  
-6.796839127  
-2.734408663  
-4.181911534  
-3.551165278  
-2.784916853  
0.3378845599  
1.277868664  
0.9622482113  
0.6266221458  
0.3193596843  
4.577903571  
4.479400502  
3.872749733  
0.9871771717  
-2.111337235  
-0.3140382418  
2.648318467  
-1.149120615  
-3.797168427  
-3.150421468  
-0.9571303353  
2.170082398  
-0.2349965404  
-1.192867169  
1.434633703  
1.126916654  
1.772998964  
0.8569391111  
0.412014827  
-3.07767628  
-0.3904266378  
1.632862453  
-0.3048358395  
-3.392189052  
-1.520804026  
0.8924226382  
-1.460237123  
-2.838653139  
-7.01577537  
-5.856275199  
-1.122940057  
1.582921231  
2.249343216  
2.560466679  
2.378712107  
1.344347831  
5.044629526  
5.334151896  
5.228130602  
2.210345827  
0.7250823792  
-1.133309043  
0.495015573  
-3.515861728  
-5.953101246  
0.2302817792  
3.278111165  
4.000043693  
0.5414371353  
-4.475154034  
-6.350441233  
-4.310510883  
-1.442451789  
-0.2373741326  
-3.807503883  
-1.91509545  
2.178459192  
2.612909178  
3.439304082  
0.7958719491  
1.706398751  
2.914086991  
6.056514068  
5.308679937  
4.342123243  
-0.6474703193  
-4.772679456  
-2.963589889  
-0.5418380484  
-2.476571053  
-1.791440842  
-3.264656951  
-2.101201148  
-0.08580055447  
0.6845650289  
0.3069634266  
0.1701334985  
3.132154538  
4.564393013  
2.974670474  
-0.2734673703  
-1.592464816  
-3.045124961  
-1.16204216  
-1.969061515  
-2.103364576  
0.216456808  
2.142301861  
1.056077018  
-3.368687  
-1.561185721  
0.374866687  
2.627857962  
1.308741163  
2.428474869  
4.417863792  
5.819683953  
4.266814276  
-0.2192680465  
-4.317901261  
-3.99311718  
-5.412716278  
-5.138020335  
-4.363518089  
-4.386045996  
-1.249082909  
-2.227874208  
-2.176892106  
-2.720792316  
0.9448751411  
3.313744105  
3.352800279  
2.092595793  
0.03032825904  
-0.5946891253  
0.4956956514  
2.420572547  
1.895838175  
-2.206962879  
-2.906705225  
0.01375541198  
-1.869691511  
-3.281997139  
-2.951073017  
-2.32506321  
1.44673177  
2.732723016  
1.527022365  
-2.666650496  
0.7392073303  
1.961702593  
3.032570402  
0.3654582867  
-1.410410877  
0.0718688845  
2.064772792  
2.54503534  
-1.596448996  
-0.2947301762  
1.499773807  
3.745172687  
4.586668262  
5.155592475  
-0.1906428304  
-0.4698465986  
-1.20815795  
-1.663460832  
-1.681443197  
-1.724948967  
-2.651197833  
-1.630709862  
0.3182468781  
1.680780293  
0.5317669614  
-1.436341957  
0.08400450436  
-1.398651469  
-2.065136852  
0.4540895322  
0.7418251218  
0.02541860092  
0.71652783  
3.330990025  
3.512002193  
3.152499846  
0.8618170847  
-1.02137505  
-2.322483805  
0.1078080318  
-0.9021830165  
-0.7319346603  
-1.091111135  
-3.54630558  
-0.373582803  
1.19410577  
0.6363803032  
0.141293879  
0.03202975119  
3.714982155  
4.769306645  
4.799805762  
1.249057678  
0.9451664552  
-0.9580155665  
-1.317415965  
0.2926653872  
-2.447717869  
-5.071363327  
-0.6823522384  
2.463454738  
2.013007463  
-0.6504028082  
-2.668283643  
-1.812768517  
1.784321417  
2.563452172  
2.264097423  
-1.754452004  
-3.304277321  
-3.275932539  
-1.235388107  
0.6677309411  
-4.126104294  
-5.12884789  
-2.138444822  
1.720725404  
3.439307818  
2.726819946  
2.795154905  
4.705132752  
3.860015554  
1.363146182  
-2.343169001  
-3.1643357  
-1.468477392  
-1.702815942  
0.2471886062  
-2.664323885  
-3.99887605  
0.3580546857  
-1.013267541  
-2.98156006  
-1.348243203  
2.590620305  
3.706928796  
1.812318905  
0.8326655646  
1.741438972  
4.505483982  
1.251934905  
-0.4594477587  
-2.253166437  
-2.47262599  
-3.721725794  
-0.7604184505  
1.196376026  
-0.3039416108  
-2.585812206  
-3.177788781  
-0.3870151858  
1.580136667  
2.98269951  
1.499869771  
-1.43704937  
2.19341059  
3.136842509  
2.08736505  
-0.7699719651  
-2.37426727  
-2.292916342  
-4.445151983  
-2.208696025  
0.1002998188  
0.4574282761  
4.193204473  
4.106753123  
3.593867594  
0.284590556  
-3.262121104  
-3.142149045  
-1.214035956  
1.530823984  
-0.9818598372  
-2.191823964  
0.6477121694  
2.367607355  
2.123313111  
1.282174455  
2.157622573  
2.072640683  
-2.031138903  
-0.2630044214  
-1.202547697  
0.8190967852  
1.955490461  
1.354646043  
-0.9202316159  
-2.249177016  
-1.396288237  
1.313114912  
1.607996022  
0.1713428149  
-1.643575399  
-4.154586318  
-2.785552287  
0.6179327786  
1.103332619  
-1.171172759  
-1.748604516  
-0.9460980772  
0.7200340211  
0.8548776539  
0.2183539337  
-1.514379691  
1.403237907  
2.240955556  
2.858312487  
1.989739542  
1.630828926  
1.917865942  
-0.307569981  
-1.521091378  
-4.936677159  
-2.606274764  
-0.2478473229  
1.793075241  
3.537636986  
2.463878766  
1.002016074  
-0.6041662215  
0.9966375919  
0.7337064971  
-1.286715323  
-1.367359331  
-0.6603785718  
1.898561071  
0.3880963251  
-2.805437494  
-4.044239521  
-0.8057922499  
0.3170574339  
-2.658803904  
-1.414582617  
0.003160673729  
2.928072497  
2.199254811  
1.898159677  
3.53358445  
4.872207526  
1.213014621  
-2.742515234  
-5.335071125  
-2.681665689  
-2.243056699  
-2.410339489  
-1.911710556  
1.326051492  
3.871325621  
1.994272753  
1.016832049  
