-0.5355328327  
0.2008634978  
0.2069887762  
-1.211144048  
-1.318256682  
0.1234824973  
0.4393782948  
1.157405818  
0.3337647592  
2.188810376  
1.150791266  
0.5432713281  
0.3735016415  
0.569240803  
-0.5893734787  
-0.476380128  
0.2876635343  
-1.331162508  
-1.901913968  
-0.9531117174  
-0.6533904507  
0.2329883536  
-1.061261362  
-1.018781749  
0.7800723679  
1.834112034  
0.8379948342  
0.5311531706  
0.6836253906  
0.531692353  
0.8158299244  
-0.4115490306  
0.499909824  
-0.04601386092  
-0.2099717479  
-0.779832308  
-1.043220914  
-1.780018981  
-1.092929533  
-0.356828875  
-0.1010817254  
0.337496651  
0.4035314681  
-0.8345349888  
-1.048128279  
-1.229029474  
-0.3314860632  
1.275796301  
1.96522628  
1.991498741  
0.9408623661  
0.4634925982  
0.8525531875  
1.674313498  
-0.5839775694  
-0.9712751229  
2.14355367  
-0.1709169963  
1.663483157  
0.7833105914  
1.60014088  
1.684155078  
2.004495389  
0.4063741509  
-2.165684441  
-1.069587159  
-0.2970557777  
-0.7007358568  
-1.230034584  
-1.290623207  
-0.9527231278  
-2.076117922  
-2.002934023  
-2.318780843  
-1.646654212  
-0.7235122525  
-0.4751294134  
1.504830383  
0.9408798949  
1.818993642  
-0.1507129352  
1.379966606  
1.067305921  
1.80596377  
1.740735057  
-0.1845405765  
0.01626261356  
0.2459346155  
-2.169086066  
-1.730390746  
-2.694195405  
-2.32595852  
-1.096379037  
-1.291989448  
-1.104358112  
-0.4528603889  
-0.7380373874  
1.348072543  
0.7844481039  
1.645455917  
2.218600517  
1.01727229  
0.1461810939  
1.154759663  
0.4632788461  
0.5574738432  
-2.157613079  
-1.902400988  
-1.101144494  
1.233078013  
-0.2105358524  
0.07298214482  
0.4824497336  
1.318897267  
2.1789844  
2.06042758  
-0.5280532691  
-0.59641775  
1.065298736  
-0.02060667495  
0.1956618921  
-1.147242849  
-2.672869867  
-0.8894861065  
-1.7510927  
-2.953050742  
0.5588282976  
-0.9951753368  
0.5615826829  
0.5712809843  
0.3582666536  
0.1665059719  
1.284096957  
2.484706714  
-0.5241133754  
0.675225089  
0.277550746  
-1.563551495  
0.6971840738  
0.4799444041  
-0.2236948631  
-0.9310333485  
-1.578981097  
1.605188944  
0.09649558208  
-0.1225806228  
-0.6665297217  
-1.184908173  
0.7084741157  
1.634862913  
2.152337679  
-0.1184984234  
-1.229317087  
0.94774022  
0.6667756216  
-1.442393279  
-1.613790556  
-0.8412359711  
-0.1065470246  
2.543433094  
0.5565019309  
1.2891006  
0.1605282457  
1.28655836  
1.440696275  
0.1296415798  
1.709857246  
0.6317948492  
-0.2916338242  
-0.1301870563  
-0.1661516889  
-1.181233674  
-1.979258016  
-0.1149472328  
-1.190977525  
0.3450002988  
-0.8068361229  
-3.030296821  
-0.9607826348  
0.3264171748  
-0.0699033208  
-0.7619854373  
-0.8056416629  
-1.261633108  
-2.884845297  
0.07733150447  
-0.2729420012  
0.3892028571  
-1.664552019  
-1.042185877  
-0.924458175  
-1.423674722  
-0.3753552548  
0.2249644063  
1.010012271  
1.219707576  
1.513908636  
0.5266632114  
-0.6256039897  
1.114868155  
0.8617058039  
1.29132728  
0.3054299684  
0.6482331844  
0.5778142437  
0.2724473052  
-0.5117421596  
0.3379511804  
-0.1833874659  
-0.2843776788  
-0.9158766758  
0.434566813  
0.9257778571  
0.5942380984  
0.4753541878  
0.6697110845  
-1.251591298  
0.8346750037  
1.799813275  
2.51596277  
1.310032362  
-1.017767307  
-1.086370272  
-0.2818383591  
1.808081879  
0.8237382511  
0.1173043113  
-0.6753091277  
-0.575074017  
0.6908235275  
-0.1912075877  
-0.4670336259  
1.500537958  
2.610846472  
1.280843204  
1.919335306  
2.023020872  
1.810438073  
-0.4116551528  
-1.819696871  
-2.501092608  
-2.76866149  
0.05144917972  
-2.052284624  
-1.67202451  
-2.223694282  
-0.8277465347  
0.8175649979  
1.718706208  
1.578423778  
2.897139339  
2.314703398  
1.513139537  
2.502007203  
0.05259478283  
-1.926231393  
-0.3338288287  
-1.434464519  
0.58007456  
-0.4150765002  
-2.355475932  
-0.7694576456  
1.294000439  
-0.6548959009  
-2.460098341  
-1.240840214  
-1.903953188  
-0.3511436581  
-0.08735949334  
0.6162220793  
-2.212339675  
0.346709006  
0.5813177017  
-1.12341217  
-0.5252721103  
-1.255832117  
0.1789376134  
-0.5201412693  
0.02352414723  
-1.581700995  
-3.425389979  
-0.4137848325  
-0.7517013796  
0.3930409945  
0.9882418394  
0.8624739662  
1.215158459  
2.180486705  
3.431496389  
4.238577069  
-0.01140080616  
-2.142108471  
-0.5594293087  
0.2402519774  
-0.315601091  
-2.139491983  
-2.183759564  
-1.606302847  
0.007180568438  
-0.4945051014  
-0.6739055624  
-0.9350595609  
-0.6460284713  
1.523517591  
3.616811656  
0.6684152205  
0.7599187842  
0.8668792847  
1.297255822  
2.950036883  
0.8416450694  
1.025358423  
-0.2031282306  
-0.3653524719  
2.501732594  
1.715168148  
-1.317570898  
-2.569314868  
-0.5894294849  
-0.4737248091  
0.122573192  
-0.4830155178  
-0.7981564991  
-0.8257287059  
-1.112391457  
1.067050083  
0.5311220884  
-1.390876829  
0.3006159745  
-0.5339308066  
-0.1242020193  
-1.775393863  
0.6878905538  
-1.555432171  
-2.833584233  
0.1617862141  
-1.732811666  
-0.4920123406  
0.5579557165  
2.035644379  
0.3357686186  
1.086619698  
1.114121652  
2.870299009  
0.7159158316  
1.449210889  
1.874188869  
2.021291236  
1.922340535  
-1.706578651  
-0.6395873617  
0.1136804168  
-0.5539758135  
-2.212305133  
-3.440850111  
-2.581899161  
-1.684762467  
-0.202175065  
-1.371801283  
-1.237490052  
0.1840725281  
2.130000869  
2.874682774  
1.809439278  
0.4538547113  
-0.7258303201  
-2.183664372  
1.589482758  
0.9043794675  
-1.165398872  
-0.9354163324  
-0.4686327751  
-1.066531114  
-1.747580823  
0.8007998976  
-0.6766526364  
-0.5064117339  
1.438969835  
0.7350614112  
-0.5512652583  
-1.492747816  
-0.4545715174  
0.3451173177  
0.8792772398  
-1.538483713  
0.7649431171  
1.29727145  
1.034383571  
0.2817292505  
1.19388925  
0.1051611784  
0.2912742839  
1.895243772  
2.463477102  
1.844776787  
0.4253608974  
0.7575277823  
-0.05207664911  
-0.5729448072  
-2.540087156  
-1.686899251  
-1.349993257  
0.4000157513  
0.1406908989  
0.0437518975  
0.670443234  
2.109951495  
-0.4401643403  
-0.2242014575  
0.4803214269  
-0.4319724768  
0.2687388875  
-0.9815299898  
-0.2499150485  
-0.9576726835  
0.7085926746  
0.4379886587  
-1.714752303  
-0.7482205834  
0.5616701964  
0.7756921506  
0.9969478959  
-0.5041240072  
-0.8309637925  
-0.5619908783  
0.7660890004  
-0.87041423  
0.7531310799  
-1.280987172  
0.7331044042  
1.328020901  
0.3479462731  
0.5887660889  
0.5411195354  
-1.019682991  
0.3078316298  
0.9529278599  
-3.134059116  
-0.2660250823  
-0.6800664962  
0.6355980764  
0.3205219738  
0.6580174306  
0.2160948498  
-1.291163589  
0.2468209529  
-1.200812844  
2.414335679  
0.6701173605  
-1.333410321  
-0.1455827013  
0.4644489546  
-0.02267002387  
-1.192531296  
-0.1438998231  
0.4858443708  
-0.08285370537  
0.698309928  
0.3808269831  
1.009929637  
-2.030283466  
0.8452347223  
-0.814368072  
1.026962316  
0.7402881008  
-1.170277985  
-0.6643780284  
-1.139182367  
0.1709982408  
-0.90176562  
-1.360627804  
-1.017071554  
-0.562866075  
0.06287108264  
-1.003205611  
2.182621772  
1.138892993  
1.568834129  
1.7558249  
1.80322449  
-0.241125632  
-0.1349725462  
-0.03107933215  
-1.859110385  
0.6864789585  
-1.340458617  
1.401247471  
-0.1356777816  
1.263054329  
-1.018891593  
-0.9744737161  
0.7368193369  
-0.7506989105  
0.8581320751  
-0.3117894434  
-0.1790925171  
1.129203505  
0.05555406265  
1.953149107  
0.2402911212  
-0.280851706  
-0.595221801  
-2.007177479  
0.2059778629  
-0.4029497565  
0.1136142115  
0.9335702258  
0.8723662822  
0.8236043862  
-1.62310977  
-1.347255124  
0.3324780018  
-0.1398411202  
0.5051071245  
-1.112560176  
-0.1494095352  
1.418211127  
1.10626852  
-0.5860156191  
-0.05461551566  
-1.007034163  
-1.177364399  
-0.8818226126  
-0.9619802435  
1.384696221  
-1.038806284  
0.8883771815  
-0.6121343261  
-0.1977345385  
0.08699461059  
-0.3654510552  
0.5293456762  
1.16850798  
-0.1659948756  
-2.885767068  
0.5265646555  
-0.167459885  
-1.253848948  
1.277673795  
-0.4061503522  
-1.945969062  
0.7759959472  
1.2935472  
-0.04061944652  
0.3761904313  
0.3209129801  
2.422395637  
2.754188758  
-0.5931645046  
-1.330874915  
0.8578818815  
0.3257144118  
-0.8791064976  
-1.266079767  
-2.525911141  
0.2051294665  
-0.5916993845  
-0.07080009806  
0.9443905152  
-1.070210518  
2.329094599  
1.926681257  
1.905425931  
0.9858377809  
-1.214939549  
-0.6235343575  
-0.7423394198  
0.2239536178  
-1.976070435  
-1.02739048  
0.2150166275  
1.937281235  
-0.5753755644  
-2.113598329  
0.003267265512  
-0.04910807181  
1.101514146  
1.610384421  
-0.2991937188  
1.65288281  
0.782917729  
-0.5776789171  
-0.9203621368  
-0.239464227  
0.5577705034  
-2.46068575  
0.5837505726  
-0.2259196704  
-0.6036131204  
1.29510694  
