-3.149174762  
-1.851890221  
0.8532126609  
1.067099143  
3.468179572  
1.933287341  
0.8261202892  
1.507550261  
-1.358042483  
1.056818473  
-0.5749612517  
-0.3515928748  
1.573614338  
0.4654335691  
-1.820060166  
-1.982312959  
-1.009934646  
-1.162991522  
-0.9436562154  
-0.934799769  
-0.7324498053  
1.110342584  
1.093337688  
3.06733543  
-0.1036370346  
-3.481925566  
-2.315861691  
0.7429025044  
1.459102293  
0.02922761887  
0.6308175227  
0.386058738  
2.629186608  
2.364146795  
0.3999858235  
-1.408450821  
0.5264879659  
0.2759059902  
-2.02661887  
-1.403025743  
-1.337576017  
-0.3973473008  
-2.450735268  
-4.424234149  
-2.188773934  
-0.2620019572  
-0.4101467131  
1.814887055  
1.591363383  
3.51415673  
3.126265729  
3.619931876  
1.634784984  
-1.652428821  
-1.810818964  
0.7647479605  
0.5156513349  
-3.326659502  
-0.7644253023  
-0.4250915363  
2.965183956  
2.88207215  
0.8997879864  
-4.703962703  
-4.543249401  
-2.402130417  
0.5869671269  
1.947549252  
1.577908395  
2.100737166  
2.565005363  
2.215519403  
-0.2702989505  
-2.804870375  
-0.6026468865  
1.177473136  
1.997494928  
2.297490009  
-1.394316311  
0.2950149453  
1.399207873  
3.119001027  
4.041449793  
2.876612016  
3.406013367  
2.842927048  
1.013699345  
-3.741518078  
-9.403313792  
-8.632350979  
-4.756572144  
-1.894856431  
0.8683880409  
-0.4612699602  
-0.5813376442  
1.019846244  
2.271604618  
2.320875479  
-0.4470311359  
0.2561694341  
3.357043276  
3.051475391  
4.285270044  
1.581875583  
0.5415513991  
0.8391504093  
-5.163467506  
-4.251568539  
-2.263350521  
-1.629950002  
-3.852023528  
0.2017737445  
0.1238852328  
2.48261327  
1.480454944  
2.764554923  
1.111346216  
2.019387643  
1.965817585  
-0.1995846034  
1.276589864  
-0.7131317153  
0.7024134661  
-2.68271234  
-4.317397  
-4.845754644  
-0.9749741885  
-2.406379595  
-2.028211754  
0.4904745399  
2.470707054  
2.943341014  
1.955283206  
2.677658952  
2.40431735  
3.694965234  
-2.294616555  
-1.228574005  
-2.72067548  
-4.409313657  
-4.051254636  
-3.758580652  
-2.71916402  
-5.763633939  
-3.675393351  
1.694295883  
2.548757492  
3.760604618  
2.320120549  
1.392539886  
0.1985631963  
-0.4206419073  
1.854383055  
1.367371097  
-0.7948028445  
0.7060576342  
1.314584337  
1.07996878  
-0.7582471489  
-1.410924263  
-0.8072063622  
1.510144938  
-1.320593419  
0.4398016032  
-0.05271722874  
-0.9024369063  
-1.002130607  
1.482883514  
-1.065003969  
-0.1737247711  
3.248220424  
2.525873771  
3.643697856  
3.890909004  
1.840618643  
0.1667316896  
-3.823573486  
-4.533042982  
-0.7408577557  
-0.3336377288  
2.837605067  
0.9311906546  
-1.31026453  
0.6535132946  
3.338339066  
1.506907844  
-3.050883453  
-4.409856831  
-5.185060658  
-2.75079281  
0.3098127421  
1.561731196  
0.706610342  
2.914671952  
4.337335149  
1.709410087  
-0.435016249  
-2.604912321  
0.6767047823  
0.7332152922  
0.3219928227  
2.957578791  
0.6354389536  
2.329999835  
-0.595119853  
-5.902791242  
-2.847909103  
0.6962129514  
-0.510000517  
-1.75638526  
1.045146207  
1.161993588  
-3.657208443  
-1.893354359  
-1.281047192  
0.6176419321  
1.180786446  
3.858331102  
2.260794418  
3.556176367  
2.58685223  
-1.27134917  
-0.3848946194  
-1.423327651  
0.5573036  
-0.259205385  
-0.9842710953  
-0.2753772937  
0.4593042763  
-1.136344225  
0.7621675063  
2.662448974  
3.950847006  
4.190275037  
2.47833161  
4.245445974  
3.650873651  
1.210637458  
-5.939293085  
-5.310670137  
-6.006641801  
-2.486183595  
-4.172472014  
-3.585127359  
-0.7303208049  
-0.1350797438  
0.1482617258  
-1.293518816  
-0.4288184829  
0.4928878513  
3.25067386  
3.756807657  
2.566770995  
1.818309632  
-2.529852952  
1.464697986  
2.027446957  
-0.1292184425  
-2.572019804  
-3.460167106  
0.1555494854  
1.01763802  
1.447657364  
-1.758059099  
-1.305133248  
-0.6976986929  
2.107535214  
1.832011707  
1.840154995  
-1.745721472  
-1.055690634  
1.077953296  
-0.9219074521  
-1.027235273  
-0.6769830236  
-0.4681323047  
-0.9236132667  
-2.922119792  
-3.024220995  
-2.233857179  
-1.398000367  
-0.8679281627  
-1.529305946  
0.5391287863  
1.89673698  
3.709553277  
4.089499178  
5.038678107  
3.849384835  
5.436349734  
2.798116604  
-0.5484135296  
-4.411709257  
-3.673098682  
-5.67126166  
2.314801333  
2.274251713  
3.921712705  
-0.1158967273  
-3.306879643  
-3.500004241  
-5.319226285  
-1.044449816  
-3.515135058  
-4.265620319  
-1.437513439  
2.109015842  
3.044632638  
2.27364934  
3.731157988  
2.900229678  
4.349522943  
1.916517171  
1.711995792  
-0.4429386708  
-1.136097291  
-4.775023017  
-1.974281191  
-1.221964999  
-1.309408098  
-0.1319720891  
1.422207353  
-0.7542307321  
0.7882486767  
0.4574849148  
1.094918123  
0.989040749  
2.076007479  
2.028448225  
1.101462322  
-1.020517208  
-1.652755374  
-1.923277164  
0.6709200241  
-0.1963994279  
-0.5184503399  
-0.1524808685  
2.830595698  
0.6300179633  
-1.964697852  
-2.367032408  
-0.4110909202  
0.7475382752  
3.137710103  
2.98172063  
5.548614379  
4.799716785  
3.075002397  
1.897628765  
-3.764155956  
-6.460232846  
-7.667463332  
-5.095972841  
-1.154408761  
-2.416585755  
-2.16941199  
-0.3077383204  
-0.001074614616  
-0.6243494326  
-0.177404968  
2.903828697  
0.5835945554  
1.166009854  
0.3954401528  
0.3150987023  
-0.6598544089  
-0.6406659838  
-0.7755700924  
-4.034779766  
-1.188253421  
0.6301192437  
-0.6742721005  
-2.322328809  
-2.095663565  
-1.379349962  
1.459690773  
3.443082898  
2.740182975  
1.047334408  
-0.6511161435  
2.143693537  
2.527525755  
2.094595013  
0.5162470391  
-1.797479677  
0.1547192899  
-0.6740950084  
0.8089767996  
1.178309559  
2.67071262  
2.899714242  
3.281349888  
0.09379051327  
-1.470747452  
-1.072158725  
0.8407045509  
-1.24819164  
-1.066384143  
-1.545958619  
-0.7787485315  
-0.1481138493  
1.3426243  
1.016365053  
0.03013922449  
0.08856581136  
1.014155459  
0.9104893031  
-4.355643926  
0.4882766194  
1.429603655  
1.477375634  
2.0202258  
2.997776726  
0.689258439  
1.361289941  
0.5001233475  
-1.179619377  
-2.983423659  
-2.737255939  
-2.766211237  
-3.103995421  
-5.014129018  
-3.80678017  
-3.291392405  
-0.8985127228  
0.6307306409  
-0.3250769333  
2.367247039  
5.330686032  
6.11842584  
5.486944437  
3.684574796  
1.210508784  
-1.513253836  
-3.787905237  
-0.6694313506  
-1.106014461  
-1.684873204  
1.842292641  
2.144096064  
1.482677466  
-2.409119831  
-0.4629435624  
-1.627875497  
1.537385274  
1.713821946  
0.004999801018  
-1.768577599  
-2.732715914  
-0.4117807715  
-0.9253986459  
-0.6726503939  
-1.001405227  
-3.018627148  
0.08970076749  
1.534112823  
3.86054379  
3.360113355  
4.258284615  
3.291030279  
1.684135879  
-0.1420945116  
-3.142629485  
-3.435970652  
-3.597257774  
-3.566774358  
-3.877451303  
-1.771300132  
-2.394215256  
0.5168597992  
-0.1641141578  
-2.398464284  
1.379521093  
2.656473293  
4.168337314  
1.495273458  
-0.203511184  
2.67309087  
3.328132702  
1.302561203  
-1.056608079  
-2.048929434  
-2.471097817  
-2.312006965  
-0.05237730514  
1.837709219  
1.247147481  
0.3410983741  
-1.338521471  
-2.381231887  
0.989258607  
1.753049951  
0.09261130918  
-3.757959541  
-0.8139835747  
2.299814537  
-0.8601803147  
-1.651714338  
-1.864733554  
-2.947185581  
-2.059470591  
-1.229279559  
0.9413092055  
2.392731555  
4.20211037  
5.262183017  
1.37570427  
0.2983514299  
-0.7137356363  
-3.753615061  
-2.001455538  
-0.06328173998  
-0.6672919872  
0.3479106984  
1.842688301  
3.846693358  
3.103070665  
2.228840483  
-1.807892973  
0.9845137939  
-3.556455407  
-0.3493146261  
-0.7103850702  
2.235713374  
-0.02720016593  
-0.5881755526  
-1.6599634  
-1.696930209  
0.2200040109  
0.471627894  
1.12226545  
-2.12378929  
0.3459588008  
-2.727337843  
-2.661339224  
1.749432007  
1.798783159  
1.665391452  
0.3461391595  
-1.611066877  
-0.8784544442  
-1.019202805  
-2.306074999  
-1.045334793  
0.0372473161  
2.463057707  
1.100447078  
3.701371277  
3.935940022  
3.370164931  
-1.583544347  
-2.345020124  
-4.396930253  
-2.855675233  
-0.6829238493  
1.545599252  
3.124735095  
4.654495993  
1.362920557  
-1.92835542  
-0.7526074485  
-1.41859736  
-2.095774167  
-1.53366938  
-0.3043615388  
0.2167044517  
0.8553508297  
-2.057328442  
-3.249388059  
0.9746325449  
1.071515557  
-2.555100647  
-2.033852283  
-0.242238838  
1.529890223  
2.51641435  
3.292633514  
0.4689942243  
2.547320731  
0.5387974853  
-1.916393606  
-1.636223627  
-2.165759633  
-1.261838052  
-2.166794186  
-0.6608512133  
0.8623919718  
2.544067569  
2.417163586  
0.4127852556  
