-0.949613969  
-0.319716987  
-0.8564329987  
1.105355639  
1.610836837  
2.255608594  
1.585949994  
1.09568918  
1.114705324  
0.8983424865  
0.9096450215  
1.37618381  
0.1658579328  
-0.4314621633  
-2.446214512  
-2.753984289  
-3.215868266  
-1.295971299  
-0.8571886515  
-0.4747822542  
-0.2045124906  
-0.2425413949  
1.457097648  
2.260444004  
1.41894693  
-0.5558757104  
-3.037976278  
-1.771477655  
0.06358073549  
0.213045451  
-0.4637733555  
-1.810100196  
-1.074794941  
0.3462428927  
-0.08362537533  
0.3135559137  
1.1918925  
0.1047381392  
-0.362656276  
0.9839143794  
0.4650590695  
1.446985969  
0.3867188458  
-2.045087929  
-1.101963448  
0.01489341629  
0.127254538  
-0.2464214553  
0.07236375419  
1.240671833  
1.108342991  
1.536225913  
0.1705785786  
-2.512484643  
-3.790328035  
-1.141277698  
0.6534196159  
-0.8954983484  
-0.4802123014  
-0.4729681774  
1.000897759  
2.71181246  
3.693336295  
2.838123485  
1.901037814  
-0.01840823526  
0.9850362688  
1.074016636  
1.752906567  
-0.1813940995  
-0.4918690885  
-0.4647366914  
-0.2851934325  
-0.2489090598  
-0.1504096614  
-0.7552997335  
-0.7228535235  
0.9742644977  
0.590005308  
0.8863987217  
0.8476877399  
0.6789958505  
1.138897355  
0.5359888586  
0.6218646539  
0.1483708901  
0.959442036  
0.9667887951  
-1.477312328  
-3.224064297  
-3.280472491  
-2.524618217  
-0.5042025553  
-1.656315817  
-2.588837048  
-3.235177828  
-1.470096865  
1.217018382  
1.269636043  
0.823564915  
2.505185974  
4.509318269  
5.993695967  
3.837468733  
0.01171143398  
-1.749145142  
-4.170663955  
-1.618129481  
-1.393062259  
-3.585791755  
-4.994096561  
-3.291285525  
-0.758260385  
1.097607277  
2.629660578  
2.182089614  
1.409731119  
2.619313475  
2.816935802  
1.398681144  
-1.59227093  
-2.397949644  
-0.3960979957  
-0.2870154196  
-1.733517739  
-2.07156643  
-0.5406398531  
0.4185435682  
0.3834416133  
-0.2082857647  
0.1579095437  
-0.1661925693  
0.5733578054  
1.29532584  
0.2489309372  
1.212884032  
2.389572987  
2.475123268  
1.100473973  
-0.3770976766  
-2.77892911  
-1.873947428  
-1.062965368  
-4.156000772  
-5.032852727  
-4.291637379  
-1.553118262  
-0.1822421317  
2.042807135  
1.791830693  
0.1374115873  
-0.4908317216  
0.9207938747  
1.379452938  
-0.7355484616  
-1.120184599  
-2.232438918  
-0.6883994642  
1.409961464  
0.3467278322  
-0.2961944497  
1.112256719  
2.168125992  
3.492946177  
3.180002112  
0.9200349042  
-0.7716821079  
0.2448466854  
-0.277225217  
0.5709080015  
-0.6383989404  
-0.6512240366  
1.157248914  
0.417589436  
-0.4881283571  
-0.08283791617  
-0.8054700051  
-2.221462902  
-1.416720919  
0.3677483944  
1.233335782  
2.01428372  
0.9006317948  
0.2517552906  
1.63239156  
3.012578801  
1.0332451  
0.3007571167  
-3.071859957  
-3.247745461  
-0.02832745057  
0.1720016442  
-1.727673343  
-0.4954197783  
1.611418033  
-0.253539973  
-2.717060553  
0.3709219931  
1.186813355  
1.597120745  
1.73104629  
1.0159176  
1.579393001  
1.910166702  
0.5722071777  
-2.310137577  
-1.852980479  
0.8206591805  
-0.1499876466  
-1.361855726  
-1.044750967  
1.064812029  
0.4142607856  
-0.4780900892  
-1.62217004  
-1.658947002  
0.2683888132  
1.850528882  
2.616348966  
2.504936797  
0.4260795476  
-0.6446011783  
-0.6799089152  
0.6126099515  
0.4667021691  
-2.447793028  
-3.182597538  
-0.9688332261  
0.5243180219  
1.026293578  
1.542252036  
4.169981074  
4.123620643  
4.920574108  
2.253898472  
1.715579573  
1.685486507  
-1.498476248  
-2.952485363  
-6.037845004  
-4.778576445  
-2.995130397  
-2.691431167  
-2.110652439  
-2.88085262  
-1.79682887  
-0.6673852958  
-0.8902862451  
-0.711089749  
-0.08946797514  
1.760973024  
2.048227883  
2.479328382  
3.00088752  
-0.2779282784  
1.076939905  
2.691913462  
1.274883016  
1.688980744  
1.534158489  
0.8289831427  
1.581339896  
1.006212678  
0.8287839153  
-0.2729512126  
-0.4990200082  
0.4899612978  
0.01858987629  
-0.1547324624  
-1.89417513  
-1.427333677  
-0.359368198  
-2.256893687  
-1.196888582  
-0.9025187865  
-0.5795117333  
-0.5536241773  
-3.284648934  
-5.015791254  
-3.929752243  
-1.127478551  
-0.5538379606  
-1.648932733  
0.5928315852  
0.903924901  
-0.4691076246  
0.989992454  
3.103624912  
4.038997678  
2.797243501  
-0.1100685936  
1.991743434  
2.784448245  
0.6111310918  
-2.581469032  
-0.4069024436  
1.387493952  
1.034843461  
-0.07730246304  
-0.7873675033  
-2.211438192  
-3.360342623  
-0.47671696  
-1.011969319  
-2.898191968  
-3.519082161  
-1.343890143  
1.610693089  
2.838755476  
1.755809912  
1.931821222  
2.94695338  
5.186294003  
5.534565697  
4.308671862  
0.7994343823  
-2.496923558  
-0.2271493067  
-0.7250262006  
-2.407130557  
-2.849737574  
-3.336070125  
-1.842868346  
-1.782554421  
-1.167571176  
0.3240233568  
0.5556612935  
0.6152118521  
2.248512159  
2.137355417  
1.493602729  
0.3368092022  
-2.706048761  
-1.284068877  
0.6015864178  
0.9885607162  
-0.5621509593  
0.8793733242  
0.7512134548  
-3.301762245  
-0.3422806546  
1.309199493  
2.334024987  
2.990608488  
2.910568268  
3.653003713  
2.691399715  
2.576277148  
-0.6166287436  
-2.922748407  
-0.6308775918  
0.03054310577  
-3.337756374  
-7.240793082  
-5.995905512  
-1.531669565  
0.1541820906  
-0.2193370438  
-1.239259559  
0.7032689693  
2.950391462  
3.544548618  
2.823804496  
-0.4189428944  
-4.032953331  
-3.153774654  
-0.1030252599  
-0.3810784975  
-1.737319693  
-1.148921476  
0.2613069791  
1.692383536  
0.4934884392  
-0.8819890235  
-2.59716915  
-0.7895063147  
2.252059746  
1.528516205  
-2.24581528  
-2.121404437  
0.9118518515  
1.486240996  
0.4813146518  
-1.791162874  
-1.559166996  
0.8518400798  
1.140841584  
-0.3414835827  
-1.683864513  
0.02861602638  
1.688700742  
4.005875601  
4.576668615  
3.426743422  
1.514884721  
1.982152613  
0.4552413145  
-0.151230363  
-1.762851445  
-1.955020019  
-1.38678251  
0.2678897845  
0.0880529402  
0.5626149372  
0.2590791423  
0.07391673975  
-0.2147596643  
0.7710127098  
1.461061651  
2.535841991  
1.172858521  
0.3967596358  
0.5822195955  
1.289920824  
0.6514460009  
0.9622493623  
-0.2876695574  
-1.206957413  
-1.801593294  
-1.896553076  
0.06569190992  
1.371402633  
-0.6759104144  
-1.128865652  
-0.6650404496  
-0.7274405207  
-0.7614853113  
-0.9308533097  
1.55908386  
3.43080178  
3.482954066  
2.82239424  
2.165814442  
-2.154984206  
-2.183569801  
-1.123056205  
-1.178213996  
-4.828588757  
-2.074202393  
-0.5025565052  
1.003594688  
-0.8255038586  
-0.2063361904  
0.9599850837  
2.185433178  
3.199079419  
2.078370291  
0.9747589556  
-1.794080375  
-1.387301251  
-1.98082132  
-1.104530277  
-4.587578756  
-4.342308743  
-1.796691004  
0.5036742001  
0.360778999  
1.620927059  
0.2263836071  
-0.3033040679  
1.093796908  
1.743034681  
1.699593301  
-0.1936036953  
-0.5160312267  
-1.73817228  
-0.2114642821  
-0.6983540223  
-3.632527229  
-1.533708543  
-1.684562696  
-1.630717244  
-0.8008186601  
2.194594188  
3.401785784  
2.879013694  
2.278631701  
2.706024969  
2.67423973  
1.366697575  
0.644806489  
0.6297993543  
-1.096874683  
-2.96683722  
-3.215269892  
-1.014456509  
1.287464175  
1.298873732  
-1.096531913  
-0.1609586543  
1.679849631  
1.840213974  
0.5786078357  
-2.270079407  
-2.566937309  
1.536256539  
1.557273083  
1.33239623  
-0.1413991481  
-1.987410075  
-2.842874013  
-0.8651802474  
0.9991536263  
-0.6131677329  
1.137053271  
2.913456102  
3.136990706  
1.403863338  
-1.977363018  
-4.450487863  
-0.9907004628  
1.105298137  
0.2624641107  
-0.4106303203  
0.5413465766  
2.83146323  
3.531821888  
0.7831954838  
0.4529744113  
2.613201988  
0.9875215719  
1.08216576  
0.1563078008  
0.3620727634  
-1.259514942  
-2.986243545  
-2.012257308  
0.9627196451  
0.7773117005  
-0.6934634055  
1.530998272  
1.437680754  
0.2320770863  
-2.050710533  
-3.869233729  
-0.9214680895  
-1.054053361  
-2.613917953  
-3.69020251  
-4.064062245  
-2.902287186  
-1.075212073  
-0.08790285939  
-1.466058956  
0.6769818548  
3.129217119  
3.406054283  
3.71018661  
1.644205164  
0.1153083534  
0.1889011658  
0.8776196197  
-1.172379451  
-3.088709913  
-3.878752397  
-0.0975718966  
1.478910155  
2.807869394  
2.155546491  
-0.009202728832  
1.654741462  
2.446794737  
0.09397408109  
-2.191456232  
-3.348523945  
-1.519263407  
1.51399984  
1.097462989  
-2.41836842  
-2.559701327  
-2.074440557  
-2.508532399  
-2.773156426  
-0.2187228163  
2.837789153  
3.991704033  
2.468126354  
2.060461142  
4.111398482  
3.124840816  
-0.3526854184  
-4.3051857  
-4.982198906  
-3.239889161  
-2.075517127  
-2.957770704  
0.7221682399  
2.559730157  
2.630793704  
3.6267536  
