0.1815294631  
1.012050348  
1.878557153  
1.858645185  
1.079535883  
-0.9614314864  
-0.07000435183  
0.7992547474  
1.732861465  
1.23868225  
-0.3825478925  
-0.5510634143  
-0.4650582439  
-0.8785398783  
-1.911638036  
-2.688070631  
-1.045054886  
-0.4294913106  
0.673540194  
-0.4189438916  
-0.5388174183  
2.128174818  
1.926067292  
1.296279584  
-3.24906576  
-3.844826393  
-3.775820436  
-0.8020417401  
0.0985189497  
-0.7244668773  
-1.022323184  
-1.755553706  
-0.1364466361  
0.2295722131  
0.9435091709  
0.4225172299  
1.184384506  
1.800864768  
2.516229797  
2.483928309  
1.014750549  
0.4791990405  
0.8055584601  
2.568021017  
2.011827729  
1.239289866  
-0.1637565107  
-0.1051213672  
-0.1527494783  
-0.01159608512  
-2.465603549  
-1.487551632  
-2.63069329  
-2.03929868  
-0.8541653999  
0.1364725997  
0.8730975874  
-1.138033462  
-0.9544131641  
-0.9400243762  
1.442265552  
2.172090734  
2.646439158  
1.747020657  
2.810437162  
1.528802133  
2.029152736  
2.1841073  
0.2772191396  
-0.1062564182  
-1.792337308  
-0.4546124982  
-0.8789061816  
-1.304226627  
-1.181204414  
-1.20056176  
-0.2466671474  
0.7899852011  
-2.445475829  
-3.084838698  
-2.506303995  
0.2590007817  
1.955833119  
2.2216463  
0.9565462411  
0.2678408374  
1.996431003  
0.9021548039  
-1.408388705  
-2.133262067  
-1.744578083  
-1.238921238  
-0.8437063693  
-0.576695408  
-0.6575124056  
-0.2808347967  
0.7271626421  
2.408171824  
-0.2268923389  
-0.57969957  
0.6798052689  
-0.6986008753  
0.04365796574  
-2.016184915  
-1.856399382  
-0.04525224819  
-0.8572878211  
-0.8269142303  
-1.688058797  
-0.6324989391  
0.01543872012  
1.636871619  
1.195795881  
1.802324671  
0.9957742997  
1.636792763  
1.613151001  
1.51987334  
1.224329983  
-1.483784567  
-0.009313702962  
-0.05005930535  
0.5483602058  
-2.196376323  
-3.447197553  
-1.902885845  
-0.483774935  
-0.96398522  
-0.1441793451  
0.08941287567  
1.636350304  
0.2924427005  
-0.5528380403  
-0.1036188616  
0.5199799551  
2.153057273  
2.059073664  
2.711273738  
-0.03878819871  
0.1347969528  
0.2176400313  
0.009296240818  
1.021562951  
-2.01105921  
-2.860360363  
-2.329970914  
-2.025023671  
-0.8420050493  
-2.397345886  
-1.474101622  
0.1573482945  
0.9466303463  
1.05828242  
0.8970711848  
0.8032726617  
0.2809050103  
1.684820929  
2.398072138  
0.1072342433  
-0.917044349  
-1.299874803  
0.6441537116  
-0.1535408813  
0.4671665175  
-1.674426975  
0.2006548695  
0.3181227224  
2.43854276  
0.2848301315  
-0.1301655827  
1.200087575  
0.55594293  
1.153965224  
-0.1612546452  
-0.3321904895  
1.462688826  
-1.163111182  
-2.619607657  
-0.03027604168  
1.079664306  
0.321749152  
-0.12351689  
-1.201561096  
-2.756352226  
-0.05819507364  
0.5372766619  
0.5512340559  
0.5370911549  
0.6699763317  
1.776198898  
0.05412360269  
-0.04690125821  
-1.827405362  
-2.126252784  
-0.3664115652  
-0.9927520838  
-0.03885912145  
1.78736228  
0.5308035138  
0.04001142154  
0.4606548838  
1.815538605  
1.8453297  
1.978263771  
0.7362176849  
-1.070509605  
-1.76946065  
-0.9968118073  
-1.485909176  
-1.267878806  
-0.07372790443  
1.027352063  
0.7066202458  
0.5458625993  
0.6528166654  
1.142745981  
0.7755103395  
0.4185561833  
-1.307050153  
-0.2999594577  
0.1310117023  
-0.205267725  
-0.7528387042  
-0.6696914058  
0.6947594144  
-0.1323962566  
1.618432037  
1.732797931  
1.762868076  
-0.1726650747  
0.611981183  
1.571377409  
2.025614592  
1.416876965  
2.054990685  
2.603887238  
1.641346692  
-0.9131878281  
-4.31534369  
-3.039135733  
-1.808207857  
-1.381952865  
-3.177833853  
-2.546813151  
-2.541953038  
-2.979039086  
-1.959669237  
-1.271098727  
0.2629156281  
0.9564727072  
3.34720654  
3.603987286  
3.516283573  
1.37710166  
-1.413353748  
-0.03477039082  
0.04627184026  
-0.8036405905  
-0.03442934553  
0.9015013572  
1.722054515  
1.684885459  
0.4982973243  
0.5190669752  
-0.1037925509  
-1.023503791  
-0.73000945  
-2.152277437  
-0.3869405616  
-0.1212450336  
0.8026844204  
0.3076961997  
-1.419790629  
-2.183161513  
-1.76080033  
-0.3326531643  
-1.453328384  
-3.206911343  
-1.299785124  
-2.289010007  
-0.2944160632  
-0.2788540302  
0.02101298091  
0.5622787122  
1.027439875  
1.307079678  
2.43733803  
2.955654233  
1.912626433  
0.9588318468  
-0.734654422  
1.764159454  
1.220117728  
-0.8098077829  
-1.872752485  
-0.2183808755  
0.2140123343  
-0.02242184244  
-0.5858976308  
-0.9794466227  
-1.920831902  
-2.057344776  
-0.2832239789  
0.6149347732  
0.09975876497  
-0.3044606504  
1.044771775  
1.658771498  
1.859886078  
2.459741587  
2.536902183  
2.799370238  
0.8082516248  
-0.09080664471  
-1.683847063  
-1.894923164  
-2.590211141  
0.1491294742  
-0.3564864907  
-0.007093734206  
-1.05366744  
-0.5308531224  
-1.00990182  
-1.785074645  
-1.8710461  
0.6713768214  
1.189930241  
2.119552207  
1.329397921  
1.37781664  
1.853389886  
1.186903963  
-1.858575648  
-1.654636819  
-0.4406888602  
-0.7294329824  
-0.4991283978  
-0.3456462524  
-1.23300009  
-2.548016411  
0.2999278197  
2.052968437  
2.626434412  
3.249251282  
2.99888413  
3.82117114  
0.7038223821  
-0.112875628  
-0.379535858  
-3.096949485  
-1.6682435  
0.1728535937  
-1.254425395  
-4.040906689  
-4.315013164  
-2.035757875  
-1.587408594  
-2.515592329  
-1.144190015  
-0.4886568272  
0.525886842  
-0.03095272005  
0.9503489899  
0.1331379023  
1.597253172  
1.189464301  
1.533429234  
-0.1359701495  
-0.5649849289  
0.945208232  
1.843439056  
2.519051817  
-0.06990978377  
-0.4344265991  
-2.55001582  
-1.808930219  
0.5893436084  
-1.433328068  
-0.28150849  
0.9528597256  
1.714405226  
1.233200093  
0.9421469049  
-0.184149427  
0.1285534643  
0.6019337454  
-0.02289588306  
-0.6616888783  
0.06394465078  
1.518070276  
2.414264869  
2.432306932  
0.6869203157  
1.17313711  
-1.558372079  
0.1265644367  
0.006794563307  
-1.585256313  
-2.37100689  
-3.136501923  
-2.304744894  
0.9648221989  
1.210975937  
0.7023895661  
-0.523656613  
-1.455053639  
-0.4607196675  
1.221822791  
2.328799843  
1.765846445  
1.718396723  
1.640242889  
2.287514386  
0.8634690365  
1.402515692  
-0.3955250758  
-1.782996716  
-2.073635611  
-1.588646995  
-1.05287021  
-1.167187991  
-0.01349823935  
-0.1353364843  
1.920238906  
2.975299719  
0.5224463627  
-0.1316334199  
-2.078812591  
-0.3910482117  
0.2542004581  
-0.3378235823  
0.06980845768  
1.672741901  
2.682987615  
1.339482687  
-0.1395913396  
-2.813899661  
-3.500961181  
-1.913203059  
0.215205634  
1.241699295  
-1.218603933  
-1.726672945  
0.2869400487  
1.845101931  
1.164843103  
1.545263909  
-0.5009842218  
-2.908702193  
-0.138802841  
0.5443388984  
0.379174384  
-3.217457837  
-3.293893468  
0.03164098981  
0.8370933414  
0.6431713906  
-0.8133050668  
1.544354868  
0.4467319292  
1.940993303  
0.6974094146  
-0.1419917083  
0.3323427177  
2.710090393  
1.537914586  
-0.3861052917  
-2.96383838  
-3.507422694  
-1.270454796  
-0.5960666454  
-3.375454988  
-1.072629191  
0.8346828868  
1.938070231  
0.9773217813  
0.7682196022  
1.552216663  
3.619721917  
3.913102329  
1.029235699  
1.322062095  
0.1598582482  
-0.4682878255  
-3.187818246  
-1.723300503  
-4.281902703  
-4.207069453  
-2.682854648  
-0.3566898608  
0.0344010505  
0.2502786893  
0.477867984  
0.117301239  
1.468665615  
3.379741755  
1.523728104  
2.207753696  
1.355301982  
0.1863147594  
-0.6422568312  
-2.636936733  
-1.039597328  
-1.252778313  
1.295346409  
2.092859619  
0.144094027  
-0.4965688962  
-2.331483192  
-0.8794367804  
0.6327937054  
1.166183104  
-0.8336629934  
-2.069561925  
-0.50451269  
0.1607951686  
-0.8071864849  
0.7844985598  
1.317687545  
1.966291315  
0.7781201483  
0.8234563771  
0.04374321317  
2.122778948  
0.1707623968  
-1.039647527  
-3.106848752  
-2.211137122  
-1.62372911  
0.9573319008  
0.996738357  
0.6414768403  
1.48413488  
0.777206645  
1.357290601  
1.519468794  
-1.514377555  
-1.960796633  
-2.397076306  
-1.633937277  
0.6580225116  
-0.3282489005  
-0.226338185  
-0.321729608  
2.18761439  
2.958742576  
2.156428781  
1.514990567  
0.9314934396  
3.011839893  
1.243091564  
0.1310484499  
-2.327485373  
-1.276627553  
-0.3788620266  
0.8015644845  
1.578260446  
1.173851867  
0.312783538  
0.9530187353  
1.004459371  
-1.054073392  
-4.94670439  
-2.944253484  
-1.177356693  
-0.2173799453  
0.3885992779  
-1.475953347  
-0.6586064126  
-1.073419132  
-0.8089423115  
-3.685606861  
-2.199814249  
0.9184178038  
2.141325464  
1.677825254  
1.62163004  
1.147387464  
2.46355406  
-1.827635248  
-1.200387866  
-0.484247682  
-0.8432051788  
0.2120765818  
-1.396857765  
0.6011197075  
2.168526107  
1.129354192  
1.237077464  
0.2787239789  
