1.321112856  
-1.666573949  
-4.184830097  
3.008814004  
3.718045852  
1.467072792  
-3.584259286  
-4.350576913  
0.9912816145  
2.203321551  
1.535899737  
-1.080969415  
-4.631261101  
4.852501881  
1.306545762  
-3.432122605  
-2.445235403  
4.046214379  
3.902800241  
-0.1848267342  
-5.85812455  
-3.011790381  
2.462947806  
3.039265457  
2.83710972  
0.9627531505  
-5.589769575  
0.4143382034  
3.568554739  
4.798643696  
-0.9997859702  
-6.163355137  
-2.079684559  
2.374836145  
3.53911416  
2.088847779  
1.332312872  
-5.944810401  
1.170399254  
4.09788447  
4.759274592  
0.3045681287  
-3.127408597  
-4.371336243  
1.7848511  
3.859637794  
1.441882433  
-3.304745753  
-7.26247197  
-2.393766626  
2.326505726  
5.317851437  
2.006444248  
0.2360595296  
-5.669856978  
-0.6258768421  
3.202369255  
2.545866467  
-2.137858088  
-6.595172865  
-2.600555055  
1.756338002  
4.971734084  
2.87145752  
-1.744118169  
-5.362161778  
-0.3845820487  
2.430086839  
3.341962764  
-0.1876612444  
-6.436496393  
0.1491373413  
4.692323085  
3.205775689  
0.5710461834  
-5.943661209  
-0.3121894306  
3.962203243  
1.297788664  
-2.839141179  
-6.067178199  
1.137763907  
4.729940822  
5.632296334  
-1.603083712  
-6.15566223  
1.750242198  
4.856712393  
2.556689826  
-4.224642325  
-5.059481028  
1.057591652  
4.531410028  
2.601856764  
-2.871743431  
-6.237255634  
0.8011009344  
4.13531147  
-1.629639194  
-5.323273811  
-3.232703044  
4.000082404  
3.946914561  
-0.7875342872  
-3.751074603  
-3.879061052  
3.394578432  
5.314339884  
3.713445911  
-2.948797468  
-7.366193691  
-3.39159688  
1.158228912  
3.081225659  
0.4033031845  
-4.439658776  
-5.413341818  
1.336691111  
3.642242668  
-1.423058682  
-4.718865614  
2.525222631  
6.067219535  
0.4469335645  
-5.105935567  
-1.306653844  
4.916474486  
3.50968017  
-3.539345162  
-6.10598202  
1.171389987  
10.60786531  
5.53291094  
-0.3783801447  
-5.91054044  
0.3916901763  
6.648715897  
6.906190203  
-1.448321568  
-4.366035489  
-2.325542991  
4.510601226  
5.314430593  
0.03280912046  
-5.539213854  
-4.4304057  
1.5659389  
5.500301382  
0.767155171  
-4.050155308  
-6.036373344  
1.373342447  
5.266424375  
5.231865463  
-1.957973485  
-6.32206946  
-1.91662388  
5.078351881  
4.164856102  
-3.758005453  
-7.173379012  
-4.527572658  
1.534841833  
4.485217288  
-1.011500036  
-6.096169516  
-1.010021134  
7.308403639  
1.902558858  
-3.75704341  
-4.978274149  
2.846781519  
5.946978687  
-3.047832442  
-3.89039286  
5.613338059  
2.431133418  
-4.448308344  
-4.873452273  
1.932462442  
4.545604645  
5.408087  
0.6159030297  
-6.553888252  
0.2592627114  
5.238405993  
5.013053934  
-0.9343768389  
-6.325937646  
-0.01345924493  
5.627913425  
0.01344198265  
-7.164800994  
1.499545688  
3.171645549  
-5.275416184  
-3.785843863  
4.629484708  
5.008576234  
1.643392224  
-3.088972207  
-5.251386257  
2.791778412  
3.396653748  
0.8050834945  
-5.4036782  
-0.2820610688  
7.99653037  
0.1247609445  
-7.258499299  
-2.506893073  
5.620072233  
4.90752467  
-2.438185912  
-6.224334353  
-3.684319129  
3.180833653  
3.91483132  
0.8673984617  
-4.824687815  
-6.258082975  
3.675575475  
5.126256814  
3.521651043  
-2.732417686  
-6.752309086  
-0.9756942433  
5.379686446  
2.385672371  
-5.824511363  
-2.193410096  
3.800775241  
4.278329117  
-0.5100573513  
-6.918099047  
-4.019493035  
2.521224554  
6.246259401  
2.648522923  
-6.338601666  
2.254607188  
6.684490162  
1.96432164  
-5.36098477  
-4.143060982  
2.26094165  
3.93522965  
0.4106489876  
-6.136692138  
-7.120755658  
1.286207235  
2.921524813  
2.142289387  
-3.952144228  
-3.349656054  
3.205906548  
4.112889672  
-5.420182657  
-5.545692421  
3.051281867  
4.488546318  
3.636169712  
-3.255107946  
-7.167521669  
0.9337079811  
3.971650339  
4.997076809  
0.7529687673  
-5.21078977  
-5.420501343  
1.626050332  
5.633367719  
4.190073773  
-3.760768694  
-6.407279786  
3.305434265  
6.262376354  
2.913822024  
-4.83428273  
-5.780685541  
2.882605793  
7.872117127  
4.474214505  
1.518411638  
-3.288872053  
-5.276694249  
2.254046741  
4.203907602  
2.159266448  
-6.788566856  
-1.094204436  
4.25327027  
3.460547845  
-1.907392925  
-8.169906219  
-2.970283691  
4.640600399  
2.607194945  
0.9211304797  
-3.017908281  
-5.335415038  
3.558878285  
4.225524864  
3.363947427  
-2.284912299  
-7.879153569  
-0.09555154758  
5.098297661  
2.127030439  
-3.938975902  
-8.321465257  
-0.7028949566  
4.804174192  
3.12760035  
3.175287335  
-2.884663064  
-6.386321472  
0.04351000248  
5.714763855  
1.465807637  
-4.26749547  
-5.892497933  
3.652684456  
3.707251957  
2.882280264  
-0.9226302728  
-5.661701746  
-2.082686671  
4.7837862  
5.028773172  
3.126701877  
-0.2914588938  
-4.125495577  
6.626206745  
2.633394889  
-3.547231197  
-0.2960827838  
4.180536589  
-1.327028467  
-4.98751128  
2.093672062  
4.739694506  
2.712829252  
-2.420978089  
-7.464640604  
-2.698780324  
4.977747272  
2.983915373  
-16.59789893  
-0.6207553885  
-3.979573479  
-6.817876432  
-3.254524488  
4.428424375  
5.862540553  
4.929525001  
0.4629696029  
-4.685063229  
-4.855215212  
1.764904228  
4.239448619  
1.959627154  
-0.9763835097  
-6.596139627  
-2.919848012  
2.321200383  
4.836301497  
2.117025328  
-1.546248177  
-5.169825898  
2.518643725  
4.291181109  
1.618037128  
-2.568502869  
-4.12683041  
3.693987341  
2.917735559  
0.3553840078  
-5.165175989  
2.938814078  
3.169012942  
2.996605752  
0.03398418871  
-6.36860116  
0.8042539959  
3.979790046  
3.280287135  
-2.325956236  
-7.124785704  
-5.380246416  
1.099267057  
2.285486664  
3.115923839  
0.5638410987  
-4.328978293  
-3.457489299  
3.52237433  
3.636898356  
4.644472356  
0.1961238497  
-5.934516586  
-2.194491452  
4.739574909  
4.148618077  
-0.03941674388  
-5.942755154  
-2.616491173  
2.925860752  
3.316297475  
2.624152295  
-0.9201927704  
-5.908226554  
-3.047013478  
2.177762019  
4.079557388  
0.5301869148  
-2.90622072  
-1.854221787  
6.438235117  
2.408976912  
1.772982416  
-1.091131468  
-3.535623186  
2.627037706  
5.401574243  
3.505195378  
1.413459203  
-5.294318809  
2.207783054  
3.606154081  
3.236509059  
-0.1573380465  
-4.667005723  
-4.907658206  
2.317395317  
2.880035896  
0.5087249012  
-5.248443321  
-4.538935415  
2.592355916  
4.175065426  
2.159431917  
-4.77642126  
-5.845958576  
0.2435879271  
2.742162863  
4.27663938  
1.401522558  
-1.977569348  
-4.333187385  
2.903907578  
3.101093334  
-1.740942213  
-7.72938247  
-2.192563479  
3.279792385  
4.13196397  
0.6239180091  
-4.942293208  
1.158697999  
3.85462508  
2.136716245  
-1.100142458  
-6.330408135  
-1.048409883  
4.446065399  
3.499767546  
-0.8351411764  
-3.509284746  
5.373608324  
0.532512317  
-4.553234814  
-3.773635915  
2.022225395  
2.700672214  
0.02319244997  
-4.051330567  
-5.700535415  
1.960001667  
3.408802888  
2.452465288  
-1.172788389  
-5.826491157  
-2.358358759  
1.465502089  
4.743193895  
1.694248856  
-1.800300255  
-4.591302474  
2.675238112  
2.028197951  
1.464352416  
-0.1748227922  
-5.671542764  
1.164068504  
2.900681625  
2.194677284  
-1.245803726  
-3.723035667  
4.141980986  
4.541496181  
1.04489776  
-1.862163615  
-4.943240292  
2.259019263  
1.884717857  
1.611710786  
-0.9769346082  
-5.984095809  
-0.1460537319  
3.226216749  
2.951348882  
-2.886292781  
-3.568912408  
5.43144027  
0.7331612028  
-1.113202786  
-4.982381846  
1.744020418  
2.978440562  
1.965627478  
-1.294094606  
-5.858334221  
-2.208655583  
2.734222419  
3.485421289  
0.3658419292  
-2.27834642  
-3.818921549  
5.32980674  
2.425289809  
1.648621524  
-0.2135674875  
-2.568813476  
1.982271917  
3.825792488  
3.523057381  
-0.1124073789  
-3.175309722  
3.250844791  
3.354961373  
0.3452722088  
-3.033778968  
-5.019425796  
1.182076619  
2.337907852  
0.6677990474  
-5.89911846  
-5.201762132  
0.3042540448  
4.198176241  
3.115968595  
-0.9950064347  
-5.1387088  
0.02948629915  
2.918058196  
3.674416107  
-0.1192103051  
-5.571586529  
-1.073849013  
4.141312497  
2.736935741  
-0.1218025392  
-4.086750542  
-3.674543727  
2.512870971  
2.430912353  
1.170381079  
-3.671438853  
1.979522029  
3.356999541  
0.3829667655  
-4.640249031  
0.7889582295  
2.409849564  
-1.827686239  
-4.656415009  
1.802107182  
0.7433845434  
-0.1025430004  
-2.65153831  
-3.713349427  
4.116081232  
1.677855876  
-1.553902139  
-3.524455686  
2.578914119  
2.636834663  
0.8681501417  
1.21543654  
