0.05929737854  
2.476384365  
2.368907399  
-0.362749686  
-2.020568967  
-3.897501105  
-1.433783267  
-0.6496525086  
-0.9092806367  
0.7214497039  
-1.016146985  
2.053702037  
1.054863069  
0.3755929581  
-0.4659427278  
1.282461045  
2.016865596  
0.7621490947  
-1.043140063  
1.584640681  
0.1764802691  
0.9136945029  
-1.773735366  
-1.229033831  
-2.451721692  
1.442167498  
1.013509882  
0.1407575954  
0.482992002  
0.169136464  
2.922386346  
-0.7963561737  
-1.383460365  
-1.760942037  
-2.415398998  
-2.042151198  
-0.1594239795  
-1.339725731  
-0.1119121665  
-0.3135973351  
-1.01211894  
1.712185269  
1.988218202  
4.303159044  
1.573066715  
1.12246881  
-4.136153732  
-0.5736144064  
-0.770864749  
-0.8862722133  
-2.106105574  
-2.222847698  
-2.037932553  
2.863587329  
2.764426883  
0.9221750339  
1.449546358  
-0.4337223021  
2.631596877  
1.516707202  
1.894066314  
1.052540531  
0.5720019356  
-0.510349646  
4.129373136  
1.858908798  
0.001644516514  
0.2450188723  
-2.135671294  
0.3048115705  
-1.694664173  
-2.310799418  
-0.6865720408  
-3.632751513  
-2.555877457  
-1.624431602  
-1.490950284  
0.2306662004  
-1.053561414  
2.457784628  
1.586102279  
0.902088915  
0.173935957  
-0.248130944  
0.8293327005  
-0.8388491254  
-0.224849664  
-0.6284953697  
-3.277859958  
-0.5135697022  
-0.7238032588  
-1.232342988  
1.011601342  
-1.183924692  
0.8542050434  
1.69094204  
1.244366412  
2.049087105  
2.173176311  
0.577551109  
0.4557175314  
-3.127466702  
-2.752564808  
-1.713295388  
-0.9461299066  
0.7753273468  
1.098623615  
1.170270977  
0.3124054057  
3.505359723  
2.312382133  
2.124002482  
-0.1518050523  
-0.7057271695  
-3.024417662  
0.626618578  
-1.35536702  
0.0964119506  
1.178272885  
-0.4928615868  
0.959919676  
-0.8596890053  
-1.451372116  
0.9136994654  
0.5772805747  
-1.372823429  
-0.582887893  
-0.9493862769  
2.445399024  
-0.6112618923  
-0.6717905497  
-1.369064301  
-1.188125846  
1.701231224  
1.48029071  
1.081767155  
-2.062709668  
-3.073859946  
-2.428232044  
-1.436424652  
0.8944160277  
-0.7850815762  
-0.4014646817  
0.5592406411  
0.9183083206  
0.0001273283442  
-0.6737797894  
-0.06421438263  
-2.035005328  
-1.07650522  
0.8920127638  
0.2220733506  
-1.19774926  
0.8145709649  
4.048093675  
0.269564427  
0.8108802107  
-0.06002007091  
-0.2553568586  
0.3048635565  
-1.292566843  
-0.5261394638  
-0.2615202939  
-1.169211551  
-1.33487799  
0.9650258029  
0.3011765017  
-0.0299488424  
0.3288017075  
2.059433649  
2.967473607  
0.9806770453  
-0.4910250649  
0.9489163425  
-1.894884661  
-2.563865987  
-3.012408789  
-0.9482195501  
-1.597167967  
-0.7002203381  
0.5928153416  
0.5416414356  
1.898207775  
-0.9928143549  
0.2875779713  
-0.5134001525  
0.02742190845  
3.030495183  
1.646483659  
1.837955716  
-0.4756716486  
-0.1945733361  
-0.9886817667  
-1.746308567  
-1.397752621  
-1.454893443  
-0.9497481114  
-2.016476583  
-0.9633612453  
-0.6622469748  
2.555960244  
3.49223548  
1.568386937  
1.580424453  
1.933401745  
1.987290131  
0.8877250872  
-0.6222660971  
1.666272419  
1.501352714  
0.4969008463  
-0.7791467518  
-0.6326987105  
1.66428252  
-0.1792391132  
-0.1948072066  
-2.602026662  
-1.673296022  
-1.923814961  
1.009199034  
0.9184500969  
-0.5992631258  
-0.7039184953  
-2.060498637  
0.7196613788  
0.7779485824  
1.185960839  
0.03303983349  
1.236130137  
1.679066204  
-0.384318759  
-2.841334315  
-1.643539424  
1.917922034  
1.696853997  
0.850632921  
-0.9426074581  
1.244661691  
-0.891495919  
1.413750943  
-0.9696656923  
-0.3252663682  
-2.159195871  
0.9128799282  
1.628407372  
-0.7170073825  
0.2591180149  
-0.8748383418  
2.269035322  
1.651434036  
2.345444239  
2.711923913  
0.2424727505  
0.1130200291  
-1.140196796  
-1.001798616  
-2.118108998  
-0.1670418694  
-2.795756705  
-2.178755787  
-0.8095486688  
-0.1995084142  
1.075933971  
0.7011828493  
-0.3036393888  
-1.717564671  
-0.7985750205  
-0.4312446276  
2.845571905  
0.7952536717  
1.471820416  
0.5629878461  
2.171808256  
2.838027643  
-1.293882143  
-1.975059615  
-0.930641005  
-2.590186589  
0.9055570165  
-1.482936288  
-1.236515856  
-2.3729533  
-1.822038873  
-1.976606153  
0.6640584334  
0.795101244  
-0.8205306417  
0.2261873121  
0.5271480136  
3.855785488  
-0.348552243  
0.2513297515  
-0.1177872381  
1.435998311  
0.7853978777  
-1.190137428  
-3.053329486  
-2.199070223  
-2.178568233  
2.819974474  
2.231800907  
2.311287191  
2.252120222  
1.448092159  
4.239192983  
1.939181087  
-0.3599548734  
-1.946174898  
-2.426044722  
0.5238638436  
-0.640157574  
-0.9077802168  
-1.370006818  
-0.3917098082  
-3.060804522  
1.05087899  
0.0202897771  
-0.9856962688  
-2.122212258  
1.110917645  
1.471923055  
2.779460073  
-0.3193272716  
0.6592844986  
-0.2521587116  
1.791004114  
-1.841595329  
-1.2845624  
-0.9339240163  
0.3513090058  
0.5264431891  
2.057925  
-0.5500119865  
-0.4446586853  
-1.347752344  
-0.7363126067  
-0.5414039494  
-1.774040079  
-1.177681495  
-0.6617919599  
-2.263026696  
-0.7861411727  
-0.435197974  
2.812241476  
2.365396652  
2.980859975  
0.9905199403  
0.4783189508  
3.18984853  
-1.602855016  
-1.421164444  
1.12291422  
0.9026093867  
-1.356312521  
-2.491586007  
-4.755154714  
-1.209124103  
-0.152666389  
1.499759353  
-0.2700834519  
-1.196047114  
-1.77923958  
1.00026482  
-0.781875033  
0.4929539491  
-0.4634895396  
-0.5083885324  
-1.798881535  
2.566705633  
2.398797767  
0.4556996307  
-0.1700055768  
-1.508702279  
1.578144126  
0.7177871303  
-1.125667457  
-0.4294747978  
0.6560208555  
2.750756661  
0.9860027887  
0.2490988306  
-0.4334493368  
-0.1403470701  
-1.746345868  
-0.9512667606  
-1.265584864  
-0.4807734787  
3.311936868  
2.683728586  
3.212966944  
2.297791354  
2.480335921  
-0.4039247997  
1.724134148  
-0.3126434929  
-0.2301692803  
-0.3904312705  
-1.188495115  
-2.504668046  
-0.5796430046  
-0.4443183073  
1.022803863  
-0.3472118914  
-0.1684613203  
2.917304697  
2.00398827  
0.9112133056  
0.1685820098  
0.4568987488  
-2.390322284  
1.726787485  
0.4363898547  
0.2969725517  
-3.059677359  
-0.9925975117  
-3.285103121  
-0.177088588  
-1.035831874  
-2.577098101  
-0.523607512  
0.08524997005  
2.994190337  
2.078610027  
-1.082088339  
0.3615678828  
-1.327783965  
-0.9428958025  
-1.463974484  
-1.815671422  
-1.36506041  
-0.4836948414  
1.659206962  
0.993147827  
3.094696136  
1.260887896  
-0.1533607699  
0.6632237702  
0.3483688723  
-2.835127542  
-1.672526801  
-1.900931003  
-1.220903951  
1.833285095  
-0.557850324  
0.8201990634  
-0.9873937258  
-1.578512714  
-0.06377568443  
1.992228627  
1.953261792  
-0.8931688437  
-2.225248368  
1.248689498  
0.2526650557  
1.899978915  
-0.06844588365  
0.5708818777  
0.7641796677  
4.332486107  
1.231826568  
-0.6739257535  
-1.558788872  
-0.3115455646  
-3.566509895  
-0.6044509721  
1.483203715  
1.692153029  
1.974545149  
-1.680762209  
-3.187830215  
-1.471542607  
-1.389084878  
-1.507699068  
-0.9584955765  
-0.04649418171  
-0.02042972717  
3.507290432  
2.75968913  
2.186724205  
2.233020139  
0.09173417173  
-0.006954242513  
-0.9173755297  
-0.6328458115  
-3.118301014  
-1.705967876  
-2.804086369  
-0.1307099591  
-0.9368665113  
-0.7995256138  
-0.2764395033  
-0.9893225393  
1.317502971  
1.492115012  
0.7198565602  
1.686016581  
0.1498121125  
3.035351549  
0.5712239484  
-0.928399316  
-2.010488681  
-3.491194223  
0.6404417909  
-0.03667786979  
-0.9655800637  
0.4016787201  
-1.129051347  
2.097320994  
2.105486755  
0.1413712366  
0.1127293298  
-0.3489516678  
3.213574222  
-1.006981556  
-2.154823469  
-1.528904067  
0.459141943  
1.651446432  
0.1465248605  
0.07226279269  
-0.6201462938  
1.845926409  
0.5907847792  
0.5245534149  
-2.112973498  
-0.03969996843  
0.1248053736  
2.821121925  
0.4575787733  
-1.363051921  
-0.5060681984  
-2.068825005  
1.013885935  
-1.189342482  
-0.5450051389  
-2.780210157  
-1.757199761  
1.587302685  
0.5257622247  
-0.871974383  
-1.349470096  
-2.59804883  
1.195983609  
0.243718254  
0.8913408071  
1.614776959  
1.307654096  
2.940840608  
1.450123657  
0.5297078886  
-2.49596507  
-2.090633676  
0.4843578468  
-0.6630806207  
-0.7201757631  
-2.512259091  
-1.306353813  
0.6030480255  
0.7602693405  
0.6848386749  
-0.1343349236  
1.566449659  
3.990813383  
1.915541219  
0.9931820299  
-0.326352634  
-1.723518015  
-0.1393140523  
0.4807486355  
-3.240990314  
-1.347313304  
-0.06932189513  
0.500573938  
1.400947255  
0.8916683977  
4.192873971  
4.575360367  
2.007592812  
-0.1528108979  
-2.136123064  
-2.000394183  
-0.2279279802  
-0.992618025  
0.8958638169  
0.3334515058  
-0.1180981516  
-1.670805468  
-2.627562378  
-0.8866323877  
-0.00494608415  
