-0.6106787446  
1.974900631  
-0.4257590579  
0.693655596  
-2.118572741  
-1.49942323  
0.199035629  
0.2853287697  
1.121306535  
-2.100303949  
-0.7024642948  
1.205322631  
0.3571619565  
3.321070843  
0.8999892232  
0.381475381  
-2.057709078  
0.7827207802  
1.826305597  
0.08159964883  
0.2335747332  
-1.495520591  
0.9627150133  
-2.01807384  
-0.4053984607  
-1.68541081  
-1.356303651  
-0.2939209648  
1.002779265  
2.989382986  
-1.235117567  
-0.2768370911  
-2.076667312  
1.032363742  
-0.7848105557  
-0.1050304602  
-1.602740562  
-1.460754094  
1.418062989  
1.02283454  
1.091021826  
0.3805480746  
2.102561771  
0.7453524257  
2.41689917  
-0.4841843586  
0.584574857  
-2.45714956  
-1.189815596  
-1.746836047  
0.2330602239  
0.184303087  
0.5470928848  
2.41578014  
0.2060699393  
1.966680109  
-0.2433419857  
0.4670941728  
-1.932000054  
-0.3682281446  
-1.199564707  
1.191279212  
-1.638882305  
-1.390119667  
-0.7285511865  
0.1112182127  
1.961811651  
-0.368771182  
1.136260549  
-2.695072843  
-1.808673841  
2.682916401  
0.3410441189  
-0.09115068416  
0.02556279821  
-0.3024257365  
1.399214436  
-1.307684486  
-1.207950263  
-2.349795652  
-1.232614509  
0.9530218755  
1.703241294  
3.405782347  
-0.7802289267  
-0.4348510006  
2.869372307  
-0.4863435942  
-0.5759205893  
-2.023243925  
-0.4830761766  
2.686531333  
-0.9868331145  
-0.9685404488  
-0.3672364574  
-0.1060442828  
1.646223606  
-1.756307099  
-2.184233679  
1.271735102  
-0.4323644125  
1.200756131  
-1.399941529  
-0.6500311663  
2.399906269  
1.051524739  
2.998108968  
0.1358173874  
0.8405757048  
-2.206028768  
-0.08065106135  
-1.503736608  
0.6124952206  
-1.961470469  
-1.137301603  
-2.928051968  
-0.8869073026  
3.249574441  
-0.4650290556  
-0.2781783791  
-1.738069099  
0.7352080241  
1.351928821  
0.4138904776  
-0.2367216101  
-0.06119485354  
0.4816657105  
0.7267455413  
-2.03623376  
-1.475250392  
-0.7789410702  
0.4970070988  
0.516364227  
-0.7208858462  
0.686605264  
-1.574972646  
0.7455998105  
-0.7113520216  
-0.5531622536  
2.439391199  
-0.4937613295  
1.247878601  
-0.1329841479  
0.372845511  
1.363885326  
-1.413796319  
0.8406227614  
-1.510871302  
-1.043044518  
1.673565024  
0.3848786867  
2.345658638  
1.345097377  
3.333656568  
0.3140181813  
0.06654227526  
-0.5397897642  
0.6299581455  
1.722818929  
-1.446294036  
-0.5878400677  
-0.7098461218  
1.623156928  
-1.583447259  
-0.8048910044  
-2.178403242  
-0.7018920788  
-1.033262103  
-0.6172172011  
0.8544478045  
1.288676984  
1.193591437  
0.7210415729  
-0.5997651454  
0.4295179781  
-2.185606621  
-1.174452643  
-1.618483643  
-0.1751637942  
3.14410591  
0.5049924459  
1.022040717  
-2.519654452  
-1.244361695  
0.4301973614  
0.9741768603  
2.144958534  
-0.366814804  
1.330898076  
-1.742303373  
-0.4976280903  
-2.127845352  
-0.7963821486  
3.524546624  
0.8315717477  
-0.4316599973  
-2.556009941  
-0.05483716225  
0.00898401168  
0.3696032929  
1.873460415  
-0.2240666307  
1.288340703  
-2.672723115  
-1.136264183  
2.611598628  
2.025666699  
3.860490903  
0.1540668419  
0.8961875863  
-2.173481672  
0.004591267493  
2.337965597  
-0.06413151993  
1.875789538  
-0.6022313411  
1.318759733  
-2.569307469  
-0.9343721428  
-2.42080334  
0.5884309605  
3.807737428  
0.5264471866  
1.021451734  
-1.482981998  
0.5355746154  
-1.267832533  
0.3016580586  
-1.71870334  
-1.747731229  
-1.565569144  
0.07888949305  
1.029700273  
-0.09884055852  
1.102429095  
-0.982242727  
1.256538783  
-1.720179099  
0.9262472688  
-1.313983225  
0.6468344773  
-1.326589828  
-0.9211961761  
1.948155058  
0.5111400291  
1.372320788  
-1.995862295  
-0.8142879712  
-1.975019513  
-0.5268456109  
-0.5114579069  
-0.157543084  
0.3196393815  
-0.2945910259  
2.267820766  
-1.06258896  
1.072747369  
-2.346519354  
-0.5573906709  
3.518585921  
0.6273546421  
0.8504714559  
-2.290009979  
0.07497867387  
-0.8975170398  
0.7050676903  
-0.8256895863  
-0.345626855  
-0.5274781606  
0.3225246564  
-0.0168118842  
0.2523585819  
1.859575975  
-2.084403599  
-0.3161642396  
2.491821743  
0.4627811871  
0.7713716861  
-2.966712175  
-1.169226515  
-1.991050045  
-0.7577653631  
-3.391063623  
-2.257456635  
0.7651486503  
0.8860904028  
3.26061381  
0.2300141846  
1.254123498  
-0.3912304836  
1.51430595  
0.6776804723  
1.740945306  
-0.9739284231  
-0.1660082643  
-2.143353793  
0.9194364274  
-2.440228383  
-1.075494911  
-1.279689456  
-0.01446529584  
2.954297481  
0.2272106374  
0.4689685484  
-2.121790838  
-1.023130279  
-0.1883825237  
1.361695332  
1.962455255  
-0.9014137086  
0.8225084109  
-0.7046151811  
1.627488507  
-0.3670396346  
2.182769465  
-0.1874168595  
1.910339093  
0.3273750371  
2.53210834  
-0.1131016515  
0.8914156428  
-0.5133864468  
2.082592509  
-0.6189353425  
0.9451091072  
-1.932929772  
-1.151498694  
-2.09065467  
0.03479375043  
-2.046001112  
-0.2955210608  
-0.7197300291  
1.341475802  
3.252025597  
-1.792795609  
-1.237611392  
2.58364563  
0.5641799872  
-0.5722996629  
-2.477054807  
0.4149041388  
-2.087836624  
0.2002227995  
-1.931990904  
1.219898261  
1.409941482  
3.10474209  
1.658660571  
-1.787107631  
-6.11815528  
-3.857512872  
-0.9321658505  
0.4813278831  
2.544607176  
0.7773444167  
1.753289183  
-0.385224094  
0.5157082841  
-1.502829256  
0.9386132173  
-2.505554797  
-1.672937859  
-2.959424581  
-0.9780648268  
-2.124315545  
0.4509248271  
-2.437019323  
-0.6949705472  
0.7905007657  
0.5546591589  
2.376543495  
-1.225306168  
-0.4327197063  
-1.611054825  
0.6364692796  
3.654884243  
0.785452999  
1.832688977  
0.5913993661  
2.320927005  
-0.2780780493  
0.6648521126  
-2.31387631  
-1.291392103  
0.9909784133  
1.138867667  
2.476093397  
-0.3343218998  
1.344191473  
0.7988540443  
2.819504494  
0.3324413772  
1.25740569  
0.02260025584  
1.783698994  
0.9356783856  
3.728113738  
1.065316666  
1.980583954  
-0.1271999384  
0.6536951166  
-1.790738518  
-0.341717045  
1.46970302  
0.1742926468  
0.5706251451  
-1.284948877  
0.7873674654  
-2.579162473  
-0.1142238789  
-2.195838666  
0.2958482627  
-1.352184311  
1.104570774  
-2.214940153  
-0.7238413785  
1.187264673  
-1.51691251  
0.1613970346  
-3.673868683  
-1.411402641  
1.364327522  
1.169790107  
1.777092788  
-1.294515155  
-0.6691222895  
-2.820536234  
-0.4105210005  
3.30689285  
0.6332501409  
1.501374774  
-0.7084099592  
0.1027808972  
-1.053538781  
1.490415863  
-1.421743232  
-0.6060469511  
-1.747703976  
0.5672263529  
3.301996257  
1.025328948  
1.125746025  
-2.210135083  
-0.5351484014  
-1.490813251  
0.4916382831  
-1.248352618  
-0.04275856618  
2.010653283  
-1.439578439  
0.6868723808  
2.968276051  
-0.08550481302  
0.5537990787  
-1.181947452  
0.2257900377  
-2.329840945  
-0.6699795593  
-1.377222185  
0.9392915414  
-1.591359485  
-1.249626669  
-1.758496954  
0.3831006831  
3.968835277  
2.177758266  
1.965920525  
-1.542795934  
-0.5968391761  
1.830463092  
-0.4114798743  
-0.7963963316  
-1.789715714  
0.4513225078  
-1.872558818  
-1.078210432  
1.806154668  
0.3255585618  
1.901942248  
-1.34671166  
-0.5195950619  
-2.546978308  
0.58700977  
-0.9504634668  
1.479488801  
-1.316398338  
-1.100660749  
-1.606006081  
0.04066404635  
3.267040825  
-0.4753620492  
0.006138052678  
-0.0413751572  
0.974354152  
2.996243272  
-0.7857561142  
0.4038566847  
-1.69607262  
0.03016941562  
2.69028138  
-1.697464344  
-1.504415239  
-1.678122434  
0.8437842288  
3.969545219  
-0.5729711681  
0.3792737228  
-2.125100183  
-0.6588609454  
3.179340202  
0.7758122245  
0.824065842  
-2.311466177  
-0.4609029663  
2.042222106  
-0.2810693867  
0.6609890272  
-1.19973475  
0.9315413474  
-1.469859762  
0.5445898075  
-1.330205067  
0.7887543764  
-1.307412582  
0.8251644974  
-2.214326762  
-1.067030321  
-1.55306145  
0.8339453105  
2.874411523  
-0.5760624332  
0.3852929386  
-1.453530531  
1.476850297  
-0.7430011294  
-0.5045110632  
1.381622944  
-1.948092471  
-0.12848099  
1.752891466  
-2.308386149  
-1.302449513  
1.310372966  
0.1083312532  
1.203884002  
-0.6602014163  
1.06406292  
-0.8155998865  
1.407213555  
-1.552665072  
-0.8139885992  
1.200181651  
-0.5260537062  
0.8345616684  
-1.409745436  
-0.3015987933  
0.2978592177  
-0.5954913221  
0.006758996111  
-2.032118478  
-0.6121591681  
1.585068606  
0.4647152607  
1.552032871  
0.6143672387  
2.781116315  
-0.3584984732  
0.6415552241  
-1.196918204  
-0.2088618749  
-0.3315605369  
-0.2948517527  
2.287083863  
-0.5423466905  
-0.398389925  
-1.229241199  
-0.9561994304  
-0.3381153053  
-2.313523553  
0.1708977758  
2.133449519  
1.226295473  
2.067118335  
-1.167312904  
-1.674661132  
-0.107675441  
0.7951529807  
1.146713383  
-1.535317193  
-0.06401010745  
