-0.1320040562  
0.2370351462  
0.456519042  
1.97556994  
2.029242851  
-1.635377899  
-0.880964946  
0.6364332796  
1.481070789  
1.265969244  
-2.258615034  
-2.441565896  
-0.704261031  
1.715119469  
0.2156007933  
-2.321895467  
-0.8361183509  
0.4486547667  
2.06215981  
-0.3686934601  
-1.125713603  
0.05644166469  
0.2775224611  
0.8751091503  
0.03905100707  
0.05522707429  
-2.357379399  
0.02970593376  
-0.6480336994  
-0.7970077942  
-1.887205998  
-2.21453836  
0.0261249352  
0.572471518  
0.7802345866  
-0.6976706772  
-0.700044487  
0.07497368536  
2.980234188  
3.063007709  
1.767323537  
-0.8093160851  
-1.328984953  
0.4962851937  
1.283774019  
1.712801855  
0.008326381116  
-0.3252431848  
0.1299801989  
2.183338581  
2.063843011  
1.919202689  
-0.6317687119  
-3.251401318  
-1.913138386  
0.5122743074  
1.594179095  
-0.1934631637  
-1.47439866  
-0.9997771095  
1.063456615  
2.150205969  
3.365102179  
1.255646991  
0.6641861528  
-0.6084281407  
1.701588442  
1.713639892  
0.3369645903  
-1.766536748  
-2.560800705  
-0.08883914074  
-0.5731468294  
-1.3800479  
-3.147714476  
-1.888314642  
0.2509486511  
1.338315206  
0.6336129848  
1.164852839  
2.338360718  
4.439822791  
3.726498971  
2.044533803  
-1.388608985  
-2.848196358  
-1.003114261  
0.7707900469  
-0.6946621851  
-0.9916867659  
-0.7092656028  
0.02711152453  
0.4277863318  
-2.307282083  
-3.688025796  
-3.166251426  
-0.6604341059  
1.081291511  
-0.9770061015  
-0.2282737072  
1.187973131  
2.838174085  
2.27882144  
-0.538870713  
-1.488273542  
-1.814771409  
-1.172428102  
0.22030368  
0.2558899841  
-0.1927761057  
-1.2077474  
-0.1752861329  
1.313238317  
1.642916265  
-0.2716467947  
-1.083728104  
-1.996578356  
-0.7931877941  
0.5002618864  
-1.392888942  
-2.262393587  
0.8425933304  
1.70758933  
-0.9060642773  
0.0519999384  
1.946340505  
2.037443116  
-0.1192512089  
-1.593231244  
-1.185097104  
0.9740672636  
-0.2717374494  
-1.222199286  
-1.023767014  
-1.262900195  
0.6780117216  
1.552096608  
1.27211441  
-1.037955964  
-0.7131035677  
-0.1368865876  
1.174911364  
1.3412677  
-2.362099647  
-3.42185781  
-2.185936445  
0.6686777367  
1.780527944  
-0.4217025192  
-0.9856855683  
0.865628338  
0.6304049385  
1.018677757  
0.867853179  
0.2517752199  
-1.113774477  
-0.8917461175  
0.1845963676  
0.7991756415  
-0.589646294  
-1.250251926  
-0.7902089101  
0.6943725822  
1.228770276  
0.03741194187  
0.9807671523  
0.432651913  
0.7236016487  
-0.8047873392  
-0.02011304445  
1.25076369  
1.949492907  
2.281908438  
-1.591292145  
-1.011440991  
0.4355733552  
-3.091560838  
-1.565271582  
0.07528627641  
2.779021437  
2.814208613  
1.173141619  
-1.413857863  
-3.456824351  
-1.959862149  
0.6538378909  
0.895753593  
-1.520042667  
-3.522084952  
-1.611429761  
0.243800326  
-0.1521353646  
-1.300098997  
-0.1109591115  
1.465838536  
0.1799986531  
2.156902899  
3.133849999  
2.609296717  
-0.3471090286  
-2.022057969  
-1.626933163  
-0.6461876323  
1.787097218  
-0.1864194289  
-1.103897858  
-0.4258314044  
1.341516523  
-1.014519765  
-1.77459169  
0.7961157066  
2.201359263  
2.551855625  
0.2932441259  
-0.1543517412  
-1.043436638  
-0.3236135554  
1.922910437  
-0.05171076685  
-1.126660636  
-3.364339429  
-1.437618471  
0.1049478617  
-1.564675028  
-1.012459126  
-0.8542529495  
1.402178831  
2.887564199  
3.089244707  
1.98407282  
3.642682978  
3.170430429  
2.746622945  
-0.4484148348  
-2.445783654  
-0.6079729136  
1.527134259  
1.560102585  
-2.192842593  
-3.028657953  
-1.574538045  
-0.1786739487  
-2.662692073  
-2.488747413  
-0.4168741145  
-0.5129170773  
0.8462904313  
-1.311980818  
-1.411290127  
-0.01730105557  
3.273678735  
1.67400499  
0.3533474189  
-0.514526799  
0.8854983995  
1.760385783  
0.7012678375  
-0.9220354244  
-0.6009038885  
1.874005825  
1.288135808  
0.2424676243  
-0.4452151653  
-0.2994155359  
1.864369157  
0.6417524366  
2.08993978  
-1.31277307  
-1.746948217  
-2.303471244  
-1.558161014  
-2.068762556  
-2.925884748  
-2.781641836  
-0.7914636564  
1.755580634  
1.542889777  
-0.74229034  
-1.696052323  
-2.075993603  
2.020435579  
1.841518052  
1.656798825  
-0.3807420749  
0.4651763694  
1.968239425  
3.120702829  
3.70163523  
1.484454987  
-0.9796950372  
-2.185966454  
-0.002065693114  
-0.6312786435  
-1.757474918  
-1.93998765  
-0.5843354102  
-0.157281897  
-0.2229331586  
-1.704859944  
-1.895762958  
-1.774646914  
-1.250675907  
-0.6708956558  
0.4358188046  
0.3196163048  
0.7476784624  
2.640123591  
2.417079147  
1.531029428  
0.8413761953  
1.290967768  
3.039846747  
4.044181185  
4.217706022  
2.981462309  
-0.8336906797  
-3.370662637  
-1.624285532  
-1.591419968  
-2.803669831  
-5.056273919  
-2.197742171  
0.3856548228  
-0.06377324408  
-0.6065367395  
-0.5920850872  
-0.5327168477  
0.8744270607  
1.54786982  
0.4971319941  
-2.078050069  
-0.6905053635  
-1.248657563  
-0.3411925883  
-0.8448967069  
-1.438981604  
1.075525597  
2.134086053  
0.1283401409  
0.939492302  
1.050503463  
2.586743311  
0.2464595827  
-0.5964748538  
1.101387171  
1.801181015  
1.484081809  
-1.148931109  
-3.630753826  
-1.512159573  
-3.041659194  
-0.8939967144  
-0.9507160016  
-3.151766465  
-4.244699949  
-0.1005083474  
0.6748757281  
1.441342308  
2.740509506  
3.360845692  
4.018498495  
1.397383868  
-1.743852056  
-3.845078538  
-2.360969871  
-2.485794317  
-0.5439272129  
-1.288530842  
-1.755915002  
-0.2901118618  
1.728329902  
3.478339748  
1.586935578  
0.1379094  
-0.2456871823  
-0.1731651663  
1.07150455  
-1.343778328  
-0.787980551  
-0.03650953878  
0.8953076359  
-0.4327311275  
-0.7937276182  
-0.6876917611  
0.8211036943  
1.454835567  
0.8454373203  
-1.524962741  
-2.187947042  
0.3660467299  
1.822099165  
3.673765361  
3.619306226  
2.521286108  
1.786256184  
0.4970674956  
0.01303361835  
-0.3443427774  
-1.248678508  
-3.563604125  
-1.907627703  
1.399160789  
1.774663874  
1.576397826  
-0.1284552467  
-0.9178801995  
0.3078211535  
1.432473279  
2.77796192  
0.8021532891  
-0.9896680657  
-1.117001681  
0.9087983837  
0.7405259444  
1.639401586  
-0.3356641113  
0.09024089617  
0.486660014  
-0.7715274061  
-0.1854235332  
-2.67350418  
-2.959018343  
-3.631062862  
-0.5764018451  
0.8085977622  
-0.5126188362  
-0.4650986055  
-1.339730539  
1.001684983  
1.838435659  
1.688655192  
0.7636492477  
1.688319073  
1.893816251  
0.2917655364  
0.6290526844  
-2.706074679  
-2.963376651  
-2.417471451  
0.9426951457  
2.806821303  
2.326815866  
0.6130269997  
0.8021879252  
1.924556389  
-0.3574371982  
-0.3114633054  
-0.5461643596  
-1.331785766  
-0.7880525334  
-2.242885706  
-1.857941952  
-4.867637733  
-3.190117903  
0.9440948015  
1.732660836  
2.428626771  
0.8834859491  
1.087540941  
-0.4536053563  
2.093930218  
1.145001267  
1.56974201  
1.041978046  
0.3809318332  
-1.569800217  
-1.035476508  
-2.511702205  
-1.32298323  
1.045479377  
-0.6477905248  
-0.8972262349  
1.374578245  
2.365851839  
3.766267624  
0.9047470841  
-0.1723352981  
-0.1639899995  
-0.1950550514  
-0.2516694998  
-2.870135057  
-3.018195935  
-3.073069417  
-1.397532761  
-0.1067763964  
0.7730312254  
-0.6498654301  
0.7503922732  
0.437308614  
2.096924574  
2.06448704  
1.19814293  
0.1745819148  
0.04772852042  
1.583275942  
3.234232258  
1.220649612  
-0.1983829774  
0.1330535801  
0.8877391225  
-1.341203967  
-2.960266001  
-1.229053368  
-0.3385485016  
1.89532348  
3.056504063  
1.152038895  
0.006418182213  
-2.113851138  
-0.9435817865  
0.2125137532  
0.3970187506  
-0.5013455744  
-0.9456025082  
0.9623005678  
1.446244036  
1.011611668  
1.227497874  
0.7515847895  
1.616079374  
-0.7286827713  
-1.93236578  
-1.505846451  
-0.6544495002  
-1.464140256  
-0.5626004072  
-0.9510984293  
-0.6040519965  
-0.08637460391  
0.6764080555  
0.8628309014  
0.4639893938  
-0.2512255143  
-0.6939315275  
-0.7058015342  
0.3545524293  
-0.1365528983  
-0.6077600051  
-1.227738938  
-2.362434809  
-1.811312071  
-2.440979133  
-0.9259955301  
0.07688752595  
1.182861107  
1.343757023  
1.098104356  
-0.0780064107  
0.8695182506  
1.322099428  
0.4714742382  
1.245913809  
-0.537537252  
-0.9447302674  
-0.2359741212  
-0.2733603671  
0.5664367373  
1.385296587  
1.238872001  
3.213648631  
1.642665327  
-0.2253426799  
-2.497264397  
-2.497301568  
-1.499288016  
-0.6789242459  
0.004383604806  
-0.8417169058  
0.1468553415  
-1.228913315  
0.4088671435  
-1.355638638  
-1.453878485  
-0.2719875841  
1.221851576  
1.132299608  
1.910033005  
0.8908208252  
-0.3064890138  
-2.886053697  
-2.301226821  
-0.9767083947  
0.8468472225  
0.1102632408  
-2.051799555  
0.2551460871  
1.233621513  
2.412894552  
2.012638165  
0.9572392969  
