-0.754420185  
-1.234080137  
1.359597699  
1.247703849  
-1.576391171  
-1.596753585  
-0.6966662808  
2.986652894  
2.384262122  
-0.2920937002  
-0.7427439645  
-2.290991735  
1.458502158  
0.1564993349  
1.01348397  
1.690779543  
0.3831389851  
0.1188211353  
-1.195920071  
1.915371509  
1.861946408  
0.05434148745  
-0.2640381411  
-1.194243416  
-0.759942433  
-2.648713579  
0.6089709882  
-1.831227518  
-0.8647097134  
0.2288073014  
1.936013215  
1.699894157  
-1.979493224  
-1.362062255  
-2.445957573  
-1.452733012  
-2.160362539  
0.39588255  
-2.180294346  
-0.6290805423  
0.4460715721  
1.82353552  
0.9479118385  
2.048558768  
1.371379791  
1.578703146  
0.4377257861  
-0.707137686  
0.6700252562  
-3.061559667  
-1.230865721  
-1.424034999  
0.2288233876  
0.5268410405  
3.033908666  
2.125898614  
1.512797826  
1.804972308  
1.718184053  
2.407425845  
-0.3688340629  
-0.1935686689  
-1.964415593  
-1.886439189  
-2.457634941  
0.751759015  
0.8964799125  
0.8235103451  
-0.01972571447  
-2.365312425  
-0.810413254  
-1.372076146  
0.92205345  
1.622167451  
-1.968819525  
1.524643303  
0.9420407823  
-1.078634398  
-0.3801019473  
-1.872855903  
0.08419406422  
-1.263361365  
-1.279127941  
-0.859680261  
1.58800936  
1.63182866  
-2.349350897  
1.227420641  
1.111650916  
-1.258664488  
0.6721584667  
1.762741843  
0.3627838337  
-0.3005332159  
-0.7713681784  
1.444173638  
2.384011264  
-0.5676982335  
0.5579312549  
-0.847234517  
1.57858483  
1.008145084  
-1.950635341  
-0.8193208363  
-1.773799273  
0.2835670547  
0.8035423932  
2.294326  
1.829195386  
1.462858251  
0.9542525658  
-1.346260007  
-0.1620933885  
-0.6635705084  
-0.5334840031  
-2.13353182  
0.5668711557  
-0.1379445738  
1.355532466  
0.03606345845  
-2.50135208  
-0.5297509171  
-1.742229068  
0.3105378668  
1.79352753  
-1.288037246  
0.4491171895  
2.042529422  
-0.06389099606  
0.967401188  
-1.377283709  
-2.504459047  
-0.3154094846  
2.029951083  
1.319564884  
-0.6770663415  
-1.363644064  
-2.725071649  
0.4764446233  
-0.09016761211  
1.314012406  
0.1718299771  
-2.636245447  
-0.05493534101  
0.4160877113  
1.552241947  
0.6180497127  
-2.771833084  
-1.042262939  
0.3863886268  
2.350558522  
1.968106859  
0.2570559839  
0.4123462405  
2.85660334  
2.378832134  
-1.587136276  
-0.53876808  
0.5024089683  
3.025612493  
2.868323065  
0.6816277142  
1.211270155  
1.091405802  
-0.8485415398  
-3.021051138  
-1.188736744  
-1.747294809  
-1.59858492  
-0.5095332901  
1.281926777  
1.711252976  
-1.803636451  
1.091209894  
0.7431435367  
-2.312981649  
-1.529553296  
-1.168609372  
-0.02132560046  
-0.3388245371  
1.123553725  
1.134534846  
-1.898422977  
-0.3837458212  
-2.749342866  
-0.7838145384  
-0.2436226786  
2.307728256  
1.876933979  
-1.21469299  
-1.000358683  
-2.154988247  
0.01671165217  
-0.6315218233  
1.672218047  
3.101111558  
-1.571988692  
-1.465861034  
-1.290770286  
0.2653750784  
1.213283486  
1.867770913  
1.464336122  
-0.8474906245  
0.6082220256  
-0.4987167182  
-0.08769430175  
0.4082828164  
2.230937963  
2.400804257  
-1.521501781  
-1.715000881  
-0.746386606  
2.240446169  
1.603560477  
0.7355962955  
0.4061415478  
-0.6773496351  
0.05093523846  
-2.100884336  
-0.375273211  
-0.1919871845  
2.115791815  
2.090596058  
0.6431054206  
0.1582385165  
-1.728249552  
-1.792231021  
-1.116612303  
0.2061317059  
-2.779749829  
-0.7503931394  
0.4237681406  
2.495928205  
2.940085863  
0.8569982795  
0.1915739119  
0.3679568059  
-1.792301336  
-1.417054661  
-1.524540691  
-0.7212265994  
-0.7926700962  
-0.8528439196  
1.460708479  
2.253810851  
-0.7062097463  
-0.05499964657  
-1.038228638  
0.1525615046  
-2.328197884  
-0.1540205511  
-0.7019455904  
0.6913920575  
-0.5875259532  
0.6185130713  
0.009601944503  
-1.354742447  
-0.5357256554  
-0.1621573263  
2.070811575  
2.818289034  
0.7277427731  
-0.001989000997  
-2.690924453  
-2.157118865  
-1.126279462  
-0.3327830593  
-0.4523333533  
-0.3360453688  
-1.057075767  
-0.562223644  
1.009360063  
1.433328211  
-0.4504145763  
-1.982618944  
0.8550797243  
1.651368815  
0.4003461078  
-0.1894658376  
-2.945011624  
-1.42295669  
-1.246988268  
-0.662668493  
-0.8090554724  
1.068019162  
1.225044018  
1.93356802  
1.688132216  
2.079862415  
-0.03946049006  
0.7454123589  
0.6821417607  
-0.8123437637  
-1.187027367  
1.302903735  
0.3568635172  
-1.511391585  
-1.284529841  
-2.65310964  
-0.8476543383  
-0.4807985737  
1.228770398  
1.621948022  
-0.1748269732  
-0.1212954097  
-3.084691121  
-0.9452028647  
-0.04014397442  
2.230688714  
1.193740278  
0.2730575085  
-0.9628715253  
0.9789564238  
-0.2383000023  
1.606937241  
1.095553081  
1.984050508  
0.4948458128  
2.561197239  
1.863290215  
1.398945711  
1.114596106  
2.082739924  
1.206712297  
-0.6454269713  
0.006711067742  
-2.915789545  
-1.449347318  
-0.5374397417  
-2.075144702  
-2.472205265  
-1.877556912  
-0.9479606212  
-0.7131577277  
0.5061374275  
-2.568507649  
0.3242651548  
2.003439264  
-1.420422548  
-0.8358137199  
-2.476698087  
-1.824126769  
0.3995332248  
0.5245407679  
1.642752977  
0.475810297  
-0.7634073856  
5.062326469  
1.934136842  
-0.540006548  
-1.851822342  
0.1775936589  
0.4085849542  
1.33512238  
1.241696168  
1.762845256  
1.439412889  
0.3160472547  
1.514067383  
-2.647593855  
-0.5639389662  
-3.492746167  
-1.088480109  
-1.462745185  
-2.431298707  
-3.241421485  
-2.18179888  
-1.763648424  
1.150221624  
1.761026062  
0.8282434554  
0.02859976403  
-2.371802904  
-0.02416754936  
-0.1957482098  
0.9410490993  
0.7854323926  
1.512846741  
1.494051484  
2.581442463  
1.431510575  
-1.275246119  
-0.1521276969  
-2.654448462  
-0.8605825424  
0.1128019174  
2.194190291  
1.336575527  
1.644898389  
1.413158066  
1.615127235  
0.6258374759  
1.062994766  
1.540705303  
0.7102532099  
0.2010902525  
0.4818601491  
0.670739493  
1.702299032  
2.328044201  
-1.88383079  
-2.019775693  
-1.503655171  
0.9462405242  
1.483954777  
0.1286536514  
0.8809214046  
-0.949451581  
-1.30693421  
-1.491964437  
-0.7777704724  
-0.01460780575  
-0.0001218799915  
-1.780444778  
-0.9802253996  
-0.4902012084  
0.6818833897  
1.359946044  
0.1554851169  
0.9477850883  
-1.768366843  
0.7299920309  
1.413467269  
0.05775541097  
-1.037668524  
-1.761386438  
-0.2592109759  
-1.869652459  
-0.03230579575  
2.004101661  
2.602171875  
2.274402377  
-0.7549214932  
-0.1910332975  
0.6311608707  
-1.362335328  
-1.379800553  
0.0748585305  
-1.475300989  
0.605069205  
2.658991205  
1.471446181  
0.7373264842  
-3.071978017  
-1.753041138  
-1.677150937  
0.02618797463  
1.587920509  
-0.320737996  
-0.436307263  
0.1167093768  
1.246339076  
1.948345322  
-1.710481323  
-0.5654355918  
-1.462442389  
-1.829468763  
-1.532945658  
-1.613230999  
-1.760081151  
-0.992322743  
-1.625843341  
-0.02152080398  
-0.735945088  
0.2335439629  
2.332294542  
1.564910133  
-0.4506118529  
-1.801960788  
1.790601337  
3.29824286  
-0.5093837021  
0.3427293817  
-1.830748571  
0.113543705  
0.441812773  
2.561436846  
1.403465903  
0.8337812437  
-0.255527772  
-2.020030389  
-1.522265046  
-1.256949687  
-1.135830862  
-1.680495352  
-1.575963765  
-1.420730164  
-0.5418164721  
-0.1945098761  
1.66497505  
2.287795725  
-1.628576736  
0.5433159874  
0.3944724572  
2.20336991  
-0.3183072906  
-2.756732653  
-0.4240041992  
1.559246689  
1.536559326  
1.203698842  
-1.302633455  
0.1051790391  
-0.41525379  
2.169457534  
2.440868017  
-1.394115196  
-0.1061760085  
-1.706176817  
1.269610682  
2.027423749  
-0.3713140442  
-0.7284523443  
-2.330622083  
0.8737396478  
1.843129909  
0.7640577657  
1.486018546  
1.754487722  
0.8900802156  
0.04543475541  
0.4044595018  
-1.447801112  
-1.291073575  
-1.211740596  
-0.8504660217  
-1.886392194  
-1.012008373  
-0.884515011  
1.27228385  
2.272718825  
-1.30282589  
-1.817201701  
-1.449141672  
-0.8918437674  
0.7359596859  
-1.527623051  
-0.02830454727  
0.762472783  
-0.8689642432  
0.3485407957  
-0.8014752287  
1.573270202  
1.897574714  
2.819406334  
2.251848727  
2.824925092  
0.4394197912  
-1.073030369  
-1.494545356  
-0.1525796959  
1.447836253  
1.002395688  
-0.6270391503  
-1.346355028  
-1.84385506  
1.299812507  
1.342918017  
-2.614902381  
-0.4733273026  
-1.060781129  
-0.3548590566  
0.7720887302  
1.256063591  
0.945725009  
2.839547152  
0.7789822786  
-2.048480282  
-1.999488508  
-1.412757764  
-1.997697673  
-0.9770937468  
0.4133932669  
1.688854577  
-1.472543414  
0.9984774156  
1.701058961  
-1.793719331  
-0.4183508482  
-0.0322512671  
0.5288752953  
-0.3146089971  
0.9821858559  
0.03104800399  
-2.897817242  
-0.4638169165  
0.3752521705  
2.351416345  
1.752780539  
