-0.3531739138  
0.9744897742  
-0.4443441435  
0.0365547647  
-0.8267848422  
-1.273825064  
-0.6682949271  
-0.7576535739  
1.854762222  
2.064839668  
2.553559773  
1.749453892  
0.2911663936  
1.983331828  
-0.4520958282  
-0.0394329334  
-1.039006156  
-1.393821139  
-1.295902536  
-2.969704178  
-1.141964815  
-0.6005178448  
0.8474389695  
1.906770213  
1.367060372  
1.190520506  
-0.1904419384  
0.8069877196  
1.538054441  
1.946037353  
-1.9999253  
-3.184526704  
-2.671689493  
-4.15613593  
-1.976534733  
-0.8743593978  
-0.5757774676  
-0.8458773034  
0.9918552627  
1.462524974  
2.133808559  
1.588923474  
3.750760224  
2.569718175  
2.125982449  
-0.7699709964  
-1.536504806  
-1.502170244  
-0.9273068185  
-1.455755316  
-3.013226349  
-1.346016317  
-2.29410189  
-0.3770666225  
-1.802929335  
0.4638824031  
0.5462910732  
0.658226227  
0.5390768176  
0.8072486929  
1.929527238  
3.21051603  
3.705692307  
3.313145257  
2.216188248  
-1.40302334  
0.2385409822  
-0.9604418455  
-1.350018764  
-1.216970749  
-2.477002719  
-0.798793226  
-2.398615463  
-2.371873947  
-2.368104243  
-1.96853998  
0.9268744539  
2.039392567  
0.6560972823  
-0.1838640512  
-0.599940249  
0.0852474597  
0.171637615  
1.54795303  
-1.341877462  
-0.4207321556  
1.115492269  
-0.06227300273  
1.53690722  
-0.3443819473  
-1.973416407  
-1.970417627  
-1.224441983  
-0.4657095353  
0.6850428065  
0.8669285261  
3.130149997  
3.367359665  
1.492330907  
0.003329668287  
-1.477063543  
-1.347718698  
-0.4799416056  
-1.949114489  
-1.882950414  
-1.679014931  
-1.034461143  
-0.7402088671  
0.5867854348  
0.8531105413  
0.6228348786  
1.297905677  
0.3365813827  
0.322921309  
-0.3159054113  
0.4052609498  
0.483866988  
1.436486698  
0.2738817889  
-0.1695079378  
0.6551369087  
0.09218968175  
1.716619062  
-1.711653772  
-3.082060821  
-3.035032031  
-2.114051191  
-1.039345409  
-1.296936724  
-2.244200933  
-0.2663310864  
0.6908694134  
2.446302999  
1.733728863  
2.535862023  
1.832714578  
0.9641985535  
0.2096856752  
-0.3977516435  
0.008220241694  
-0.3403831865  
-0.1080438084  
1.738292918  
1.370314436  
1.037169418  
-0.2636702922  
1.218128849  
0.1234682429  
-2.877946186  
-2.180856096  
-2.950416279  
-1.068142158  
-0.1936870011  
1.184470242  
0.6077167241  
1.539313296  
1.629977662  
2.035160043  
3.07623274  
0.3950715553  
0.1153752716  
0.4193615417  
0.3737580344  
-0.9750232231  
-1.565380863  
-1.932144796  
-1.210606598  
1.383733457  
2.578277191  
1.369108837  
0.6084417886  
1.409445474  
1.482892722  
-0.3307014722  
-1.349617745  
-2.189074677  
-1.36876537  
-2.8629229  
-2.092535028  
-0.1147043608  
-1.08900954  
0.4381285604  
0.7045042661  
-0.9409408902  
0.7062411516  
1.769512141  
1.333716607  
-0.1664213273  
0.7396438313  
1.05675833  
-1.758759429  
-0.6373638986  
-2.280125242  
-1.056800985  
-1.879220326  
-1.307306526  
-1.593077632  
-0.4986365236  
0.9141316537  
1.341096682  
3.111938176  
2.246640708  
3.392102599  
4.057809401  
3.661065018  
2.429102514  
1.027933814  
-0.6014629081  
-2.691521538  
-2.216124124  
-0.9703724481  
-1.387389921  
-1.159667707  
-1.980138165  
-0.6840622104  
-0.1191166155  
-0.1275791101  
0.4789586877  
0.7750858648  
1.825256488  
2.159475487  
0.4209175164  
-1.155153034  
0.3454443432  
-0.4153310512  
-0.8148238429  
-0.3795672527  
0.2895813226  
0.9185455709  
-0.999319556  
-0.6064334964  
-0.08352911473  
1.390192489  
1.422459843  
3.353609124  
3.085542383  
2.599824275  
1.187909178  
0.529854703  
-0.8846312608  
-1.83988669  
-0.8710317052  
-3.040323316  
-4.085431315  
-3.191558489  
-1.534651021  
-0.7013287402  
0.5472751923  
2.05853395  
2.616238983  
4.261906596  
4.984681466  
3.382438275  
0.1876111467  
-2.98749439  
-5.028771744  
-2.445680649  
-2.157507137  
-2.514935978  
-1.009052066  
-1.125026362  
1.543103384  
-0.353920125  
-0.4971687777  
-0.3269217353  
-0.4178322054  
0.09823283995  
-0.1704799133  
0.7585137769  
1.025200229  
2.345744094  
2.612569257  
2.262199277  
-1.469840808  
-3.517691626  
-2.834524243  
-3.313688584  
-1.879791106  
-0.668435892  
-2.719354988  
-1.857683572  
-0.8964517175  
-1.043891641  
-0.06371144111  
0.0986084249  
0.6029560359  
3.794296396  
3.848218847  
5.906849426  
3.759729485  
2.771934847  
-0.06721995087  
-0.55002735  
-2.213870384  
-4.594156912  
-2.161972098  
-1.777681721  
-0.9170311841  
0.06092491576  
-0.2551038168  
-0.7201748981  
1.843089272  
2.068454488  
3.584307534  
2.312157274  
0.3840205455  
0.6800333145  
0.3796836651  
0.4636197931  
-0.1593285745  
0.6547862352  
-0.3242121425  
-0.6523153512  
-2.84634076  
-2.48544867  
-3.119119185  
-2.321487917  
-0.8618411963  
0.794051697  
0.6457044657  
0.7249764868  
0.4062175889  
1.316194833  
2.220053994  
3.017155356  
0.8759001636  
-0.3429263385  
-0.2829724306  
-0.4247760645  
1.217519093  
0.6666022631  
-0.2324353202  
-1.573322968  
-1.401393906  
-1.209624501  
-1.790177709  
-2.554913079  
-3.103449058  
-1.86156669  
-2.618081396  
0.4135826382  
2.649544738  
3.387497143  
3.167032439  
4.18632094  
3.032325515  
1.355539224  
0.4359381085  
0.3202113286  
-3.31146662  
-2.508250476  
-2.263120188  
-3.438810711  
-3.81694826  
-5.357770572  
-3.066359202  
-2.617916485  
-0.8149884142  
-0.4770176281  
0.2176793467  
0.9647755185  
0.527805061  
1.672919449  
1.045691496  
1.265828032  
1.012474566  
1.70664933  
-0.09007194619  
0.8242966032  
-0.128980453  
2.286975318  
1.491400433  
1.064292782  
-0.5710114513  
-2.284622164  
-1.299471026  
0.0563648897  
0.1047637661  
-0.5655884378  
1.580116359  
1.277355902  
1.530748181  
-0.6412789065  
-1.374532406  
0.6457656074  
0.6458955575  
2.037058956  
1.292318347  
2.738507717  
2.430905314  
4.073717121  
1.395235181  
2.817078987  
1.039476791  
-2.583209546  
-2.763457751  
-1.661705613  
-4.194234294  
-2.665892416  
-2.633571504  
-2.25913447  
-0.06996953866  
1.133871737  
2.865716282  
0.6301380337  
0.6213633362  
0.7170318163  
1.874726394  
1.985003629  
1.242564724  
0.1416259181  
-1.514536546  
-3.844124435  
-2.106233251  
-0.03426051024  
-0.04872850629  
0.09899942361  
-0.2094764284  
1.045379758  
1.952305608  
2.285445215  
2.98320212  
0.05492960501  
0.0382295911  
-1.391105793  
-1.901358197  
-1.928807886  
-2.488741457  
-1.012458059  
0.02929367201  
1.519939799  
0.8226693313  
2.571897128  
1.321974837  
0.1319681228  
-1.147944425  
-2.037408878  
-2.753069442  
-2.663958987  
-1.530023751  
-1.831473954  
0.2074251641  
0.2100212119  
1.207724969  
2.121249945  
0.808947915  
1.120135547  
0.4836095  
-0.5958745891  
-0.2867842874  
0.08351702263  
0.8255375907  
0.2780659124  
0.4008759747  
1.92599005  
0.4228498726  
1.966015554  
1.784468433  
1.818600708  
0.9780707899  
1.120147411  
1.044690295  
-0.7874698222  
-1.667700875  
0.9850780154  
-1.625305475  
-1.79957605  
-3.415319243  
-5.341285514  
-2.883455641  
-2.824411793  
-2.236219112  
-0.67017254  
0.8093658215  
0.8196137556  
1.842673792  
3.616840235  
2.935760859  
4.241474109  
4.05577134  
3.396759168  
2.013643951  
0.2578375815  
-0.5753322775  
-2.699626282  
-3.546223597  
-3.702445505  
-4.753193755  
-3.224325186  
-1.758157886  
-2.130704036  
0.2559311898  
1.177237757  
0.5180895265  
0.6923681529  
1.150463004  
2.473549815  
0.3936959247  
-0.9362982178  
-1.353647431  
-4.142932315  
-2.188525221  
0.5293153905  
-0.4144919703  
1.410236671  
0.9274082431  
2.479338849  
2.682435794  
1.949471538  
1.058172325  
-0.5374475357  
-0.09457794631  
-1.426540512  
-2.153780162  
-0.9087220035  
-0.3845894507  
2.385469926  
1.067856784  
1.662387455  
1.857855044  
2.444426711  
0.7834380902  
-1.075654648  
-1.556136314  
-1.628848661  
-0.4637634559  
-0.6039195887  
-1.043515711  
-1.666028509  
-0.6934976901  
0.3663372837  
1.635696045  
0.681344988  
0.1319123544  
1.671853078  
-0.2748476507  
-0.297841124  
-0.2359337471  
-1.529736836  
-1.454237607  
-0.9892268349  
-1.174890647  
0.05096255375  
0.4508658664  
3.269696253  
2.473611639  
1.758539334  
1.86805346  
2.349279046  
0.9067860092  
-1.349024046  
-1.145323857  
-2.849126885  
-1.762370954  
-1.114053656  
-0.4281456846  
1.418873976  
0.3176879059  
1.723599948  
1.690681756  
3.073530291  
4.109800501  
2.360026799  
0.6777853833  
-1.695959222  
-1.082443426  
-1.066042529  
-1.85452836  
-3.513507742  
-4.076985246  
-2.577742029  
-1.658608836  
0.02910512161  
1.209824904  
2.75066054  
4.23291849  
3.051586835  
3.147364489  
1.229737121  
-2.532495244  
-1.75594199  
-1.139288071  
-1.520645309  
-0.941406221  
-0.1994966353  
0.03073586838  
0.4958466391  
-0.0395941417  
-0.5877258819  
0.6200262712  
