-0.1186686499  
0.2959451536  
0.3171801656  
-1.357537853  
-1.203239484  
1.814088455  
2.449600047  
2.54685184  
-1.529892054  
-2.348400398  
-0.06265605635  
0.9948239995  
1.76542103  
-1.27264202  
-0.8390521451  
1.783574425  
-0.826868976  
-0.2496625506  
-3.185480726  
-0.1768176885  
0.3374432982  
-0.6492190226  
-0.9968360822  
-2.181576723  
0.5018342503  
-1.082001986  
2.207954953  
-0.9198680486  
-0.4726771322  
-1.986413885  
0.9858344313  
1.319016702  
-0.5291662394  
1.001507818  
-1.868748685  
0.1245931473  
1.623662165  
3.508245155  
-1.145924991  
-0.3018465289  
-1.344932739  
3.022998908  
0.5079303957  
0.3465605716  
-1.108245343  
-1.576824326  
-0.8299779885  
0.4800672284  
2.63754307  
0.7301495436  
1.748307083  
-0.6315908165  
0.6201954528  
1.517675555  
-0.1955550743  
-0.8033539861  
-1.270229087  
-2.581088914  
-1.52253221  
1.162490035  
-0.1510772667  
0.4088072054  
-1.631788547  
0.2799585312  
0.5373201923  
1.78939651  
0.06239428938  
-1.585685174  
-0.883844712  
-0.113666308  
3.308532619  
-0.595596312  
-2.64480611  
-2.681776247  
-1.222739041  
0.9183897065  
-0.2452850543  
-0.9753692828  
0.3695369508  
0.7440687812  
2.771485568  
0.5993263593  
0.7385236197  
-2.000596046  
0.8402012362  
3.298700645  
0.4049023258  
-1.970699498  
-1.70738306  
-0.9772487882  
0.7063659291  
-1.316320115  
-2.747837764  
0.03883928906  
0.7267245168  
0.6076358831  
-0.862079317  
-1.766294063  
2.828788503  
0.4554574331  
0.7580836892  
0.3520866587  
-1.057324321  
5.021646355  
2.75235931  
1.747772156  
-1.123119056  
-2.153842599  
-1.714831576  
0.1095802015  
1.630041512  
0.5881249755  
1.421101925  
-0.5520539227  
2.101476879  
1.143202788  
2.729312461  
-1.250890629  
-0.359798774  
2.789904406  
0.3974480875  
0.3319590411  
-2.486444811  
-0.1329449175  
0.7443539132  
-1.205065676  
-1.990905342  
-3.099500023  
-0.5599827643  
2.674616726  
0.8794324355  
-2.063855801  
-5.350252677  
-1.934328861  
-0.6165211395  
-1.513811673  
-1.785671465  
-4.70016297  
1.323119723  
-0.6509460486  
-0.9073737428  
-1.715295238  
-3.732408554  
0.6890331643  
0.629636255  
-0.3756737251  
-0.3208030522  
-2.885289425  
1.899005045  
2.758893716  
2.751732038  
2.400320228  
0.9235133663  
-1.297259302  
0.3674093774  
2.147029777  
0.1640373499  
-0.4989075442  
-1.817230558  
0.6698569127  
1.808469373  
1.401449031  
-0.3031874256  
-0.9632294795  
3.30460271  
-0.270882705  
1.550560378  
-1.407372729  
1.509968527  
0.7719206224  
1.076094802  
-0.2414469518  
-2.593590736  
1.586776878  
0.7384866957  
-2.551073108  
0.1389829798  
0.2343299538  
2.467617287  
-0.2994568927  
-1.749315284  
-2.06814487  
-3.727021107  
1.360574717  
0.7272383318  
0.693686794  
-2.364363505  
-0.3499248899  
0.1867122759  
-2.481568975  
-0.6938862519  
-0.8247710629  
2.924994633  
0.3115121328  
-0.02612479107  
3.375190452  
-0.07260577301  
1.134634633  
-2.132390941  
-0.820922662  
2.780095079  
2.404715856  
-0.09688302198  
-2.281613096  
1.52660257  
0.8539351859  
-1.159056433  
-2.360216256  
-1.972679182  
1.160962781  
-1.253519928  
0.4526562201  
-2.616779764  
0.2434808039  
1.205628475  
0.8952023731  
-0.0746323786  
-1.973215695  
1.136774532  
1.485495095  
3.187246768  
-1.091401402  
-1.541453451  
-2.092145515  
-0.1575079202  
1.828099453  
-0.4630764677  
0.6437793041  
-0.7068053247  
4.188515931  
1.193729429  
2.351319248  
-0.3750913675  
2.637972699  
2.992032861  
1.127088957  
0.941599136  
-2.185152006  
-1.970557993  
-1.801643642  
-1.056413042  
-4.067226402  
-1.783922586  
-0.07051963446  
-0.5040171819  
-1.410711403  
-3.085339811  
0.2345051789  
1.814937881  
3.236202505  
0.01580597277  
2.272571623  
-0.8332088387  
3.108215269  
1.010478333  
-1.984342011  
0.1274438333  
0.8898981321  
1.911686967  
-1.46728391  
-2.932696366  
-2.111918224  
0.7938176236  
2.786969892  
-0.4816247345  
1.476856649  
-1.514754413  
1.531989302  
3.073046201  
4.244533768  
-0.1995024729  
-0.0554146929  
-2.181436365  
0.9050764958  
2.683503333  
-0.6389239921  
-1.298859823  
-0.9877966748  
0.4253561424  
2.865417388  
-1.011743442  
-2.415286163  
-5.521070991  
-0.210764115  
1.086646588  
0.9543413296  
-0.7565186702  
-0.8661766153  
0.0008900342475  
2.961233328  
0.4439613785  
-2.554959585  
-1.582059735  
0.1751233489  
1.547134274  
-1.286843414  
-2.04490659  
-1.87024663  
-0.1886960219  
1.492467627  
2.241779282  
-1.127864437  
-0.6909906611  
-2.596241999  
-0.9579268864  
2.257878812  
-0.5234006336  
0.4313470708  
-0.2553297897  
2.416014112  
2.086666408  
0.4317621285  
-0.04039693073  
-0.6961165886  
-1.019957114  
2.823521985  
2.232846727  
-0.9125019167  
-1.693782319  
-1.470356194  
1.876064056  
1.064335725  
-0.5652147253  
-0.9194483779  
-1.172529539  
0.7882438099  
3.718801393  
1.832891645  
1.422913028  
-0.1752652972  
2.476330657  
1.151676431  
0.3573732252  
-2.955140093  
-2.766042194  
2.623486666  
-1.734329635  
-1.900008104  
2.417398109  
-0.9060458975  
-0.6264695454  
-2.44180716  
0.1021113425  
2.075157024  
2.884015092  
1.130669861  
-1.078130623  
1.496975511  
10.37774177  
-3.157715461  
-4.09134176  
-3.053325919  
-2.028725304  
-3.578977806  
-3.694455415  
-3.083941164  
0.102823791  
1.468770392  
-0.199059765  
0.03057621708  
-2.423898378  
1.733938982  
1.842339243  
3.352167278  
0.3457096941  
-0.1341668741  
-3.41124485  
0.8390064277  
2.111976456  
1.551264146  
-0.3463830256  
-1.393180229  
0.6416073209  
1.162963916  
1.200213285  
-1.646231586  
-0.1149098301  
2.604309466  
0.5249621427  
-1.56366034  
-1.240175991  
-0.3928200767  
-0.6328395851  
2.649778393  
-1.467920188  
0.08053448431  
-0.738471817  
2.3753817  
1.962635096  
1.856310413  
0.2945568483  
0.7588731486  
-0.07379777191  
1.072211458  
2.351129346  
2.068273971  
-0.3959240781  
-0.7200648962  
-1.531942716  
-0.152989875  
1.595612342  
-0.8820025664  
1.831248049  
-0.7513236242  
0.3423873639  
2.267676692  
-0.8682644006  
-0.867804164  
-2.796107662  
-0.5225293406  
0.7522832826  
2.186472365  
0.7900390416  
1.880790597  
-2.265057492  
1.072498522  
3.176732909  
-1.511716085  
-4.180926846  
-5.634205569  
-2.506564853  
-1.97810186  
-2.496755079  
-2.941740922  
-3.817103128  
-0.7433538423  
-1.946453208  
2.702017692  
-0.791646663  
-0.7560446589  
-0.01837406865  
1.915719842  
3.589558122  
1.146556097  
-0.2586606097  
-1.389082136  
3.311323822  
-0.1772040557  
3.086161716  
-0.1950857893  
-2.086003649  
-1.923881764  
0.1284558669  
2.146452437  
-0.9677823355  
2.092830981  
-1.242002875  
-0.6594392714  
1.321629261  
-1.087614441  
0.1915164521  
-2.248205912  
-0.4681072142  
1.373453484  
-0.8963185072  
1.118446039  
-1.402553378  
1.708877684  
1.381312982  
2.290242226  
-0.8392710426  
0.589369859  
1.564549794  
3.375324596  
0.2207634254  
-3.176045403  
-1.921948351  
0.9292042323  
1.705350899  
-3.041416016  
-1.4771005  
1.520640042  
0.2592807596  
1.305763548  
-2.602350464  
0.920017582  
1.88950682  
1.960034481  
-0.1750124398  
-2.346692427  
-1.085107696  
0.6089979709  
2.65748707  
1.342870673  
1.776892428  
-2.666716999  
0.1081196852  
2.161861931  
2.26502165  
-0.706669494  
-0.9677430361  
-0.3804910444  
0.4413659259  
2.465423041  
-0.7143388972  
-1.686200761  
-0.832223312  
0.1670382192  
0.7985331905  
-1.476121063  
-2.85774745  
0.9567408049  
1.628729683  
2.301004322  
0.34201968  
-1.073704595  
-0.4516886634  
0.1419395356  
5.030212369  
1.119195736  
-1.6646594  
-1.155505222  
0.735899509  
2.569767395  
-2.211559347  
-0.2473712594  
3.115670366  
1.112209377  
0.5557505548  
-0.6450912642  
-0.9664290381  
-0.3305560074  
2.481192267  
0.6514074631  
2.236792227  
-1.898003093  
0.5713406671  
2.481430161  
1.73141639  
-4.522666548  
-4.774318075  
-6.351562554  
-2.673685947  
0.3482887023  
-4.005948993  
-3.442667426  
-4.008227116  
-3.109230584  
-0.4137770808  
-1.580746158  
-3.800760465  
0.1020259972  
2.738711555  
0.8441652666  
-1.131253489  
-1.108458904  
-0.8522859906  
2.586944041  
2.733962542  
-0.5252329014  
0.4700802787  
-1.21678893  
1.300937545  
2.434124066  
-0.3962592627  
2.445439916  
-1.741399674  
-0.031827539  
4.288026418  
0.3057058615  
0.4675000175  
-2.741061291  
1.227183015  
2.340497966  
0.2458158946  
-2.282101336  
-1.385610862  
1.419436012  
-0.1110793242  
-0.6829537963  
-2.707891962  
2.030789839  
0.8964084923  
-2.231943547  
0.6165665725  
1.488370964  
0.4759718619  
0.4820801263  
-1.289967084  
2.112722201  
2.837697384  
1.464528059  
-2.316024825  
-2.266626983  
3.947262157  
-1.437719317  
-2.907289559  
-1.18463846  
-1.517950058  
1.469434255  
