0.3132034933  
-1.946756953  
-0.7291028071  
-0.03218001551  
-0.751100437  
-0.07375970537  
-2.308808056  
0.03021490659  
2.030316737  
1.536325637  
2.092797184  
0.1831020473  
0.5147999583  
0.3688437928  
-0.2603162323  
-0.8339422576  
1.395123015  
3.760633203  
1.889530208  
0.7721081799  
-0.4319057734  
0.2545726337  
1.106126128  
0.1258286946  
-0.4329526508  
-2.508793924  
-3.571575275  
-3.976822038  
-0.3727318294  
-1.008458681  
-1.669599565  
-0.709684121  
-0.2640097282  
2.26542934  
1.685800198  
1.424408738  
-1.304028239  
-1.308419008  
-0.804450382  
0.6382393815  
-0.6734091835  
0.3042699854  
-0.2730362895  
1.193132338  
1.57772963  
1.524915579  
0.3262796762  
-1.255156651  
-0.8925663194  
-0.389408776  
1.748047915  
0.1292268801  
-0.8559689937  
-2.103665342  
-1.128293072  
0.8540780962  
2.178189271  
0.8389653377  
0.7497046213  
0.5306820978  
0.3442651469  
2.677355003  
2.604608697  
0.5515794935  
-1.820856924  
-1.610214501  
-0.3022011657  
0.7013644825  
0.3470119484  
-1.694002309  
-1.921435222  
-2.392673983  
0.8870631307  
0.03070746431  
-0.8898492229  
-0.1386096824  
0.5538741308  
0.7514139084  
0.1267111662  
-2.949203976  
-1.906134824  
-0.3830681809  
2.069672391  
0.425664735  
-0.4015445474  
-0.2595225966  
-0.8790817499  
0.2118291775  
-1.129334672  
-1.310227912  
0.1646108122  
1.150659802  
2.253072637  
0.2739811109  
-0.9100173182  
0.4299870738  
0.3168273736  
-0.2873136014  
-1.469395214  
-3.392923172  
-1.43700528  
1.419841745  
-0.8258556938  
-1.422096971  
-2.999364485  
0.007943679222  
0.7644805472  
2.054249336  
1.458148154  
1.034361724  
2.369569629  
1.113415858  
2.992675798  
1.136757954  
1.067384307  
-3.082876054  
-2.301277718  
-1.188970132  
0.07862815146  
-1.935201461  
-0.9569213671  
1.620567074  
0.06977785671  
-1.231401505  
-0.5887512366  
-0.8149741661  
2.447287154  
1.716460342  
1.120872939  
0.8977697068  
0.707623634  
2.456129483  
-0.3190597537  
-1.255349105  
0.5132672426  
-0.2342464119  
0.697826584  
-3.017961859  
-3.826475248  
-2.269837  
-1.753601057  
0.5904701248  
-1.90250833  
-1.950997316  
-0.7840173994  
1.473092027  
2.905388074  
0.640838649  
0.09425842336  
-2.282306878  
-0.9508847167  
1.767530532  
5.07727299  
2.062138623  
-0.08860966496  
-0.4868398662  
0.1067285901  
1.783543158  
-2.108010994  
-2.474746058  
-2.573868489  
-0.8141792406  
1.109523782  
1.091605559  
-0.4269554741  
-0.3717555723  
0.9073128444  
2.080247851  
0.936950075  
-0.1257832349  
1.507405571  
2.714881861  
-1.199361694  
-2.386236047  
0.1542767138  
0.7212534163  
-1.84534235  
-2.069404346  
0.4985893106  
0.8472988233  
3.932251201  
1.651232645  
-1.07754041  
0.8959371126  
-1.014686627  
0.2410448607  
-1.439294362  
-2.692020458  
-2.327359322  
-1.682926296  
-1.856564832  
-3.203557983  
-1.067684286  
0.0926602901  
0.06342872623  
-0.7557939536  
1.093158638  
3.517359507  
0.8409005266  
0.488250484  
-0.6840415595  
1.101122014  
3.164570337  
1.672874262  
0.06690357364  
0.0280757213  
1.221870349  
2.944551865  
1.845208571  
1.320201599  
2.00360682  
3.781147699  
-0.1259520307  
-1.157316179  
-1.449694495  
-2.820339674  
0.7116668899  
0.9355632938  
-0.7606848255  
-3.37023546  
-1.44685729  
-1.021903222  
0.05422817284  
-1.402994543  
-1.383818405  
0.8467044888  
1.861980651  
3.201260735  
0.6448457297  
-1.116538092  
0.2640959323  
2.990003914  
-0.2008280458  
-0.8124304486  
-1.51594587  
-0.3003030739  
0.9152921783  
0.8449191443  
0.5296918501  
-0.01804562868  
1.738179061  
1.909284362  
-0.2360586776  
-2.355464675  
-0.8318774693  
1.098405361  
-0.6028711324  
-2.047945541  
-3.514121582  
-1.142968022  
1.590952784  
1.099879027  
-1.450445483  
-1.939548938  
0.2161997335  
3.058505704  
2.104094433  
-1.161741048  
0.7955414888  
1.089392441  
2.321566538  
0.2457331524  
-0.9374389027  
-0.02432144798  
-0.9657701851  
0.7789285452  
-0.3301143603  
-1.45923861  
-3.111300803  
0.08284302669  
0.5946507481  
1.066624004  
-0.8157010529  
-2.419542835  
-0.1658810195  
0.4608444078  
1.216816382  
-0.2599300394  
-2.673476495  
0.440567474  
2.182543928  
2.715214571  
0.08183070489  
-0.2149307466  
-1.253391721  
0.01858891623  
0.7915436396  
2.493572998  
0.1967048592  
-1.079680328  
-2.710069988  
0.7551893522  
0.4077129027  
-0.5086309792  
0.7903158947  
-0.6829634729  
1.129657483  
0.2947220423  
-0.7120297759  
-2.778007458  
-0.2773834388  
-0.7583570149  
-0.865924718  
-1.739725007  
-1.878559277  
1.695787681  
2.148242306  
3.100772583  
1.560574219  
-0.8349430274  
-1.630995951  
0.5206766589  
1.575171393  
1.248019475  
-0.3620847308  
-0.2621687027  
0.876293557  
1.241952957  
2.412583929  
0.6826341259  
-1.662840529  
0.3075611954  
0.9778191752  
1.20063414  
-0.7281119771  
-1.109405507  
-1.531932018  
-0.3693117587  
1.462959688  
-1.3872348  
-0.4001603625  
-0.664519743  
3.039882103  
2.057835598  
-1.781027039  
-2.814393303  
-2.174527349  
-1.182219255  
-1.545784997  
0.527349387  
0.286618712  
-0.003857376519  
-1.058019845  
-1.286384918  
-0.5668868601  
1.895135684  
2.999828805  
-0.1265298117  
-2.93829192  
0.6359625056  
0.1030682641  
-1.628734634  
-2.048639009  
-0.6077965547  
-0.49255312  
-2.408033525  
-1.558162275  
-1.215839763  
1.029901019  
1.175458265  
0.1307549247  
-1.05543211  
-1.99255187  
-2.735021502  
-0.5570977842  
2.641721449  
0.6456067213  
0.2270031816  
-2.007450047  
0.532159615  
0.5576910308  
0.6544769135  
-0.4116545455  
-2.28939361  
1.181773679  
2.42269938  
1.035691971  
-0.5630906679  
2.333168077  
3.020787748  
2.936566644  
1.054867724  
-0.325946414  
0.7968672927  
0.6024917408  
0.9178980142  
-0.4902418682  
-0.9513781223  
-0.2308870144  
1.23309995  
0.8507242378  
1.525695471  
-1.512966184  
-0.4353328116  
0.07656181973  
1.592719199  
2.448135563  
2.910942609  
-0.1290281433  
-0.5769705889  
-0.02671204125  
0.7656126091  
1.668090831  
-1.737092538  
-1.068953692  
-2.292140595  
-1.837058468  
-1.622137048  
-1.90705898  
-2.121445699  
-3.261057411  
-1.202933819  
0.9314507443  
3.421095127  
2.970507687  
2.69829359  
0.7946349593  
0.1709371874  
1.77627961  
0.1574743234  
-1.634843799  
-2.989653581  
-3.229625857  
-1.256229123  
1.394208079  
-0.1565296231  
-0.7572048373  
1.360709707  
1.103851337  
1.172769143  
-0.483213203  
-0.01613248833  
-1.609819593  
0.8070238026  
0.5116424513  
0.4495184269  
-0.7302704833  
-0.4719383161  
0.3887711348  
0.1892905822  
1.56700221  
-0.2954127368  
-3.168866525  
0.5322076318  
1.145162328  
2.360309843  
0.7895380063  
0.4399432296  
-1.982231509  
0.06468127303  
1.356253033  
-0.8602348069  
-2.663339047  
-2.63244702  
-1.557651287  
1.206560546  
1.240992038  
0.9191229783  
0.9078697248  
2.2602662  
1.904118963  
-0.2805093919  
-2.449864034  
-1.151476935  
0.4505313707  
2.496635062  
-0.6122604847  
-2.893160943  
1.240515513  
1.314127383  
-0.634566782  
-1.602102657  
-0.5557104754  
2.142154214  
1.354062609  
0.08601517167  
-1.414185517  
-0.2714293243  
-0.03315384562  
-0.7819638643  
-3.094075731  
-2.399787573  
-0.4167027579  
-0.8471796991  
2.350130566  
3.529960047  
0.8543546525  
-1.571996706  
0.3702133339  
1.100771486  
0.8305555462  
0.233128258  
-2.835996939  
-3.178780999  
-1.894836377  
0.6332851257  
0.7922059557  
-0.8686597559  
1.794870325  
2.677632376  
0.08663886817  
-0.5793507421  
-0.9788580147  
2.220776398  
2.405428062  
2.15939633  
-0.0481262103  
-1.704931403  
-5.688811406  
-3.701957783  
0.1040131301  
-0.6134069231  
-1.326481713  
1.146917649  
2.074887461  
0.1163347639  
-0.6957914261  
1.446513904  
2.728567923  
2.208265513  
-0.1289783631  
-0.07419858601  
-1.686492369  
-2.025669669  
2.461750138  
0.7258344942  
-1.024394572  
-1.915665883  
1.442917827  
1.951599469  
1.447646374  
-0.3347972362  
-1.526900729  
-0.2275920216  
0.1291889441  
1.124118465  
0.7613811727  
-0.3377585961  
0.4000480989  
-0.2703877284  
0.279949775  
-1.558946077  
-3.438607322  
0.4992768277  
1.502760942  
2.022253504  
0.9296209884  
0.3727111227  
1.737745171  
2.234896023  
2.026666094  
-0.4157972223  
0.4654384284  
0.2135238512  
-0.6667398411  
1.285712816  
-0.03387827347  
-0.6945112313  
-1.57007137  
-1.969586111  
-1.344576792  
-3.464682782  
-4.354295322  
-2.737735983  
0.2367700389  
3.017952446  
2.244713839  
0.9925291052  
1.681153481  
3.671644096  
1.475741003  
-0.2338436989  
-1.482286404  
1.212842644  
-0.2573949007  
-2.995961793  
-1.190411566  
0.7001228078  
-1.479239992  
-1.456722014  
-2.549935986  
1.262976702  
2.665864344  
-0.002078718189  
0.04791392015  
-0.1814183688  
1.47559153  
1.857192579  
-0.08929790487  
-0.692345229  
