0.01044933609  
0.4579436439  
-0.7455802368  
-1.644217757  
1.142415689  
0.9536447088  
0.4456831255  
-0.1676452723  
-2.426164937  
1.820709714  
2.698560057  
0.7139496334  
-1.486199936  
0.01228751674  
-0.9041929008  
-1.421959416  
1.13982239  
0.4488374035  
0.5245394861  
-1.533059612  
-2.465330078  
0.6828050345  
-0.6699011129  
0.9236198488  
-0.1426766323  
0.4937110693  
0.05158276459  
0.1964116528  
-1.10245822  
0.1030056148  
0.5029327982  
-0.6897032431  
-0.3616008105  
1.082360204  
1.530328325  
0.6656423636  
0.3455091544  
-0.03863772086  
0.1744326644  
0.7168724704  
1.017077861  
-0.4473589866  
0.137927646  
-1.430745253  
-2.222595726  
1.031436782  
0.6315312755  
0.2119027479  
1.468853624  
0.9239044393  
-0.4255066713  
-0.1221218982  
-0.8866212663  
-0.8282886625  
-2.225458052  
-1.364971012  
0.8810910205  
0.8628209978  
0.5100315247  
1.491740019  
-0.1271042119  
1.462189714  
0.8607208316  
2.318114505  
1.002687437  
0.4122996096  
-2.138549841  
0.6267707262  
0.639221018  
0.80861987  
0.04430181039  
0.1882123055  
-2.492491894  
-1.544400703  
-0.09056304496  
-1.108153589  
-3.23860447  
1.115488488  
1.349967637  
0.6134721285  
1.126062725  
0.4366608218  
-1.967414682  
0.7704511525  
-0.4398678992  
0.1950813038  
0.07692024256  
-1.049379942  
0.01131452064  
0.04564810936  
0.5126677196  
-1.21572288  
1.655136092  
0.4069335898  
0.3056559439  
-0.1061960149  
-4.550955007  
-0.09550506155  
1.793402361  
-0.3031461733  
-1.735826641  
-0.6678183724  
1.139970034  
0.451926995  
1.496729684  
-0.2689592428  
-1.100563872  
-0.2655644507  
-0.3968274177  
1.206581518  
-0.6667044159  
-0.8886457133  
-1.503077383  
0.0394891388  
1.17738532  
0.5943361033  
0.007639668659  
0.2645666154  
0.3416119624  
-0.03507852758  
0.4971061722  
-0.3701573239  
0.09142505806  
-0.2401200764  
0.3226267054  
0.8200875986  
0.1281251619  
-1.220677085  
0.9004763297  
-1.454969739  
0.03533526931  
1.147768617  
0.9825728549  
-1.134896019  
-0.3121439086  
1.462129557  
-0.1138525197  
0.6646707784  
0.9777965662  
-0.3924372977  
-1.771476485  
-0.77140024  
0.9158255506  
0.8354192722  
-0.9218908594  
-2.473119278  
0.3522999915  
1.147798671  
0.5157557115  
0.6646953576  
-1.854968335  
0.6174134418  
-2.98658538  
0.8228194822  
-1.16753246  
-0.925508511  
-0.3240411176  
0.1938337001  
-0.6565173758  
1.064361254  
-0.1817619187  
0.545185035  
1.659912073  
1.743998582  
0.8378321896  
0.719780714  
-1.073006785  
0.3772608137  
-0.6928651671  
0.6078320203  
-0.7615682592  
-1.776107407  
0.6105223369  
0.6169688148  
-1.230923113  
0.8371598819  
-0.444041307  
-0.6153935578  
-0.1073923768  
0.9465240793  
-2.00763714  
1.184045472  
2.250931276  
-1.284395814  
-0.7030431668  
0.07790621615  
-0.03360092382  
-1.140246208  
-1.681834578  
0.1043883233  
0.1310848016  
0.8324435145  
0.302199443  
0.8856022929  
-1.548389122  
-0.04756713177  
1.075168285  
0.8782714283  
0.9957989766  
-0.528835265  
-0.4166032298  
-2.348671781  
-0.2191812348  
0.2157218562  
1.27553713  
0.09264183302  
-1.2071045  
0.6984584726  
-0.5403117554  
0.4868688593  
0.3317761299  
0.302560531  
0.9473706854  
-2.630089773  
-2.01780597  
0.333491736  
-0.3389793606  
0.172375687  
2.833551061  
0.5463978702  
0.3497827184  
0.4890674862  
-1.521396049  
-0.1179129342  
2.228333008  
1.763424231  
0.1691120508  
1.056998992  
0.7871503367  
-0.7668296337  
-0.812656466  
0.4400116792  
1.249200064  
-0.3043068145  
-1.797755731  
0.4224652775  
2.220527419  
2.967299492  
2.096707179  
-1.38573016  
-1.047285559  
1.822997482  
1.241178081  
0.2297979882  
-3.915994068  
-2.972786491  
-0.07223569216  
-0.4078552733  
-0.1903293781  
0.4135504809  
-0.08293191212  
-2.075810455  
1.734299245  
-0.6855410997  
-3.399982092  
1.023973261  
1.246842389  
1.42045358  
-1.19439404  
-0.4034700071  
-1.242275796  
-0.2438069019  
1.9363981  
0.5446106971  
-0.1266085909  
0.7247697836  
0.8555991006  
-0.4721490932  
1.25969816  
-0.3286116136  
0.05989814558  
-1.498518584  
-0.9838332145  
1.824460354  
0.852615584  
-0.06108034283  
-1.977551615  
-0.3700308462  
2.0766656  
0.06134971206  
0.2642337183  
-0.02242621577  
0.9386222641  
-1.216572748  
0.9242823936  
0.1176967966  
0.1657768257  
-1.332759655  
-0.3533485315  
0.362203526  
-0.8051479242  
-2.436221235  
-0.5151566838  
2.532738814  
0.563755318  
-0.2842218017  
-0.3501981439  
1.121067883  
0.3767140494  
0.5304473075  
0.6425362066  
0.9502300203  
-2.236158404  
-0.3002493757  
2.662289466  
1.316112357  
-0.543812972  
-0.517969638  
-0.05792245117  
0.01201029049  
-0.6751695712  
0.2713742894  
-1.30590083  
0.4993848941  
-0.2996421665  
1.490978677  
-2.868246591  
-0.9955000443  
-2.408405807  
0.7408093392  
-1.557828473  
-1.605425575  
-1.308819828  
1.624886297  
-0.3569304491  
2.453005068  
0.1546202456  
-0.3841984849  
0.5281620213  
0.4360764869  
0.07895646437  
2.464619403  
-0.3264330519  
-0.7022017897  
-1.774963634  
0.1397713776  
-0.1194907094  
-1.10963834  
1.939830035  
0.2240552831  
0.05390922107  
0.8785646038  
2.098658418  
1.306865589  
1.807434266  
-0.4190883502  
1.303324316  
-1.75358652  
0.2863265413  
-2.275566091  
0.368259652  
1.314933859  
-1.880268812  
0.07115109681  
-4.18758325  
-2.849789094  
-0.9371060337  
-1.559459697  
0.5757805227  
-0.8790395142  
-0.5540894759  
1.99875467  
0.8486640671  
-0.7765424652  
1.689498205  
1.088074325  
1.749958085  
2.005924576  
0.5128549454  
-2.421741022  
-2.459605158  
2.235453817  
2.438883714  
1.492421356  
0.2831137898  
0.5522602409  
-0.8626351471  
-1.28529275  
-1.867343499  
-3.479948884  
-0.4594057052  
2.030568667  
2.29765811  
1.120451512  
0.8552496838  
0.002986928908  
0.158105454  
-1.231332258  
0.05530550173  
-2.500119978  
-0.1175173572  
-1.183783565  
0.04686186843  
-0.3753130999  
-0.2808612265  
-2.305789333  
0.6859938491  
-3.048543769  
-1.047184692  
-0.7413147445  
-0.498501721  
1.685937193  
1.022014317  
1.301024941  
-2.671616281  
-0.9046818784  
1.282061299  
1.188064815  
2.363710103  
1.996912308  
1.698337185  
0.3751983161  
1.788544557  
0.2600046516  
1.859060918  
-1.005722024  
0.2786399933  
-0.5137777452  
-0.1582590587  
0.7191765621  
0.4449064214  
0.8735848296  
-3.610268422  
-2.893355347  
1.087158151  
-0.2715056888  
1.429805945  
-0.304619362  
-0.2907843214  
-1.666440304  
-2.501947937  
-0.1856298366  
-0.1974387819  
2.1639979  
-0.1993261433  
1.68567434  
1.101455075  
0.2157008021  
-1.242592442  
-0.5723490812  
-1.994360896  
0.2889017728  
1.414782319  
-0.4536492085  
0.375588575  
1.450297354  
0.3906966488  
-0.3358386515  
-1.216945701  
1.230626375  
0.5809136305  
0.83799285  
0.7385467032  
-2.059718534  
-0.1831350625  
1.117537371  
0.2301005199  
1.157441223  
1.556483163  
0.9582479126  
0.3490492605  
1.238455713  
0.4896134473  
0.622855099  
1.367964669  
-3.115453808  
-1.996334956  
-2.182121878  
-2.027224273  
-0.4876048405  
-1.849375493  
-0.4008432597  
0.8137983256  
0.5835873438  
0.6470803766  
0.4825014038  
0.3682929439  
-1.829778133  
-1.384958788  
1.73665209  
0.7091042479  
1.359052643  
-0.09458286152  
0.8307781295  
-0.09379020054  
0.7990568413  
-1.051730038  
-0.2940321021  
-1.229617364  
-0.4828700264  
-0.2842580256  
1.701275987  
-0.1316620922  
-1.224138345  
0.7201903085  
0.03186380122  
1.286414502  
1.062368267  
-0.9448180558  
-0.9869507675  
-1.912918301  
-1.258712534  
-0.3089577679  
-0.7538281942  
-0.08389568741  
-0.2041708736  
1.376735481  
1.741822504  
0.9088650405  
0.2773096185  
-2.939973426  
-0.2241664146  
2.863243757  
0.01487711747  
-0.6534585496  
-2.525425555  
-2.662743246  
0.2988212181  
1.451487996  
2.637099696  
2.124579525  
1.698258226  
0.3386702714  
1.520281894  
0.2940137244  
1.033204909  
-0.06268526497  
-0.1942616026  
-0.197659155  
-0.01646227817  
-0.500398976  
1.22816972  
1.921022436  
-0.516981662  
0.475893407  
-1.257564612  
-1.89111688  
0.5826426741  
-1.645673273  
-2.241521345  
0.1401276803  
-0.5275428699  
0.43305589  
-2.062931036  
-1.220321335  
0.09552377987  
-0.9583871421  
0.3529745551  
0.8236357869  
2.831684678  
0.495442588  
0.7235534358  
0.3586938083  
-1.784694154  
1.911674468  
-0.4780727663  
0.7570943754  
-1.233121442  
0.4335073973  
0.2703777687  
1.963687442  
1.171111978  
-1.029086172  
-0.07184651741  
-2.18867734  
-0.9465100228  
0.2520477881  
0.7937802204  
0.9674128621  
-0.5064445664  
1.322564072  
-0.3465632039  
-0.2802604576  
-0.4713979477  
2.350886355  
0.6835224987  
-1.465087042  
1.346716717  
0.4236818921  
0.2801937217  
0.8708948176  
-2.736312994  
-0.9847457947  
-2.786901574  
-1.223761027  
0.02665639375  
-0.5981892749  
-0.6207917116  
1.665066415  
2.674171385  
