-0.4594440222  
0.9950242647  
1.115884748  
0.1405764049  
-0.199792396  
-1.75079005  
-1.734078132  
-1.856659362  
-0.8520097836  
-0.3092230943  
-1.016471845  
0.9281084573  
1.331340137  
1.689484985  
2.328658317  
2.333703094  
1.937578179  
-0.250753612  
0.6920326191  
0.342724004  
1.02937537  
0.5345060436  
-0.465786852  
0.1453055238  
-0.7743689478  
-0.09622372789  
-0.8041568594  
-1.481362064  
-3.077451981  
-2.001425516  
-0.8903658173  
-1.417123804  
0.9162944684  
0.4110583479  
1.456499328  
0.6621805172  
1.304360474  
-1.355520427  
-1.189072638  
-2.177873714  
-0.6850048338  
-0.3152634305  
0.04455270267  
-1.107066302  
0.6467568494  
1.066169532  
0.3359157497  
1.254164231  
-0.1383609623  
1.080144692  
0.3959604069  
0.7870788358  
0.211224534  
0.6271393162  
-0.9648266589  
-0.7513624916  
0.193650049  
-0.03303129111  
1.395610053  
0.6321385204  
0.8596399712  
-0.2101375593  
0.374402973  
-1.29166408  
0.1939579635  
-0.7383060575  
0.885649852  
2.332584836  
2.681411174  
2.444445363  
0.3501538599  
0.3689776064  
1.589387731  
-0.2589783105  
-0.3787138695  
-2.552275623  
-3.364447347  
-2.683357372  
-3.303408663  
-2.045034523  
-4.210821715  
-2.598004557  
-1.821628605  
0.6532049591  
2.083914918  
0.3344699231  
0.4508002605  
0.5318525384  
0.527016866  
1.137038906  
-0.4479809422  
-1.17149878  
0.2781518814  
-0.02374036151  
0.1548453508  
-1.659316004  
-0.7482820423  
0.6964017529  
-0.7294856817  
-1.784807912  
-1.273895345  
-1.485357994  
0.7981509949  
0.2861748444  
0.09799847965  
-0.01062427623  
0.3046455241  
1.218297307  
1.026412492  
2.25312684  
0.9637445895  
2.035013651  
1.430630044  
2.332884764  
2.248892222  
1.755822057  
-0.8058521656  
-0.9090166526  
0.05293588221  
1.405631108  
0.001705382221  
0.2161372896  
0.2585826426  
-0.294893768  
-1.827642728  
-1.848082158  
-2.653060921  
-0.8125832554  
0.09173271327  
-1.311832703  
-0.05773847393  
1.290075909  
1.918957727  
1.835138917  
0.3882451297  
1.085604151  
0.9795047798  
1.887422816  
0.5358141918  
-0.6027844399  
-1.106674317  
-1.603295303  
-1.703530703  
-3.035177269  
-2.780580606  
-1.789824496  
-1.441571818  
0.8574965487  
0.6542270975  
2.236268198  
0.5227612502  
1.719419285  
0.5375527312  
0.7450635182  
0.6221253406  
-0.8142350949  
-0.3581647806  
-1.323724605  
0.02584537052  
-0.09666423627  
-1.222505792  
-0.4756738947  
0.8264410746  
2.91659227  
2.776432032  
2.775484649  
1.292813969  
0.7346286698  
-0.3910735136  
-0.06973563712  
-2.553052557  
-2.287335505  
-0.3366058054  
-0.8347974985  
-1.317830243  
-0.7753250582  
-1.74433082  
0.439750499  
-0.7088778671  
-0.2285027194  
0.292752018  
-0.2859971653  
1.560372323  
-0.05426778456  
0.1921064556  
-0.637301468  
0.407798004  
0.2024515947  
-3.913456702  
-3.247509849  
-1.066857941  
1.111649808  
-0.646319048  
1.119914449  
2.985534377  
2.810102411  
2.071333572  
-0.08604265075  
-0.1457878935  
-0.2748309738  
-1.047782464  
-1.796578621  
-1.768652435  
-0.1957433202  
-0.04111941021  
-1.334737872  
-0.8683536463  
2.001745678  
2.25658605  
1.586631992  
2.067679115  
1.328018667  
1.080814066  
0.9509114141  
-1.322131557  
-2.26951608  
-2.582717778  
-1.772786637  
-0.1775917443  
1.056277719  
-1.266959609  
-1.28982804  
-0.002439507431  
1.559842762  
2.816605933  
1.183738939  
2.54228353  
0.984922491  
1.637913564  
0.2397108791  
0.5810506793  
-0.5555571246  
-0.4651162598  
0.07805835627  
0.6613127486  
0.7606610967  
0.8839895246  
0.02063245087  
-0.8489601933  
-2.257797421  
-1.860447749  
0.9302017782  
0.5622964911  
-0.08895114915  
-1.747662914  
-1.309394733  
-0.5197853221  
-0.8920142154  
1.285224395  
0.1128125468  
1.604159473  
0.9626277565  
0.5640508426  
0.6873290591  
0.4389439339  
1.320652981  
0.6615679882  
0.5944869794  
-2.452574079  
-1.606932374  
-0.4171970877  
1.124618551  
1.546572383  
-1.430874787  
-0.4445530734  
-0.2510521296  
1.488702774  
1.284970789  
2.696783076  
-0.06037577462  
0.2624887955  
-0.8397370057  
-1.024599904  
0.383102586  
-1.92365518  
-2.194102657  
-2.028712051  
-1.990174209  
-1.554520429  
-1.403909905  
0.6665019955  
0.7442009338  
1.992615296  
2.084367703  
2.734816189  
0.3724118483  
0.02251937246  
-1.276242802  
-0.9470804832  
0.0002958580241  
-1.115329767  
-1.746872143  
1.338281227  
2.458640965  
0.1833671364  
1.146379882  
0.5157972587  
-0.06338744481  
-0.5396677299  
-0.5265214963  
-3.350540522  
-1.928032089  
-1.848068639  
-2.355998673  
-0.2371841434  
-1.295453528  
0.7657214639  
1.143457215  
2.755059112  
2.988388716  
1.669148963  
0.4873658247  
-0.1635803987  
-0.04186352384  
1.016574973  
2.391439054  
1.037562452  
-0.6810987769  
-1.017352474  
-0.2424070765  
0.6404672876  
-1.095699011  
-0.8928820211  
0.9525434362  
1.466207794  
2.268616939  
1.730928983  
2.047829392  
-0.8968239087  
-0.4683463175  
-0.6616334741  
0.2414404251  
-1.342551426  
-0.5776765169  
1.258596076  
-0.3642188651  
-0.991452418  
-0.4985636496  
1.387063603  
0.4907266723  
-1.614324553  
0.1773258885  
0.6023045968  
1.242773532  
0.8548913338  
-1.059502469  
-1.126721861  
-2.142107534  
-0.009961131383  
0.2002966538  
0.4585220362  
0.1432462807  
-3.978294911  
-1.663758424  
-0.4169614242  
-0.8768781268  
-1.342704881  
-0.9787980352  
-2.043579972  
-2.681243761  
-1.637402274  
-1.327501802  
2.132934616  
2.748017494  
1.831882496  
2.119262218  
2.75439304  
1.135743896  
2.069556169  
-0.7410615076  
-2.51435112  
-1.708565974  
-1.94189956  
-0.2586885857  
-0.9366806713  
0.6381042901  
0.6737513308  
2.687409499  
1.018993835  
0.9828172889  
1.347104874  
1.401581285  
2.46818491  
-1.223416628  
-1.663836161  
-0.7825855874  
0.9554850015  
1.367738928  
0.7925919781  
-0.4060334853  
0.7859410284  
-1.867550507  
-0.5614030207  
0.6855388347  
1.755155595  
-0.05781991987  
0.1681025734  
0.407319379  
-0.4774209912  
-0.2114592738  
0.8962921048  
-0.3202789574  
-1.503025807  
-0.4088795706  
-1.90315409  
-1.419997338  
-0.80734711  
-2.684551374  
-0.9590809295  
-0.08000532841  
0.2267310788  
0.1119657078  
1.542843168  
1.79979307  
1.654708701  
0.5685686634  
0.2840458971  
-0.9797535247  
-1.686388058  
-0.1001614762  
-0.3096600246  
0.1392135027  
-0.8966865099  
0.6468602357  
2.236869601  
1.097934185  
3.904526966  
0.03539431449  
-0.9917298629  
-1.738346627  
-1.315760459  
-0.7796520485  
0.7847565862  
0.1485760759  
0.752708737  
1.539130375  
1.637802634  
1.383592354  
-0.34184746  
0.0488788071  
-1.993579848  
-2.103953404  
-0.4594909646  
-1.497170389  
0.4352816334  
-0.3423114568  
-0.5867031107  
-0.3745447666  
1.729429081  
0.6484755978  
-0.8648062553  
-0.1285708597  
-0.5697132552  
-3.015558618  
-1.174694911  
-0.1977611477  
1.237813293  
-0.2591562046  
0.5459422866  
1.42796902  
2.482877693  
2.028390632  
2.166951424  
0.5294558665  
-0.03529718732  
0.1273368088  
-0.8601263072  
-0.2784583022  
-0.417943036  
-1.698961529  
-1.628229041  
-0.7418143863  
-0.3513747821  
-0.4754089747  
0.09414340982  
-0.5889446626  
0.3374291436  
0.1042565996  
-0.5692749559  
-0.1544708503  
-1.078412026  
0.9316943324  
0.7369625713  
1.641491023  
0.2098201675  
0.1113172796  
-0.07599601407  
1.09388822  
-1.088678407  
-0.3880149666  
0.7497572728  
0.4044390945  
0.6858124583  
-0.615750078  
1.477189164  
2.345661346  
1.367156393  
1.424697605  
-1.02994929  
-3.961091619  
-2.529775114  
-0.6897085836  
1.355044726  
0.25673016  
0.5210388393  
0.02541775071  
1.055150377  
1.314758161  
-0.7598264067  
-0.8705036461  
-1.857203442  
-1.840778466  
0.6271310762  
-0.3614489471  
0.6898690499  
-0.4061628538  
-0.5775330285  
0.04567816118  
-0.7278695921  
-1.242037356  
-1.742281478  
0.3996981683  
0.2641249599  
1.671163994  
1.856188356  
1.586966633  
0.116731336  
1.235966857  
-0.5056374842  
-1.472575454  
-0.309626517  
-0.2782563259  
0.5519918676  
-0.5029671008  
-0.01992111465  
-0.2493127483  
0.4934336195  
1.754830605  
0.4947363588  
-0.90226692  
-1.463074766  
-2.740089198  
-1.288898668  
-1.208237155  
-2.216938236  
-1.259472957  
0.4893824324  
2.064483731  
2.550718925  
1.609655999  
0.3124947579  
1.020115566  
1.999221976  
1.09632881  
1.965459502  
-0.1156578872  
0.4622063561  
-0.4566601644  
-1.218339618  
-0.290386572  
-2.125092983  
-1.760606154  
-1.182103436  
-0.5438911333  
0.1513114251  
-0.4734946117  
-1.1885759  
-1.328602833  
0.03579412676  
0.3984893423  
1.15281747  
0.5605150666  
-0.8759238702  
-0.2129708096  
-1.13702465  
0.5516343093  
-0.1164280261  
-0.274925384  
0.9653062833  
1.82134185  
1.821280484  
1.216787548  
0.3345994314  
-0.07188305066  
0.6847767602  
0.1180563809  
-0.7726077895  
-0.828453777  
-0.6163355723  
-0.4461439539  
