-3.375778002  
-1.079638926  
0.1817669092  
0.9377747436  
2.964608284  
1.48368764  
1.490128273  
2.443813488  
1.285833827  
0.4697942132  
-2.580161005  
-1.661190007  
0.9568299203  
0.1479446283  
-1.868391927  
-3.029843266  
0.2858773644  
0.458875496  
0.4234555347  
-0.6045259374  
-0.7787321478  
0.959906069  
1.042762817  
2.072252386  
-0.5366382512  
-2.355143372  
-2.334958958  
0.3105349448  
1.089531679  
-1.427063237  
-2.009217408  
-0.8302579472  
1.861772943  
1.823564999  
1.290865856  
0.4273149077  
0.4937423518  
-0.02748965664  
-0.005723733127  
0.5079558302  
0.222593772  
-0.1453635533  
-1.219312226  
-1.520337921  
-0.4475960592  
0.5893190153  
-0.9054491307  
0.7888532649  
1.542492199  
2.265158288  
2.462715645  
2.517057105  
0.5721168572  
-3.610809748  
-2.585522741  
0.0198793018  
1.383948041  
-3.06428961  
-2.009401472  
-1.49843496  
1.597603789  
1.942119014  
3.635149294  
-0.002568147015  
-1.013794509  
0.4202363356  
2.043841185  
3.337013894  
1.794675618  
0.3161069177  
-1.003675053  
-1.255009491  
-2.842239107  
-3.430999807  
-1.264336576  
-0.1937628947  
1.332539599  
1.890592463  
-1.350328806  
-0.8246034535  
0.3741397423  
3.174237882  
3.807107784  
3.126332318  
3.097516082  
2.118701294  
2.629873617  
-1.261485788  
-7.715754842  
-6.653036417  
-4.019608177  
-2.275699977  
-0.3995603448  
-1.007607056  
-0.3531248759  
-0.2871342113  
0.1933190378  
1.804972337  
-0.5750094099  
0.04250397056  
2.5894595  
2.514688935  
3.682472236  
1.93880943  
-0.1093459356  
-1.09490477  
-2.880775407  
0.3826006606  
-0.8361778837  
-0.4719968137  
-2.80756262  
-0.2829099415  
0.2838755076  
2.314592598  
1.436107453  
0.6729883462  
-0.7077864392  
0.7983671291  
0.5485129778  
-2.101055938  
-1.173931336  
-1.764454048  
0.03926345605  
-3.143580215  
-2.627834028  
-0.2448755976  
0.1866557576  
-2.421457944  
0.2476466831  
1.373723275  
3.218308483  
1.543317579  
-0.2582270237  
0.4953518267  
0.2191816051  
1.316953473  
-1.303903843  
0.8671455989  
-0.4504278271  
-1.659758714  
-2.102333275  
-2.439460126  
-0.997753191  
-3.098770732  
-2.084579451  
0.7163200265  
1.686459969  
3.84650531  
2.662933358  
2.873897186  
2.41145189  
0.5766748483  
0.8963105179  
-0.2529653782  
-1.694286373  
-2.554304495  
-1.016579326  
-1.48526068  
-2.047356314  
-2.169276004  
-3.07493649  
-1.441495368  
0.1802006334  
2.764341711  
1.787662789  
2.865440419  
2.597635983  
2.398647084  
-0.7706387448  
0.605211798  
1.029941468  
0.8063717724  
0.9645309428  
-0.3454583606  
-2.388892256  
-3.258497852  
-5.042644045  
-3.203951712  
0.6983147274  
2.302129088  
2.249159515  
-0.1832273103  
-0.7969106135  
0.316482364  
3.543469111  
2.096173456  
-0.8419719869  
-1.847787725  
-4.407853188  
-1.458653765  
-0.2814044307  
1.119125438  
0.9982039562  
2.864294887  
3.67012065  
0.6757814904  
0.102095899  
0.2554688798  
0.4650555995  
0.7957793925  
0.03416012392  
1.31863212  
-1.070365754  
-0.4932088867  
-2.167133748  
-4.686835951  
-2.442116514  
0.7578566299  
1.111448938  
0.2605682609  
2.406093059  
1.795039234  
-0.4976403949  
-0.5499622181  
-0.2866205903  
0.1351753954  
0.7393111726  
2.011681224  
0.678459065  
1.378753033  
-0.2848349257  
-1.201490408  
-0.680026285  
-1.427588078  
0.2460345797  
-1.766068495  
0.2976190778  
-0.1980487561  
0.7397435353  
1.452468567  
2.777398142  
3.781087844  
3.892008326  
3.453516868  
1.315774096  
2.257522748  
0.1504113894  
-2.559535552  
-6.803366526  
-4.734185037  
-3.252938332  
-1.708693263  
-3.284684798  
-1.468437458  
0.2961011445  
-0.2003416268  
1.536215008  
-0.3940777012  
-0.0115664838  
1.568665682  
3.021486423  
2.678898497  
1.50164713  
0.2393901475  
-2.130193631  
0.7411584637  
1.337249449  
-0.4041670839  
-1.571247734  
-1.672066203  
-0.1139130463  
-0.2770867424  
0.2353289948  
-0.02045582355  
0.02947627468  
0.2303922153  
1.611957152  
1.892055667  
1.7398275  
-0.2611611529  
0.3391296783  
1.130444897  
-0.5400979611  
-0.4662014408  
-0.3426397016  
0.5159334472  
-1.606976817  
-5.976751032  
-4.835207087  
-2.575263105  
1.066384394  
1.269809198  
0.8767342234  
1.476553831  
3.243742867  
3.042446286  
3.817811138  
4.500436553  
2.497385466  
1.410981163  
-2.132541299  
-2.087197726  
-1.05076242  
-2.320613068  
-4.360795233  
1.207129723  
0.4985636179  
1.049932401  
-1.472551481  
-3.774774509  
-3.559643052  
-2.038311221  
0.2191325878  
-1.80057912  
-2.000020844  
-1.816049613  
2.955923162  
3.239119222  
1.180428952  
2.199938865  
1.855651642  
4.239108315  
3.148216287  
3.9149326  
1.987960721  
-0.7123511614  
-4.184826143  
-1.318404951  
-1.957301482  
-2.361024528  
-1.639994349  
0.2082541928  
-0.8789288424  
0.4090327296  
0.05212537185  
1.467407085  
1.682169075  
2.529118363  
3.054801864  
1.263090899  
-2.111083367  
-0.8221623739  
-2.313198395  
-1.541901729  
-1.462292325  
-2.026802334  
0.7003680769  
2.976233497  
-0.3563352522  
-2.362261993  
-1.123946191  
1.344454003  
1.464106628  
2.644685541  
2.643480597  
4.914704809  
4.309239203  
0.9123627236  
-3.521520616  
-2.421309059  
-3.880235105  
-3.173194921  
-3.294402436  
-3.455722931  
-3.737381244  
-0.3991780685  
0.5127859356  
0.6320405667  
0.433920526  
0.2443254603  
2.125485645  
0.08719023837  
-1.20679561  
-2.057559599  
-2.263783035  
-1.441273167  
-0.04583989822  
0.2507643425  
-1.155887539  
-0.427742338  
0.5470707844  
-0.2990820629  
-2.333752667  
-1.168047251  
0.02199736426  
2.370426291  
3.849122096  
-0.305172809  
-0.6294974575  
-0.7771176253  
2.724442667  
1.819215976  
1.342664325  
-0.1132914288  
-0.1478380836  
0.9671092162  
-0.2811171557  
-1.411451111  
-2.805897679  
1.064721504  
2.904720172  
4.591460317  
1.84063716  
-0.02408129206  
0.7869030426  
1.761103105  
0.7151370086  
0.07323925958  
-2.290595701  
-3.100259581  
-1.227190858  
1.945481789  
1.512185141  
0.3066871938  
-0.9662605728  
-0.4310427845  
-0.5612966565  
-2.080420906  
1.394795394  
0.05658916557  
1.685025415  
1.579489744  
3.003505171  
2.38994068  
1.116263022  
-0.3906761202  
-0.1900708151  
-0.3575039098  
-2.12973118  
-1.7898924  
-2.276396777  
-1.859947024  
-2.616735275  
-1.457311732  
0.0528128876  
-0.2057434873  
0.6901119147  
0.8654378654  
2.30043948  
2.962467119  
1.810986858  
1.532210288  
0.4903458791  
-1.544652202  
-2.061217117  
-0.05793723554  
-2.518611725  
-2.876396011  
-0.03589902874  
2.39646682  
1.972196311  
-1.025880822  
0.7507168147  
0.642849701  
2.445849113  
3.243845482  
1.714303983  
-1.347136903  
-2.3823658  
-0.6209204932  
-1.80115447  
-0.7168715796  
-3.057397047  
-3.124030325  
0.2143495825  
1.893942829  
2.753707867  
0.3174966782  
1.389801293  
1.783331913  
0.8444382629  
-0.7800723626  
-1.702897725  
-1.52211948  
-0.9126626796  
-2.488196166  
-0.3736803053  
0.2999445575  
-1.328882348  
0.8555227034  
-0.2242204267  
-1.643662507  
1.827434773  
3.058575936  
3.062301379  
1.229562078  
0.08537275416  
1.950399967  
1.917512406  
-0.6906007734  
-2.895662603  
-0.7901938226  
-0.9420254055  
-1.899218609  
-1.289810157  
-0.1285327912  
0.80382528  
-0.2222628301  
-0.6813309254  
0.1166207171  
1.650376767  
1.135148426  
0.4186427329  
-1.981480437  
-1.0597624  
1.216491307  
-0.5433731663  
-0.1809052738  
-1.653469741  
-2.232003381  
-2.379886447  
-1.725406928  
1.813388972  
2.616001905  
3.802636431  
4.512901405  
1.457037524  
-0.6797978028  
-3.059867507  
-0.5068667184  
0.392887937  
0.596814115  
0.3758377446  
-0.01872077814  
0.6568769258  
2.176269894  
1.137678752  
1.59509036  
-0.7063020642  
-0.0004474873409  
-3.381101022  
0.4991250344  
0.1731549596  
2.468761023  
0.9290789151  
-0.977810311  
-2.173153312  
-1.682965561  
-1.314732154  
-1.324608305  
-0.5375168343  
-1.593848039  
-0.2697789043  
-3.210613855  
-2.615415335  
0.02511989484  
0.6457768689  
1.410246397  
0.7896578702  
-0.642907247  
-0.575777858  
0.9400221589  
0.3928787277  
-1.36642585  
-1.179162866  
0.9987218008  
1.069157999  
2.04180892  
0.4287886514  
-0.03626655085  
-1.310740006  
-0.2860998339  
-0.8640686517  
-1.543387197  
0.5804891334  
2.664509888  
2.675440256  
2.980975291  
0.277784658  
-1.004788408  
-0.1263820243  
-0.03948440615  
-0.792459125  
-0.7017368251  
-1.546593869  
-1.150001022  
-1.164884245  
-3.663389142  
-2.199557206  
-0.1115974942  
1.749453889  
-0.3785113861  
0.2402211604  
2.719326803  
2.524559102  
2.949662788  
2.397587253  
0.5196713346  
1.768226547  
0.1972938023  
-2.187387662  
-3.458989829  
-3.005210311  
-1.112421967  
-2.598828945  
-1.001294848  
1.722019499  
2.268929265  
2.41404752  
-0.3311941302  
