2.473934229  
1.421583111  
-1.830443531  
-0.636085212  
-0.3098878652  
0.004301606804  
-2.014281697  
-1.684671862  
0.3777015391  
1.460567112  
1.716901511  
0.5248022092  
-0.7169103325  
1.849196131  
3.297197607  
0.1496848203  
-2.829289311  
-1.819123139  
-1.389919118  
-1.27097418  
-2.463649417  
-2.828616765  
-1.740771469  
0.2036377978  
2.205370956  
2.734635986  
2.243392482  
2.389715521  
3.765622088  
2.831899365  
-0.3573328836  
-3.54209347  
-3.679241174  
-2.472779085  
-1.279705046  
0.7202355702  
0.002328075514  
-1.895399729  
0.3105102978  
2.69547985  
2.802254289  
1.809928071  
0.4412087504  
-2.788156801  
-1.982577934  
0.2801683995  
-0.07129141676  
-0.5343271393  
-0.6685404345  
-0.3610488604  
0.7211376218  
0.7771985631  
1.228015753  
0.9432455258  
-1.927408813  
-0.5651684503  
1.438049881  
2.84106709  
2.168791974  
0.52084846  
1.191110054  
2.414443823  
4.110671166  
3.186793572  
0.3452101452  
-3.80658329  
-2.91255709  
-2.675346692  
-0.6753275535  
-0.9061349854  
-2.950061114  
-3.125482481  
-0.3173867722  
0.09119928962  
-1.321564825  
-2.55901856  
-0.4353357618  
3.003588133  
3.608435664  
2.511161006  
1.62726647  
1.547846266  
1.130545596  
1.446396403  
-1.222378089  
-3.189687278  
-2.889296752  
-1.290775479  
-1.576929406  
-3.101775441  
-4.047234015  
-2.196194323  
1.119284501  
2.463646435  
0.5660311236  
-0.3363219206  
1.270448179  
3.296580462  
3.417678786  
0.5142679042  
-0.08664861678  
-0.5494898976  
0.4002263375  
-0.6959070261  
-1.397377839  
-1.542401901  
-1.538007727  
0.258623105  
1.324247887  
0.9824561159  
-0.9195379027  
-0.1498270233  
0.717917835  
1.881045862  
0.8609548673  
-0.8458815745  
-2.620342697  
-2.01100561  
-0.3666839957  
0.5817480938  
0.116330946  
1.578334248  
3.910298122  
3.348738714  
0.7998161141  
-2.036505881  
-0.2137783905  
0.3293477866  
-1.889977709  
-3.181991847  
-2.661324734  
-1.061504456  
-0.0006559966035  
0.5934598636  
-1.34254716  
-2.279378065  
-1.059570903  
0.2967125509  
1.726289214  
1.08025096  
1.454369999  
2.707834194  
4.150350347  
3.722568564  
1.788588177  
-0.5148563464  
-1.181601557  
-1.094484839  
-1.804375573  
-3.047497812  
-3.710957744  
-2.316378093  
1.095911874  
1.9273126  
1.743165959  
0.591077095  
-0.4104378357  
1.79071643  
3.686320529  
2.659828997  
0.6782516458  
0.9892664149  
0.5127993794  
0.9311267844  
0.09857031921  
-4.525834924  
-3.834444093  
-0.1698624801  
1.894254711  
-0.7555658159  
-2.123414131  
-1.71995624  
0.5801841382  
-0.05128608374  
-0.9530508287  
1.047697179  
3.510066794  
1.146158798  
-0.6764447891  
-1.740516534  
-1.261989095  
0.02978062858  
-0.6919964027  
-2.360727085  
-1.882089308  
-0.3645123233  
0.00126900167  
0.3692085277  
-0.7496836144  
-0.2887101726  
1.997223132  
1.524720973  
-1.032314667  
-2.242897079  
-0.2001747147  
-1.372882288  
-2.942150736  
-0.4446646144  
0.5909062394  
1.41919538  
1.573137811  
0.3377158717  
2.050518233  
3.10631217  
3.337160295  
1.680196174  
1.979880939  
2.905543265  
2.205605197  
-1.326655793  
-2.195317548  
-1.909552482  
-0.3746389679  
-0.6551657109  
-0.4922434152  
0.02820871157  
0.6438450418  
1.937270745  
2.571253402  
1.546737713  
0.2547501767  
-0.3566870841  
-0.5078930814  
-0.872496081  
-1.616322829  
-3.604426846  
-3.42310717  
-0.8234532575  
0.7711562742  
0.6338786675  
-0.8242049304  
0.4110590724  
-0.08197699987  
0.9610188536  
0.5942719802  
-0.4710432772  
1.061615787  
3.260931923  
3.44325894  
0.8732158902  
-1.567353646  
-0.2369996211  
-1.421471196  
-3.116895345  
-3.239688461  
-1.587040772  
-0.02588125041  
1.099297705  
0.7907677096  
-0.1890089983  
1.838691556  
4.120365272  
2.176626126  
0.01559376537  
-2.076702516  
-4.649860837  
-1.412791992  
-1.152507997  
-2.77133503  
-1.984040516  
0.5713411378  
2.933307784  
1.057863492  
-0.4717315012  
-1.092009119  
0.6867903659  
1.998229876  
0.9889980929  
0.1037610632  
-0.9349875096  
0.1111033394  
1.416970329  
2.715529735  
0.5176418232  
-2.537739092  
-3.373115601  
-1.695737787  
-2.10068694  
-1.700514022  
-3.128790424  
-1.955579464  
-1.255606606  
-0.9102867411  
0.7670068789  
1.413685816  
0.2532124804  
1.507862909  
3.433294608  
3.095974468  
2.403373392  
0.2875573356  
1.57049729  
1.614653964  
-1.43726602  
-3.625275886  
-2.792671116  
-0.391645857  
0.9725364442  
1.48795887  
1.598825355  
0.2340724773  
0.7380484956  
2.362724579  
2.232444857  
2.092795786  
1.042261047  
-0.4135120994  
1.377553134  
-0.937775302  
-2.799700496  
-4.157726194  
-3.34783827  
-1.247628549  
0.3171563008  
0.1505229298  
0.5591291556  
-1.748893912  
-1.350418635  
0.7752477445  
2.216526658  
0.9324400458  
-1.248592608  
-1.149928526  
0.2398283839  
-0.1770225807  
-0.8218558675  
-1.015721871  
-1.196534803  
0.7045225553  
2.473285883  
3.638354896  
1.880489076  
-1.507568607  
-1.780051491  
-1.48068398  
-1.697902451  
-3.050162389  
-0.0009280029467  
1.285554842  
-1.118599824  
0.175450555  
3.005846974  
3.580228697  
2.1815049  
0.7775879367  
-0.06619542937  
2.452567897  
2.333069452  
-1.772471959  
-2.426455234  
-1.487839062  
-2.952958187  
-4.414433123  
-3.236171723  
-3.652013948  
-4.033499106  
-2.145672073  
-0.6576233933  
-1.173012098  
-0.210424531  
1.267381527  
1.93530666  
2.83209912  
2.579725421  
-0.4017386168  
0.1036356823  
0.2064956904  
-1.089401983  
-0.129269605  
-2.341458314  
-1.339735299  
1.24752924  
2.249322732  
0.7623985507  
-1.811634058  
-2.096498364  
1.383083259  
1.608669915  
0.4716023161  
0.6813782351  
0.6337169909  
-0.4825991341  
-0.3682576179  
-2.335283701  
-2.171425585  
-0.7524616081  
0.4372661229  
1.2410774  
1.717590924  
2.263665241  
2.868594289  
4.124407818  
4.599949025  
4.675761735  
3.404152372  
0.2413506143  
-1.386992614  
-3.159302333  
-3.280827511  
-2.209719965  
-2.18101029  
-2.134660897  
-0.2026042445  
-0.05536872266  
0.541627381  
1.155115152  
0.2515937609  
2.210398757  
3.816984628  
2.699043921  
1.42802815  
-1.674616367  
-3.472038529  
-2.118176564  
-2.293884623  
-2.896204794  
-1.679718097  
-2.682985026  
-0.9657754905  
0.4675127902  
2.286853259  
3.587016206  
2.466204883  
1.393095574  
-1.670515237  
-2.310034314  
-2.70900562  
-1.482388325  
-0.3481326317  
0.06579286552  
0.4454370798  
-0.3422929888  
0.8430241901  
0.03439602922  
0.521803465  
0.08850546992  
1.289564746  
0.1323968362  
-0.5981956564  
-0.7243322994  
1.16278936  
1.432809332  
0.8891413305  
0.9630835503  
-0.7164101205  
-0.5501800632  
-0.1274107679  
-0.4547454067  
-0.5849995232  
-1.870373703  
-1.642619445  
-1.142429989  
0.9296118803  
2.052143552  
1.850156939  
2.264308176  
2.772143646  
2.611443568  
-0.2682241996  
-0.9195263176  
-0.6009631349  
0.4739043272  
-0.5247905175  
-0.6662706675  
0.5262857857  
1.258158992  
0.2983934692  
0.1116164291  
-1.73766358  
-0.5257830912  
-1.425385396  
-0.04525677442  
-1.877045776  
-0.6684766008  
0.002506044794  
0.1606874572  
1.540578727  
0.5835643344  
2.452721197  
4.070749947  
3.172432356  
0.840636582  
-0.7194966525  
-3.175589049  
-2.591286571  
-2.124744181  
0.2053645784  
-2.150931529  
-2.87161017  
-2.063569984  
-1.9879877  
-1.079365795  
0.1257534398  
2.241571773  
2.661512123  
2.722344448  
1.252484133  
-0.5367429095  
-2.275511108  
-1.154653256  
-1.423896757  
-1.211129734  
-0.8023272859  
-2.513120585  
-1.865797101  
-0.5974921304  
0.8051919429  
2.269685919  
2.574318478  
1.957063929  
1.173196981  
0.7913789951  
0.4745674602  
-0.5603388887  
-0.5441082754  
0.8137020372  
1.917781213  
0.5305319082  
0.9865113374  
2.390792995  
2.144886727  
1.640591304  
-0.6825644222  
-2.823109515  
-2.198948124  
-0.2342725592  
1.006643491  
0.2220195551  
-3.086371077  
-2.517847071  
-0.1561758335  
1.195483846  
2.686363555  
0.5462085731  
-1.314650299  
-1.352104666  
-0.08952142716  
-0.480991284  
-2.666946775  
-1.508006638  
-0.2298387952  
1.36543492  
1.737334444  
-0.1424229072  
1.914176983  
1.7475818  
-0.6426289187  
0.7791790589  
0.3981819825  
-1.673277978  
-0.8118165623  
-0.391825801  
0.2188825346  
-1.404544596  
-2.34040137  
-1.150733822  
-1.573013404  
-1.263874049  
-0.3546138084  
-0.5718632111  
2.713798455  
4.198812969  
4.119710611  
2.091019982  
0.9079650515  
-0.3042786829  
0.381693271  
1.44409218  
-1.94042512  
-1.200295288  
-0.2134961984  
1.602294837  
0.6218389284  
0.7159748634  
2.329978709  
3.435216598  
1.116655604  
1.698563756  
1.099729906  
-0.0508638294  
-1.938785812  
-2.562146526  
-3.706157787  
-1.960338794  
-1.363727169  
-3.577530132  
-1.302631902  
0.5637359769  
1.121307945  
2.783906178  
