0.6102581904  
-1.839628756  
-1.197502841  
-2.218823686  
-0.1553863593  
-1.298848484  
-1.698644202  
-1.123397632  
0.1449903949  
2.936339091  
2.362147696  
-0.08464428102  
1.261860284  
2.456647439  
2.336659977  
-0.3273019737  
3.099318599  
1.629444364  
1.112478725  
0.6919118497  
-1.008020616  
0.03518286067  
-1.220102149  
-1.186264896  
-1.84193712  
-1.071799442  
-4.400533878  
-1.474891202  
0.4918006254  
-0.9599069628  
0.140729219  
-1.454788514  
2.290184819  
2.339368651  
2.260804411  
1.518977834  
1.138852414  
-2.226784828  
-1.368255483  
-0.6032900547  
0.4701733147  
0.6748591468  
-0.5181439237  
-1.010381213  
-0.8191977753  
0.7547804574  
-0.6800410969  
0.638938665  
-1.530998736  
1.05620298  
1.151110276  
1.05324342  
2.396855073  
0.5534091282  
-1.38152466  
-0.6205224385  
1.919651942  
0.3697473766  
0.3309806824  
-1.881151034  
0.8872671513  
0.3734916999  
0.1265191186  
-2.674979539  
-1.954857784  
-3.099744356  
-1.111668039  
2.499180327  
1.982188847  
-0.3601077902  
-3.467318633  
0.3606070953  
2.571031029  
0.6738335327  
-0.3154238167  
-1.369163579  
-1.952251449  
0.06620847126  
-2.773292257  
-3.551593485  
-4.091578804  
-0.7473575359  
1.024861561  
1.740842072  
0.9068290084  
-1.638974321  
1.433296594  
2.81987173  
1.427214559  
0.6954576031  
0.6404167992  
0.08204814318  
0.9866851158  
-0.633478956  
-2.33755908  
-2.927260665  
-3.538132493  
0.7093379397  
-2.293035521  
-3.734305942  
-0.2584299247  
0.774246351  
1.835552543  
0.1316252895  
-0.6185304128  
2.22810212  
0.6026148877  
2.254989989  
0.2853649569  
0.05007141241  
-2.547979863  
-0.8839032119  
0.2911083048  
3.455491439  
1.657862686  
1.357511938  
1.450357918  
1.032092175  
3.8120786  
1.745123795  
1.191671778  
0.6039427293  
1.105570182  
-0.694749476  
-5.014772355  
-2.970251519  
-0.1939913418  
0.3871818749  
-0.8151316473  
-4.268967478  
-0.8867999202  
2.435848605  
1.282550688  
1.709186328  
0.1207658077  
2.526111459  
1.5587784  
1.561934511  
-0.92871498  
-3.000843899  
-0.8777631256  
-0.6453145477  
-0.2074853122  
-2.798672584  
-4.988926265  
-0.3882911951  
0.6557153045  
2.714081511  
1.36364688  
0.6030960567  
0.1654346795  
0.8043167426  
3.316789519  
1.738838765  
-0.2211610705  
-4.672069071  
-2.210686424  
1.310851608  
-0.5114018994  
-2.619451758  
-3.293617777  
-0.6515119147  
0.78258609  
4.489532429  
1.909565961  
1.211492831  
0.5776470269  
2.690232331  
1.336936392  
-1.894453018  
-0.1141905156  
-1.679568285  
-0.03221931018  
-2.062079937  
-2.073658653  
-0.1692460501  
-0.6097383396  
-2.46089267  
0.8070138456  
2.100264416  
2.60277002  
2.109423337  
1.082887518  
-1.010497951  
-0.2507092005  
2.269586804  
1.407232944  
1.030513652  
-1.574576579  
-0.01922683461  
-0.8144026057  
-2.265390832  
-0.8490301541  
0.9135904242  
2.413091186  
-0.9553053801  
0.6593103403  
0.9884477134  
0.8173801261  
1.569063011  
-1.673395946  
1.057221173  
-0.1981411586  
1.641625628  
1.079924367  
0.2184313901  
-1.693159963  
1.726989103  
1.6821288  
-1.555387486  
2.051511514  
4.165411499  
1.670928723  
0.01899502244  
-3.605222514  
-3.56487537  
-2.940345823  
0.3025061046  
-1.153528443  
-1.163960511  
1.097790788  
0.5392361996  
0.8392127581  
-0.4930668612  
-0.08663248067  
-2.274178791  
-0.7801012231  
0.7454290653  
0.7782038324  
-2.330234784  
1.035983469  
2.077786411  
1.600162675  
0.8724635256  
-1.118654837  
2.762924204  
2.462683883  
3.295561322  
-0.008374519951  
-2.840724085  
-1.214400828  
1.927167692  
0.609245979  
-2.548899456  
-0.5469681267  
-1.755616467  
-0.2741623964  
-0.980715407  
-2.219808527  
-2.495164668  
-0.4381374316  
1.641583043  
-1.430952844  
-1.196867512  
0.09818857325  
2.256455414  
0.9633048775  
-0.7141582715  
0.3207967272  
1.138672978  
2.635400945  
1.595274397  
-0.1036529613  
-1.226084043  
-0.7099846746  
-0.5926740091  
1.321311627  
1.029602486  
-0.009861431976  
0.003155882449  
0.1319965553  
0.8945713762  
0.5138003761  
-0.475556213  
-2.23762203  
-0.04511026678  
1.575014235  
-1.346593605  
-2.640090329  
-1.678462544  
-0.7492595148  
1.813498848  
1.861232835  
1.76806182  
-0.9826212959  
-0.9771332852  
-0.08903538104  
0.9038435495  
-0.04103022426  
-0.9172905856  
-1.889458024  
0.6160330497  
1.500055263  
2.092953353  
-1.271747154  
0.4949966536  
0.2530756492  
0.4283839408  
-0.2631915922  
-1.737083616  
-2.677191625  
-3.272168636  
-0.1272953432  
-1.654769589  
-1.762857963  
-3.752347246  
-0.4189281048  
3.15887023  
1.606797357  
1.214183138  
-0.7213145864  
1.096311908  
2.729965366  
2.585465811  
2.76579605  
1.801244316  
0.7580672404  
1.489016264  
2.549436614  
3.131139064  
-0.538561482  
-0.8313889357  
-1.779668702  
0.3166978862  
-0.7747488649  
0.273710063  
-1.262987467  
0.9660718295  
1.60025642  
1.756121921  
0.4825557579  
-0.9327271107  
-0.4476311183  
-1.769686182  
0.1694025571  
-1.637813106  
-1.117652722  
0.6564361183  
-0.3947060522  
1.891056116  
-0.06524321272  
1.782840953  
-1.862681499  
-0.7084415625  
-1.406750813  
-0.343548342  
0.2093131076  
2.386173762  
-1.549792275  
1.804536746  
0.928927885  
-1.9848326  
-4.210203509  
-3.347839382  
-1.339166955  
-1.353968314  
-2.064959421  
-3.145980987  
-1.857312507  
-2.206552902  
-1.018379927  
-0.6055942235  
-0.01478945185  
-1.574709483  
0.3086398239  
1.050204281  
4.119042279  
3.199028645  
0.03001480559  
-1.335634262  
-2.110348555  
1.17532285  
-0.5243519427  
-0.9930422541  
-0.6669820913  
0.4412475743  
1.862685934  
-0.1058352403  
-0.3404715322  
-0.4208453894  
2.386540096  
2.023466706  
2.407819296  
-1.197921633  
0.3343291858  
3.142540879  
3.196607781  
2.425368061  
-0.6137540479  
-1.241983176  
-0.683915132  
0.5606881196  
-1.430111084  
0.09696575507  
-1.583550289  
-0.2151438091  
1.763125683  
2.456128774  
0.6953345822  
1.24270141  
0.1184843553  
2.199333841  
1.98715733  
2.888111892  
-0.3927971616  
-3.330305061  
-0.7911218476  
-2.314922736  
-2.269182294  
-2.33876375  
-2.037907859  
-2.834394652  
0.04337136251  
1.350270592  
3.822962917  
3.311456305  
0.08792955237  
0.1724433066  
0.2082474918  
1.43112055  
0.5859878412  
0.04905392366  
-2.902027195  
-2.762596823  
1.789948351  
-0.5041773331  
-0.1539905607  
-1.83052367  
0.3212024031  
1.861639233  
-0.6617752894  
0.1977105352  
-1.413444539  
0.7810182388  
-0.7919735578  
2.864498821  
1.258415075  
-0.9433665687  
-2.208695385  
0.768878602  
2.479389718  
-0.5793406009  
-0.4455961954  
-2.481289945  
-0.4705962741  
0.459229365  
1.284751876  
1.230007661  
-1.720951148  
1.260249317  
2.138178855  
1.429059304  
-1.539012127  
-5.71013321  
-3.012554136  
-0.9180351755  
2.319067199  
0.5976653519  
-1.038023264  
0.7374580918  
3.355610946  
2.7934034  
1.115363412  
-0.5594058998  
1.826983455  
2.488699917  
-2.398841583  
-1.750521294  
-1.044109854  
-0.8862462955  
-0.8201417103  
-2.579803172  
0.2210242538  
0.7094587885  
2.027336313  
0.2225018924  
-1.037708166  
-1.286760792  
-0.8848389569  
0.3679099097  
-2.409626172  
-0.512533267  
-1.319614714  
-0.6982970368  
1.438941515  
2.477880936  
-0.128494397  
-1.630958844  
-1.797918119  
0.8122142573  
2.816186757  
1.591605317  
-0.8103036686  
-3.127921237  
-0.4283275013  
3.190365441  
1.400190062  
-2.131526438  
0.326387978  
-0.6780775863  
0.6113796055  
-1.452709426  
-0.325036806  
-0.3529870369  
0.968975075  
1.662320195  
0.2477561059  
2.333720992  
-1.878898454  
-0.4083215868  
2.713672805  
1.761380475  
-1.198270079  
-3.200673631  
-0.5107096812  
-1.377923415  
-3.163694819  
-0.6071214885  
-0.7469672414  
1.362283471  
-0.4839385593  
-0.4597740866  
-1.968800566  
1.042471957  
2.452989131  
2.255618919  
1.564842353  
1.279469636  
1.832003295  
1.874696957  
2.449085013  
-0.1149190583  
-1.996262982  
-2.610700401  
-1.260070203  
0.8050417829  
-0.7254556555  
0.5550738063  
-0.6435474943  
-1.177710009  
0.9371245009  
-0.6268009173  
-2.404315495  
-0.3246281517  
-0.4376710826  
1.088946074  
-0.3081282663  
-0.6705069708  
-0.7578180827  
0.8964423916  
2.494571256  
0.7714296635  
0.8062958003  
-1.558818933  
1.342530396  
2.64054505  
3.33256915  
3.69089392  
-1.873691648  
-1.896300189  
-3.195504433  
-2.807224931  
-1.596694936  
-2.676764253  
0.6157928265  
1.85911677  
4.121430511  
-0.1124476217  
-1.97006091  
-0.7160768343  
2.438779621  
-0.4156278707  
-2.757966491  
-0.2614183508  
-0.5538696468  
-2.913658603  
-1.917461821  
-0.7509154408  
0.9960074438  
0.8689296981  
-1.538965368  
2.685581689  
1.758722166  
2.133005354  
-0.2741695836  
-1.297192775  
1.279116867  
1.338326666  
1.143287236  
-1.835218478  
