4.299331463  
4.335487668  
-0.1864929791  
-5.954794526  
-2.678705292  
1.411986132  
2.989279942  
0.6447408425  
-6.04520617  
-1.949418112  
-0.372314595  
5.360140757  
0.3561607794  
-4.381374393  
1.698929661  
4.150971855  
-1.700922948  
-5.615131362  
-1.618048472  
6.948713574  
2.782640439  
-1.209041379  
-6.012166717  
-2.997965541  
-1.402815752  
5.686504456  
3.533873523  
-3.955500503  
-2.954536191  
-1.099835888  
6.849443269  
1.234910016  
-3.788969199  
-5.774985587  
-4.518939045  
-1.048345796  
6.7707077  
2.959141561  
-5.274832601  
-2.799935549  
-1.234207389  
8.213189517  
5.051594376  
1.36073437  
-5.276709793  
-2.951644079  
-1.581839663  
5.522712975  
2.340148309  
-1.470666775  
-5.698071888  
-3.464299203  
1.021549391  
5.497950706  
1.771506964  
-4.89614323  
-3.561690718  
-1.273010764  
7.255205742  
2.934347432  
-1.01148034  
-4.808802883  
-2.245603848  
-0.3769958101  
6.69711507  
2.727563397  
-4.476128567  
-4.310257577  
-2.290568774  
5.901600968  
3.468536888  
-4.429840888  
-3.584774522  
-2.394940473  
5.772528852  
2.9369768  
-5.134596891  
-2.72761788  
-0.4477497304  
5.912298906  
2.910717203  
-5.144900507  
-4.117056041  
-1.307026918  
6.577810019  
2.515299078  
-4.429490634  
-2.006622067  
1.913517199  
5.133851887  
2.149440334  
-4.748130549  
-2.215292109  
-0.8284835913  
4.808407567  
2.098501417  
-5.054654562  
-1.062837093  
6.736785045  
3.658219261  
0.2257211544  
-6.123535953  
0.4537357499  
6.624938074  
4.064214808  
0.9455595204  
-5.459857366  
-3.176686334  
0.2751473519  
6.989121835  
2.290573025  
-1.288596678  
-6.603142621  
-2.100469569  
3.170031143  
5.4390775  
1.382278685  
-5.259832099  
-2.117283168  
4.825075042  
-0.7155440618  
-6.114760348  
-0.7349664773  
7.696246182  
3.00159273  
-3.295863297  
-3.548737955  
0.1044327811  
6.960284367  
2.672864041  
-3.701317758  
-7.176894215  
-8.311644417  
0.6434756208  
-2.031142264  
-8.757458287  
-10.96497708  
-4.558126693  
4.610246035  
2.499426505  
-2.36752526  
-6.769923533  
0.6196529897  
6.964996128  
5.283411253  
-1.513264252  
-6.765379965  
-2.770775123  
4.842434049  
4.882429658  
3.455682357  
-3.367648782  
-2.109859498  
2.48250883  
6.973371125  
4.089786051  
-2.052506185  
-3.160275818  
2.225943847  
6.687694299  
2.83429708  
1.120431474  
-5.918774651  
-2.580603176  
4.52773745  
3.897376708  
-4.469809757  
-3.896377341  
3.724315073  
6.015480168  
2.050051349  
-6.270706368  
-0.7879565168  
7.391920265  
-1.351564974  
-3.966702282  
1.330829619  
5.191873716  
0.416831355  
-5.191371688  
-4.305932157  
-2.844361794  
5.638142647  
1.499856434  
-4.264689238  
-3.018980576  
-1.920902962  
7.064686669  
2.699764166  
-4.186325835  
-3.942521296  
5.932811264  
3.13548605  
-6.073392608  
-1.503140741  
4.885141095  
-1.937867112  
-5.623361613  
-1.955681895  
3.379377711  
5.662261178  
1.443811775  
-6.034111775  
-3.515326796  
3.198630638  
3.02385464  
-2.044413729  
-2.80381702  
4.690771068  
3.536231064  
-3.718130548  
-3.968506477  
0.08703657389  
7.151814643  
3.95621667  
1.551720648  
-6.797429519  
-3.990182793  
0.6343066262  
5.35955412  
1.895632438  
-5.731685591  
-2.858228633  
1.488056181  
7.877221551  
2.780692639  
-3.07541563  
-4.852692327  
1.086265082  
4.738872583  
-3.036717139  
-4.44189607  
-3.070205589  
7.375438362  
4.683281995  
-1.945462596  
-6.043963747  
-2.616156274  
4.049632763  
4.150122663  
-6.617980887  
-3.499978103  
0.6330718689  
5.53772394  
0.5692244852  
-5.763375706  
-3.741732971  
-0.4033722261  
6.107738888  
2.272651032  
-4.308683696  
-2.491908779  
3.651971649  
8.095803161  
-1.522669656  
-4.805011775  
-2.033717657  
7.401537332  
3.2043228  
-4.627496859  
-3.463561852  
2.42508865  
7.62475006  
1.682437183  
-3.50767235  
-3.020633135  
-1.957300439  
3.364454806  
7.189560561  
4.59559547  
-2.569601831  
-1.37090198  
0.04917498952  
8.270520985  
2.920610338  
-3.798900584  
-2.783880756  
-0.5678201351  
8.316509489  
2.56981419  
-3.569159645  
-7.97372489  
-7.832822637  
-0.249744107  
2.137758584  
-3.066744809  
-9.360931625  
-5.817623085  
0.05124850774  
5.07962769  
-4.908129937  
-4.505109862  
2.488899189  
10.35897976  
5.476030363  
-2.166304969  
-5.438641432  
-2.992857374  
0.1944769966  
7.529881954  
2.735701319  
-6.328797098  
-3.014611785  
0.1620098871  
7.910676733  
1.581628635  
-3.675648539  
-2.16902865  
1.607781567  
7.581994977  
3.061703302  
-3.536524843  
-5.514012846  
-2.478029088  
-0.8777652813  
8.102789524  
1.019054939  
-4.147800934  
-4.417912011  
1.35536681  
7.217454414  
3.062930047  
-6.629435667  
-3.32796902  
0.005364470557  
7.917509871  
3.538038945  
-2.338387398  
-5.041832579  
-2.428039539  
7.059241309  
7.606609595  
1.339556774  
-5.21359956  
-0.6328880413  
6.265235809  
-4.57273179  
-1.934618676  
7.07744074  
-2.340830149  
-6.998234625  
-4.010599946  
-0.7743676733  
7.701574032  
4.693175672  
-0.5956084189  
-5.440498131  
-1.022591842  
5.700390894  
-1.949326226  
0.5344177395  
5.69734871  
0.4857421917  
-5.678291212  
-4.934199321  
-3.211916189  
6.888836035  
4.625399385  
-0.5329575053  
-6.905038027  
-3.985773053  
-1.39134828  
8.038710691  
4.665572171  
-0.2308513327  
-6.187877454  
-3.275214618  
-0.5387726813  
6.959643735  
2.837718991  
-5.619608213  
-2.547279777  
-1.897266912  
5.592942522  
1.716070953  
-5.359356479  
-1.104205055  
7.339183256  
1.572194959  
-5.378360118  
-3.183719338  
-2.044088869  
7.577773665  
2.338790852  
-3.717226919  
-2.692323827  
0.004547157311  
7.964767927  
5.152979505  
1.969418471  
-4.148877597  
-2.937633248  
-1.585750865  
7.760473347  
5.748483182  
0.6598894309  
-4.397628321  
-2.572283305  
-1.528869129  
8.093233494  
3.967570238  
-1.98907664  
-3.912243474  
-0.2498890616  
7.822355395  
4.938304653  
-1.058539937  
-4.930461082  
-2.178443547  
0.2989526286  
8.205294486  
2.845562644  
-1.6825261  
-5.655508293  
-2.002968277  
1.379151424  
5.985352409  
-1.953143388  
-12.99521899  
-10.55351077  
-5.320092343  
0.6502606367  
-1.561697285  
-8.953684035  
-6.496012992  
-4.934927739  
4.234371789  
1.630718518  
-4.711512135  
-2.008030247  
1.279943417  
8.047834151  
5.582204491  
1.811891214  
-5.458533793  
-2.19455765  
5.958396025  
3.59227882  
2.722795667  
-3.801221457  
-2.416902181  
-0.07124542156  
6.743923823  
2.368884438  
-2.370165699  
-3.951780265  
-2.456820617  
1.697079154  
5.218142147  
0.2074567409  
-4.280449862  
-1.921630013  
8.203230299  
2.736446212  
-1.704388018  
-4.958900405  
-2.263549909  
3.904500911  
3.010858405  
-4.840263345  
-3.018094922  
-1.208553453  
6.542774735  
4.222333396  
-1.481061167  
-2.430551079  
-0.8641315475  
7.611337172  
-2.17904077  
-3.317676205  
1.038346027  
4.493626445  
-0.5946478674  
-4.752572364  
-2.250930688  
0.5388761247  
5.360121591  
2.79973228  
-4.110828935  
-1.964937042  
0.376805476  
6.379731965  
3.134103418  
1.393619993  
-5.13666541  
-3.2189217  
1.60330853  
6.586849508  
1.7679943  
-5.483967051  
-3.510675789  
-2.231106104  
6.713895603  
5.997048427  
-4.101609117  
-2.470021827  
-0.2148690512  
7.156662267  
1.12195816  
-4.652098866  
-2.38511063  
-0.543853145  
6.932542413  
2.407216872  
-4.801346464  
-3.107399707  
0.07913350903  
7.803914642  
4.637843703  
-2.835801332  
-2.987038127  
-1.774014027  
6.98939473  
1.962286483  
-3.336186299  
0.3071664773  
7.310285267  
1.685569662  
-4.257448118  
-1.4595319  
1.261122466  
8.404601433  
3.890535839  
0.175760456  
-4.066072267  
-1.729546364  
1.087275409  
7.993213271  
1.851429032  
-12.43471754  
-10.70614994  
-6.507293204  
1.102319593  
-6.769540456  
-10.98598003  
-7.574495989  
-0.5553599694  
3.411846177  
-1.176963985  
-8.893700556  
-5.388408131  
-0.9196924415  
6.203358282  
-0.2503918564  
-5.444283907  
-2.206669039  
0.9081083269  
7.459160942  
1.818380722  
-2.706161964  
-2.70351848  
0.4673005244  
8.52897089  
3.200921324  
-4.253742183  
-4.227029727  
-2.924383175  
1.497483687  
3.623393747  
-3.006443648  
-2.388748693  
2.428891773  
9.180949734  
5.837660667  
-0.3459259293  
-5.832130246  
-2.088080616  
6.0701066  
3.61136502  
-5.794333448  
-3.258783553  
7.516569661  
1.841369538  
-5.052379313  
-4.479908735  
7.039708937  
-0.07129675605  
-6.635823373  
-3.289783786  
6.741931073  
4.997046202  
1.326890402  
-5.792682655  
-2.838054873  
4.365506828  
-0.2238790461  
-4.589931636  
-4.709685368  
-0.5726335558  
5.416257827  
