0.2434666407  
-1.324625503  
-0.9395764824  
0.8726089342  
0.09271632129  
-0.2214434845  
-0.5382159742  
1.173902383  
3.485022567  
3.546512692  
1.470994154  
-0.1464705993  
-0.4581221328  
1.372363303  
-0.3875427265  
-2.801103346  
-2.342138457  
-2.438499154  
-1.670643567  
-2.275992951  
-0.7141454613  
0.5613043377  
1.163362262  
0.8544879036  
-0.6644413517  
-0.6450383779  
-0.2149655608  
0.2545953967  
1.301530351  
1.011341582  
-0.2650518842  
-0.6759840713  
0.05153104969  
1.617545774  
0.3435312914  
1.318858986  
0.5149485517  
1.026755471  
0.6455426321  
0.5496249788  
-1.475287963  
-0.9408411431  
-0.3065119971  
-1.133545742  
-0.2462593987  
-1.602227729  
-1.655102439  
-1.684506338  
-0.6418766811  
0.1551845486  
1.204339777  
-0.2432529388  
0.2738668954  
1.692141352  
0.4462428502  
1.743069075  
1.815801776  
0.9606718933  
0.8501499709  
-0.3156190992  
1.606798742  
2.766752194  
2.722041706  
-0.1451908107  
-0.925723752  
-2.973965701  
-0.5222910256  
-0.8816136459  
0.3835079784  
-1.708645031  
-1.820811928  
-1.53210435  
-1.037530681  
0.581610667  
-0.4095402788  
-0.5711118579  
1.60226407  
2.037355183  
-0.03828819438  
-0.1752165561  
0.6097266225  
1.152848008  
-0.05038598862  
-0.7013435033  
-2.607451266  
-1.808695038  
-0.6063413256  
0.5894935382  
0.1623830984  
-2.328942241  
-2.180250644  
-1.006465458  
-1.62229429  
-1.433454282  
-1.885181106  
-1.037284677  
1.489933787  
3.433531255  
2.455063629  
0.8139972043  
2.362355468  
3.130073067  
4.328648364  
0.8834279461  
-2.571472367  
-1.941157781  
-3.095668951  
-2.142819222  
-2.327034581  
-3.056720867  
-3.26212357  
-0.9604331657  
0.3640730164  
1.208014221  
1.38695471  
1.028033801  
1.211611613  
1.798535126  
1.971621712  
2.347464183  
0.2438570025  
0.6252158069  
0.8426082996  
-1.729736671  
-2.007482722  
-2.262151024  
-1.574295187  
0.06475304197  
-1.729239014  
-2.297127925  
-0.7263807589  
0.7765722912  
-0.4047970727  
1.046363935  
0.622870417  
1.731581623  
1.955492377  
1.599929836  
1.670802753  
1.608821512  
1.226033042  
0.8683492144  
0.5536957668  
-1.460717277  
-2.062516363  
-1.642974745  
1.349813437  
0.8564329422  
0.3406411504  
0.8179380105  
1.313647947  
1.56691118  
0.993636179  
0.1046230603  
-1.790154796  
-1.957726752  
-0.8171693634  
0.4674529835  
1.854757239  
1.360434735  
0.9215959333  
2.457712921  
2.373246877  
0.7802057431  
-0.5948507453  
-3.094114942  
-1.55859893  
0.7514643644  
1.787638914  
-0.8120398213  
-0.9047255757  
0.01262598561  
-0.06258099861  
-1.090757254  
-0.5002672458  
1.301953862  
2.278243485  
-0.7718010303  
-1.448968349  
-2.265292821  
-1.906715395  
-1.769309218  
-3.221150794  
-2.626160039  
-1.297677251  
-1.649350587  
-1.820059489  
-0.8687719902  
-0.4573779892  
0.03435794909  
1.832263932  
0.8491939435  
-0.1000611921  
1.112416506  
2.610859856  
1.019516784  
-0.2394463899  
0.9195517534  
-1.036582808  
-0.9584945128  
0.5764696592  
1.010275778  
2.856503201  
2.765651806  
2.21786248  
1.214947169  
0.3568088939  
1.144316733  
-0.253480108  
-3.44194936  
-1.562611241  
0.8131938305  
-0.6433324552  
-1.131177456  
-0.2636490989  
0.4893836382  
1.069395542  
1.117857634  
0.7489031426  
1.894268463  
2.297947773  
1.815296249  
0.02393185298  
-0.7952981568  
-0.1179555847  
-0.5057918408  
0.1037901644  
0.5731855153  
0.2791729117  
0.2068798063  
0.8818620582  
1.552855087  
0.4380134481  
0.05124209314  
0.1614911616  
1.790306569  
2.782469279  
1.131822464  
-0.4083343106  
-4.026753642  
-4.426566345  
-1.858809941  
-2.944640748  
-3.335449839  
-0.1633964713  
1.464613221  
1.217861954  
0.937850823  
0.3998725034  
1.443339684  
1.968358738  
2.349362905  
-0.6687185084  
-1.195479828  
-1.498817287  
-2.206971181  
-0.00416829538  
-1.87790817  
-0.5665875465  
-0.542132851  
-0.2770861774  
1.135586977  
0.9064504429  
0.6076614537  
-0.5983715826  
0.1362700548  
-0.8789628665  
-1.53253407  
0.2522707685  
1.368279055  
0.6246588086  
-0.8921574779  
-0.7679720257  
-1.839459854  
-0.9219644485  
-0.6612778508  
-0.286393389  
-2.410169368  
-3.9570042  
-1.868299607  
-1.080604957  
-0.326284374  
-1.444853143  
1.476368932  
2.450595248  
2.764166859  
4.720500107  
4.409820073  
4.433847624  
2.854185847  
0.4686000349  
-1.378897152  
-0.4855690584  
-2.833666164  
-4.56912796  
-2.144388822  
-1.24242325  
-1.609649161  
-1.844717557  
-0.1719878926  
-0.224456105  
-0.4596584047  
1.08770256  
0.9208416069  
1.058998531  
1.265865943  
1.911943217  
0.8923300635  
-0.7765924  
-0.2260466996  
0.375066666  
0.7363716797  
1.305008309  
0.2649897037  
-0.7953149369  
0.6985421081  
-0.6268245929  
0.345573684  
0.8657651448  
0.6288915477  
1.350801035  
0.7961058192  
-0.3592105413  
0.1936594732  
-1.31522538  
-0.8994330596  
0.01225245716  
0.9374822328  
0.4220179431  
1.630813219  
2.33423195  
0.3362685108  
-0.922205305  
-4.195139177  
-2.108342146  
-1.761060696  
-1.641813058  
1.216721514  
3.344331299  
1.889363257  
2.81703511  
2.465893793  
0.9083344775  
0.7738718475  
-0.01730117375  
0.2925760319  
-0.9402365986  
0.06195559513  
-3.248625351  
-4.400369873  
-1.503222188  
-2.417205877  
-3.49556749  
-4.617621506  
-6.676823345  
-4.730788326  
-1.550001107  
-0.7513688767  
0.2406652998  
2.040521304  
1.833524567  
1.974631789  
2.481037831  
3.606211856  
1.195283668  
-0.5275859265  
-0.2749978036  
-1.525931505  
-1.148845387  
-1.152161093  
0.2984232961  
0.3735438777  
-0.0942525677  
0.2164458946  
-0.3149051094  
-0.487326533  
2.014409887  
0.6567385139  
0.298463928  
1.012830626  
-0.5415619404  
-0.6561712862  
-0.2045317361  
-0.7035584058  
0.1857144976  
0.6676828097  
0.3662255756  
1.210346779  
0.3836763886  
2.092649622  
2.12212598  
1.97848422  
1.829447406  
1.442040116  
1.140951948  
1.744154203  
0.7542762895  
-2.744949387  
-4.493702861  
-3.933349514  
-2.88139817  
0.1636884356  
0.4898917592  
0.6831398887  
1.543304885  
2.162278128  
2.720499171  
2.944011616  
2.368351178  
-0.5479773623  
-3.222220604  
-3.824205471  
-2.071371626  
-0.880602145  
-1.44313116  
-1.729898817  
-0.6059780279  
-0.1847287594  
1.500609334  
3.878683681  
3.358742478  
3.935200054  
1.530785101  
-0.4669013316  
-3.003040836  
-3.53803763  
-2.702591126  
-2.139987103  
0.2013520331  
0.8616841286  
0.1790225315  
0.872992848  
2.262626691  
1.997160178  
0.6641041844  
1.660897305  
1.512960463  
-2.415582752  
-1.286897867  
-1.22739769  
0.09944396393  
-0.5584668198  
-2.137900114  
0.4081642245  
0.6465180004  
0.5421313117  
0.6845918653  
-0.3920261327  
-1.023021862  
-0.1448888038  
-0.8823110192  
0.7699476285  
-0.04242115731  
-0.5669721171  
1.118478428  
0.8053073319  
1.31641875  
1.150134117  
0.5414864283  
1.323134473  
1.392541553  
1.148612616  
0.5081288153  
0.03695106576  
1.45295749  
-0.8377124284  
-0.06208244669  
-1.540941245  
-2.963282384  
-2.156044368  
-2.478256832  
-2.204385553  
-1.243497157  
0.0845941214  
0.8654629529  
-0.7335099006  
0.6124477382  
2.79289464  
4.171479322  
3.686741932  
1.199465842  
-0.7268412705  
-3.064865342  
-3.320661892  
-2.304704154  
-1.25531874  
-1.638383941  
-1.740605798  
-0.7302813119  
0.2583118177  
1.124830231  
2.278429409  
2.839018505  
1.295498401  
0.4425869665  
0.1074139521  
-0.9229633084  
-1.620784444  
-1.437729141  
-1.699269804  
-2.562166411  
-2.088488683  
0.1595799998  
0.495907456  
1.051575448  
1.538590718  
3.28700819  
2.802403569  
-0.8593836149  
-1.37833444  
-1.636479151  
-0.161535992  
-0.3891589585  
-0.989825541  
-1.069156513  
2.419304575  
2.701122695  
1.789210374  
2.73356582  
2.470644776  
-1.034420877  
-1.376553356  
-1.579907321  
-0.651756615  
-1.267154146  
-3.005049382  
-2.660021476  
-1.375598951  
-1.61153837  
-0.4314089082  
2.654967918  
2.743341811  
3.657140516  
1.659105489  
0.2451108805  
-1.466255093  
-1.839104201  
-0.6007675491  
-1.504759652  
-2.352329299  
0.6039588509  
2.09800062  
1.827701633  
1.913249927  
2.965437506  
1.533625731  
-1.432644417  
0.6429708708  
0.9385571917  
-0.001058868664  
-0.5414164859  
-2.032141638  
-0.94594568  
-1.623908813  
-2.094284358  
-1.483877602  
-1.561898902  
-0.6963078694  
1.143836359  
1.825119795  
3.242036773  
3.885657963  
1.940125343  
0.278152379  
1.168824104  
0.900616529  
3.267218224  
1.481161444  
-1.647231626  
-3.198671561  
-3.210489186  
-3.379106413  
-2.0639439  
-0.6735412933  
2.934842526  
1.843931005  
2.311596126  
3.804078615  
4.60119686  
1.977235373  
-0.1560804322  
-2.418769812  
-5.564701385  
-1.650694929  
-2.15944391  
-3.093322317  
-1.134452453  
1.006705909  
0.963849032  
2.728126884  
