-1.938410297  
-2.858025552  
-0.06657358093  
2.457708205  
1.941238415  
-1.875524173  
-2.140990813  
-0.9413260869  
1.495359345  
1.973343968  
-0.1483895589  
-1.652956768  
-0.7157154233  
1.271319042  
0.4507240846  
-0.7813581258  
2.73405776  
3.82397636  
1.10614648  
-1.479033564  
-0.8722902233  
0.417122727  
0.2739471576  
0.9738320328  
1.231553056  
-0.472765304  
-2.83397478  
1.313598493  
1.10701553  
1.198912414  
-0.636867277  
-1.099387428  
0.6890630738  
-0.529325943  
-0.0452762952  
-0.9403298571  
-1.83916905  
-3.014034511  
-0.4293601458  
-0.6336967536  
0.2335191274  
-1.744265309  
0.03058853881  
1.833584449  
2.952400844  
2.649651076  
-0.6879646508  
-3.003215774  
-1.018576038  
1.403619477  
-0.8820619225  
0.0979988774  
-0.4329720961  
-0.8092818808  
-0.5847121846  
1.6415009  
1.495735846  
1.432086295  
-0.2188502844  
0.5245439548  
2.327089425  
1.026010244  
2.369053049  
1.544758369  
0.1189515983  
-1.759130018  
1.528780739  
1.872760787  
1.205308795  
-0.1400728141  
-2.700249617  
-1.079899825  
-1.191770941  
-2.721242285  
-3.71409553  
-4.014338871  
-0.3515076932  
0.7208353242  
-0.06345483722  
0.06327058292  
0.5147799239  
2.469741052  
1.976449028  
1.454051019  
-1.482650933  
-1.263703113  
0.8850271613  
-0.9591726985  
-2.473180628  
-2.354209574  
-1.10811487  
1.587219528  
0.5793088  
-1.459241642  
-2.18138538  
-0.4308329967  
1.57184325  
2.430934458  
-0.6871797804  
-1.73865494  
0.03476250362  
0.451163917  
1.047074042  
-2.502019207  
-0.2559591569  
1.959289513  
2.398838653  
3.085656494  
2.552807119  
0.9954329061  
1.768352017  
3.37946763  
1.746738153  
0.7773270382  
-1.467421361  
-2.663586809  
-3.076910882  
0.5209060962  
0.04458126813  
-2.752178424  
-1.893789897  
-2.149792172  
0.08445828327  
-2.124456083  
-1.824701913  
0.2029893377  
0.984009293  
1.032493184  
0.412065159  
-1.051027435  
1.105891096  
1.342314715  
1.308878241  
-0.7669803021  
1.063977936  
0.5676152824  
-1.263331224  
-2.219266472  
-4.339834674  
-1.579805311  
0.8921673945  
0.4730707739  
1.314172912  
-1.043954375  
-1.378174097  
0.5377176188  
1.149480008  
1.550656085  
-2.665219212  
-3.174018574  
-1.049044541  
1.577065023  
2.059026296  
2.988257741  
0.9681482003  
-0.727440231  
-0.03868550599  
0.8979074314  
-0.7417755294  
-4.214905069  
-2.62014149  
-0.5145368489  
0.6472711535  
0.4384607676  
-1.30292055  
-0.4634349044  
0.02036264927  
0.3500089828  
0.3406157985  
0.8551519915  
2.191267937  
3.193039989  
1.372999977  
-1.117913701  
-0.4966732194  
-0.3239302235  
-2.346136293  
-2.681236991  
-1.565795898  
0.7954487373  
0.9731014941  
2.136004535  
1.691359456  
-0.861169159  
1.400930788  
1.066045055  
1.934557023  
0.07135971103  
-0.3330586617  
-0.2772918849  
-0.7105667659  
-0.9109469337  
-2.186130833  
1.002297282  
1.111188327  
-1.591418294  
1.01163564  
1.554897255  
1.49539586  
0.6812447378  
0.5133971215  
1.861207288  
1.281032042  
1.58606858  
-0.5547996487  
-2.019825901  
-2.536950901  
-0.4644611031  
0.05973405255  
0.2898142033  
2.187315263  
2.23739314  
1.079630373  
-1.002532182  
-0.7488633282  
0.5785538268  
-1.091147457  
-0.7711231873  
-1.144035585  
-0.4308403656  
0.69243824  
0.1045864322  
-0.255858714  
-0.597050551  
-1.473294767  
0.7124983538  
0.9770769702  
0.5564753416  
1.181878979  
-0.410355106  
0.5544098039  
-0.3857563208  
1.539818795  
0.6099166687  
1.151623202  
1.102082403  
0.4230821531  
1.427063528  
-0.717307552  
-1.46356575  
0.3494177946  
0.5708154474  
-0.9185375159  
-1.570867641  
0.2645846691  
-0.1628977957  
-0.13330939  
-1.881834233  
-2.64223552  
-1.375573013  
0.9009327836  
0.8494315371  
-0.4717137746  
-2.502311609  
0.7528343048  
1.150338159  
-0.1796900459  
0.6492448563  
0.335765213  
0.02576106433  
-0.06600951632  
1.675205441  
0.4860373678  
-0.4364163949  
-0.941083469  
-0.8107895655  
1.376341002  
0.5973994814  
1.467507156  
1.312725769  
2.417362724  
1.305252072  
2.408497385  
-0.6793326295  
-1.780530794  
-0.9353710431  
-1.333275652  
-2.951660821  
-1.618540246  
-1.122486287  
-0.2798823679  
1.251485447  
1.760698968  
-0.4685059981  
0.09386042751  
0.3689177777  
0.1842753066  
1.036967454  
0.9505901486  
-1.176116618  
-0.4174524723  
-0.3473030473  
-0.1462496043  
0.1894947375  
-0.1624691914  
-0.8756465361  
-0.74458641  
-0.4404682756  
-0.6100205982  
-0.4064117919  
-0.04100106417  
1.658520958  
1.29087903  
2.454494654  
0.7982993953  
0.6720677368  
0.9594229193  
0.2181768291  
-0.3938777445  
-2.838839527  
-1.50026281  
-0.4033146379  
0.7600229169  
1.976436537  
0.7314563185  
-0.2095766229  
-0.3022870539  
-0.2328242803  
0.2373761342  
0.1730751529  
-1.430200253  
-0.1517973177  
0.7639525775  
-0.4579903112  
0.4461870323  
-1.675352358  
-2.085856355  
-0.1281247001  
1.067971341  
2.60743346  
-0.3334651727  
-1.459546694  
-1.131363959  
0.01335613856  
-0.1445922101  
-1.84272728  
0.3477452888  
-0.7062219886  
-2.986895329  
-2.104717286  
-0.7331249824  
0.5822370079  
0.2878941755  
-0.5535802069  
0.7994045538  
1.61793142  
1.432592929  
0.03901460914  
0.6246348803  
3.468804673  
0.3507084684  
-1.697202372  
-0.8349051632  
-1.246429159  
-0.9731800528  
-1.079084053  
-2.087965883  
-0.6519942524  
1.388397597  
0.4310691571  
0.5247119341  
0.2610580638  
-1.134214103  
-3.341109185  
1.202372543  
0.06150086952  
1.167304065  
0.3707936047  
-0.06097674352  
0.2091108012  
1.931383415  
0.3856215322  
-0.6748079572  
-2.26091231  
-1.063564806  
-0.01390486879  
-0.9553759721  
-1.214656079  
0.3823650018  
1.771728961  
0.691598175  
1.56685444  
0.4954393318  
-1.830720309  
0.03829047601  
0.1168118815  
1.824625695  
0.6844321947  
2.215629727  
2.362724009  
2.686003352  
1.108198455  
-1.112464864  
-2.220134666  
-2.024633121  
-0.49766334  
1.685902467  
2.124503588  
2.259487505  
0.8707532508  
0.2820954672  
2.436370618  
1.022545589  
0.9071862491  
-0.1343186353  
-0.6690756076  
0.00920706136  
-0.1699331466  
0.01843503445  
-1.167430079  
-2.000504693  
-1.589183644  
-0.3816275013  
-1.5273367  
0.7761184518  
-1.436846981  
-1.230277961  
-0.7613872206  
-1.388030008  
0.5272233837  
-0.3759534497  
-1.047501269  
-1.000496671  
-1.24570109  
-1.11757426  
-0.9850486424  
0.6513956039  
0.7676706954  
0.3982082777  
-0.3235320668  
1.646762409  
0.437135108  
-0.2281146415  
2.233987894  
-0.214164705  
-0.6767727295  
-0.8800966622  
0.1963335006  
-0.286694622  
0.8827835583  
0.7215165551  
1.46353519  
-1.005601602  
-1.141505305  
1.189889016  
-0.1649202864  
0.7909411999  
-0.6322741253  
-0.5083179118  
0.823982266  
0.5128787991  
-0.03366257694  
-1.897239899  
-1.307424229  
0.3647696313  
-0.9122332466  
1.201094883  
0.863615333  
2.041825889  
2.518153042  
0.8478437461  
0.2013989189  
-1.429709293  
-1.137399346  
2.019885018  
2.402091528  
0.9864222239  
-1.365824764  
-1.796981244  
-1.518519561  
-0.7916103642  
-2.505310709  
-1.022139506  
0.8953344724  
1.382020713  
0.4578765015  
-0.3737556776  
-0.7797965108  
0.1626517419  
-0.1297112283  
-1.891026243  
-2.954038717  
-1.250292867  
1.49407848  
1.91164303  
2.164846345  
1.816515361  
-0.1438598604  
-0.8841188109  
0.7052429063  
0.3440771714  
1.253295453  
0.05765574243  
-2.114586572  
-1.534778232  
-0.7920185779  
0.6136301477  
-0.7067571036  
0.05573801999  
0.7161563603  
-0.3139412904  
-1.037888481  
0.3664419184  
0.7479445085  
1.324729095  
1.379975642  
1.956899377  
1.21059107  
-1.369330383  
-1.543012381  
-2.117200795  
-0.9481199538  
-0.220996376  
-1.451293145  
-1.871594334  
-1.464193749  
-0.1922858073  
0.7580358575  
0.4872619668  
1.118210156  
1.951884782  
0.0180382541  
-0.9345189005  
-1.145240549  
-1.438579114  
1.371820907  
0.8965106341  
0.334113617  
0.5701233572  
0.1659197889  
1.609089047  
1.776253182  
-0.1253633043  
-0.5982751948  
0.8549969532  
-0.3275719885  
1.39329821  
1.285161163  
0.6062532571  
-0.3579891674  
-0.7941104849  
-2.649693202  
-2.906924937  
-2.541584753  
-0.6957552453  
-0.8414329346  
-0.4383885024  
-0.4332075454  
2.071901049  
2.047216859  
0.8175271825  
1.30941008  
-0.03101019439  
0.5294306308  
1.448424611  
-1.442856921  
0.4654962455  
0.5538857982  
-0.3402445514  
-0.06710324252  
-0.2854410568  
1.887426289  
0.9940677446  
0.8686671165  
0.7273126537  
2.251665465  
0.6858704581  
-1.671986943  
-0.9951965693  
-1.051176975  
0.8686889885  
-0.1116718526  
0.3830393204  
0.5760060649  
0.6472649584  
1.277863645  
1.768790112  
0.6502638812  
-1.829070611  
-3.527619921  
-2.209784812  
0.696609134  
1.494599742  
0.3971879529  
-1.178496988  
1.519335599  
0.28516024  
-0.3624264739  
-0.3810074373  
-1.072320938  
