2.195881705  
1.757336608  
0.1111471147  
-0.5872339928  
-1.14123625  
-1.575493953  
-0.9248971511  
0.7232718009  
1.165726347  
2.138664887  
1.503896193  
-0.2878459561  
-0.8351065236  
-0.7310254687  
-0.314182376  
-2.211789136  
-1.911233581  
-2.17220355  
-0.9925666908  
0.6068427614  
-0.2455231578  
0.3205486081  
-0.8531368978  
0.349918213  
-0.6277611253  
1.395010516  
1.369086147  
0.2476381888  
3.233948541  
1.430345368  
1.282249906  
-1.631630705  
-1.511241826  
-0.402891292  
0.2255804906  
0.1874955405  
0.7163351182  
0.5273296298  
-0.3296359612  
0.4961640304  
-1.180417012  
0.705719801  
0.6546675739  
-0.1139910957  
-1.021232521  
-0.3324357693  
-1.11188948  
0.3234291653  
-0.5691177321  
-1.508291088  
-1.010070977  
0.01439318555  
1.479279581  
0.5080908748  
-0.3553311825  
-1.863854772  
1.447719035  
0.8721941098  
2.186605697  
-0.2107723312  
-0.3161635189  
0.9842879479  
2.171571839  
1.500232711  
3.020214311  
0.9837645953  
-0.9582739621  
-0.2023685287  
-0.8481238059  
-2.002598845  
-1.917936536  
-2.621120167  
-0.01089044889  
0.04126685625  
0.504706784  
1.656117277  
-0.7886924828  
1.160337868  
1.077015717  
1.443007242  
0.2378313468  
-0.8958896954  
-0.8797135033  
-1.674193319  
-0.3244657996  
-1.464907203  
-1.06068512  
1.434479357  
0.9222009921  
0.2915589791  
-0.5340246267  
-2.547378801  
-2.012831196  
-1.16848498  
-0.9832114544  
-0.2300406058  
-2.436164005  
0.9669279677  
2.611271374  
2.245998664  
2.002345022  
-0.327332353  
1.412843438  
1.048062964  
-1.458813705  
-1.823870532  
-3.129427139  
-1.602959862  
-1.701291845  
0.4776227238  
-2.071149258  
-1.163926928  
-0.8800016666  
1.532409182  
2.525601798  
3.697314773  
0.3095849454  
-1.748800514  
-0.745511936  
-0.4074902259  
-0.6319514604  
-1.561926234  
-0.4021691359  
1.499053475  
-0.1932777829  
-1.435573402  
0.2831099199  
1.33799724  
3.213831767  
0.1286287777  
-0.713880076  
0.3211676197  
-0.978851893  
0.8861367566  
-0.9838611389  
-1.616106943  
-0.7696621918  
-0.3138740006  
1.376906464  
1.233112268  
0.6373508623  
0.6163532451  
2.038621465  
3.673705479  
2.046264746  
-0.5665032159  
-2.229608422  
-2.291000817  
0.3175819627  
1.055220075  
0.4391879975  
-1.07049408  
0.4409877008  
0.1132138373  
0.9286773246  
-1.647078809  
-3.568184628  
0.6064851132  
2.184030974  
3.65738937  
1.233893974  
1.90846973  
1.035889817  
1.09264685  
0.4144729838  
-1.480781364  
-2.843300187  
-1.45276656  
1.181448307  
0.588854569  
0.4750261037  
-1.538109446  
-1.09907206  
2.179762421  
-0.0253280584  
0.8761190826  
2.016366616  
1.202378867  
-2.206694396  
-4.21753038  
-3.01887089  
-3.100050766  
-1.980695208  
-2.89819127  
-2.972583578  
-0.8219235843  
-0.2422518602  
2.968429969  
0.9896090451  
0.9507968134  
1.409217637  
1.925296073  
0.6887578646  
-0.7343746678  
0.9368644926  
0.2576982813  
-1.310177189  
0.1378903874  
0.2907111626  
2.013032196  
1.725529586  
0.7917989679  
0.01568427042  
1.265306057  
2.888225366  
1.369626892  
0.8828104331  
0.261184819  
0.9620324208  
-3.372471702  
-4.757413985  
-1.134329486  
-0.5559819392  
1.105604869  
-0.6365168899  
-1.914244042  
-1.762901949  
-0.07643907454  
0.3878894104  
2.27999962  
2.316891478  
1.585479112  
1.888762422  
0.4990053212  
2.827564835  
-1.499419888  
-1.642447324  
-0.7104811102  
1.217405443  
0.3901811442  
-1.571468276  
0.08123835512  
-1.070168341  
1.309860257  
-1.023270447  
-2.410366351  
-2.233227454  
-0.1423009584  
0.8776087609  
1.582288188  
-0.5854936491  
-0.2794252281  
0.9636142433  
2.55286231  
1.363521088  
-0.02278745642  
0.8175549203  
0.4106332594  
2.227404131  
0.04092053577  
-0.3075194776  
-1.244471501  
-2.245860658  
0.09748188826  
-2.432245392  
-1.383389782  
-1.133552151  
0.2253996399  
0.1738892372  
-0.29189598  
1.433413423  
1.538245802  
3.510704083  
1.184055622  
-1.393794239  
-1.337026167  
-1.431942576  
-2.112627741  
-0.04065815348  
-1.490761396  
-1.692860468  
-0.7897748002  
-0.2760382019  
1.911335392  
-0.2136581687  
-0.3817891461  
0.4140147295  
-1.23622038  
1.299679448  
-0.3979433448  
-0.05405402685  
-0.3066513279  
-0.9999699545  
-0.3756968862  
0.7617722692  
0.5492131859  
-0.811694379  
0.934740082  
0.4562055862  
3.12967493  
0.1104072738  
1.290938892  
0.2735730976  
0.4900837406  
-2.714326276  
-1.724115978  
-2.015792539  
-1.172498904  
-1.63195863  
0.9938435682  
0.7370451112  
0.1456742349  
2.608562312  
2.151994525  
4.65672834  
2.733652799  
1.080423164  
1.006608989  
-1.629314509  
-0.1558665358  
-1.874331557  
-3.206125578  
-3.279645778  
-1.748886268  
-2.144234207  
2.326923511  
0.7679856162  
1.430023313  
0.812316314  
3.727674226  
1.79845119  
0.6429455333  
-1.546875785  
-0.5512137254  
-2.229090419  
-1.051776079  
-2.211758612  
-3.642754693  
-2.254595163  
-0.2557358052  
1.119260828  
1.168813622  
-0.2639534456  
-2.383206865  
-1.052284547  
-0.2294960794  
-0.4345096663  
1.653092895  
2.190906076  
2.040939869  
2.216200554  
2.59975089  
0.6308385068  
0.8403768517  
-1.890880574  
-2.895691641  
-3.341528006  
-1.172775772  
0.06022461776  
0.4930224975  
0.4448969713  
1.480009029  
-0.3259910748  
-2.702852351  
-1.617228485  
-2.325052835  
-0.4744324419  
-0.127562349  
-0.1516382255  
-0.09169652456  
0.6485049275  
1.355746934  
4.251454183  
4.263006012  
1.775389916  
-0.768281937  
-1.666949335  
-2.118033468  
-0.1465182722  
-1.081247383  
-2.039182919  
1.210128149  
1.160846596  
3.136845212  
1.775701528  
-1.390035107  
-0.07038502921  
-0.986436416  
-1.455960421  
-1.207807872  
-0.6898263235  
-1.314045008  
1.749312195  
0.9062135404  
-0.4271493729  
0.7254761574  
0.4013976533  
1.830532642  
0.3037033074  
0.08494789102  
-0.7821984015  
0.5686696373  
0.07312717587  
1.567587399  
0.6442043923  
0.5850620727  
0.6450141981  
1.204949745  
-1.523290668  
-2.083864848  
-3.483209085  
-2.602074405  
-0.699054366  
1.050741443  
2.28542471  
1.82946908  
2.23705195  
2.794746496  
3.693465748  
2.100690876  
1.179865523  
-2.872356485  
-3.261331315  
-3.624770536  
-2.980775815  
-1.012392924  
-0.2984834306  
-0.2942736631  
-0.346461548  
1.331175673  
2.379007582  
5.073257277  
4.891379968  
0.1351349318  
-2.63464713  
-3.878987898  
-2.477478903  
-2.577549499  
-2.346779187  
-1.795057743  
-2.185710288  
-0.3262664767  
-0.8156750261  
0.366166309  
0.558380122  
1.915839516  
1.885925572  
1.422684338  
0.4282499443  
-1.807538403  
0.6285106402  
-0.9299197577  
0.1877448558  
-2.286563478  
-1.950883575  
-0.6967617036  
0.86743705  
3.118681736  
2.719543553  
1.161435077  
0.758180117  
0.6695474122  
2.12459865  
-0.2978803217  
-0.6780604833  
-1.600686505  
-0.5817015626  
-0.7422173185  
-0.1022399092  
-1.303842048  
-0.08206291392  
1.20180719  
1.85049187  
1.419437222  
-0.009062866089  
0.5481410519  
0.7254428866  
1.393148926  
-1.746094775  
-2.682599238  
-1.823710457  
-1.759112294  
-2.183812201  
-1.918462571  
-1.69001802  
-0.02677915835  
1.920868531  
2.889855269  
1.956845779  
4.125825215  
2.600259299  
2.983451468  
-0.5742358715  
-2.462249459  
-3.638178488  
-4.23666652  
-2.495383665  
-1.318655052  
-0.6255310037  
-0.27106105  
0.7683431606  
0.7120419009  
3.928217891  
4.567960193  
0.8765345042  
0.4315832518  
-0.8428707096  
-1.654120937  
-1.966542847  
-2.520684113  
-3.206084684  
-3.589496589  
-0.5229786945  
-0.0325099772  
-1.075113561  
0.9816672743  
1.058877215  
2.964153102  
1.924665902  
0.3738731184  
0.5477157745  
-0.4392601082  
0.6482747435  
-0.9730106242  
-0.7911479298  
1.333442679  
0.6696756511  
1.646213023  
1.424162179  
3.451962347  
3.043907185  
2.32799377  
-1.441279669  
-1.985687639  
-3.208420344  
-4.475731489  
-2.265402796  
0.0735289508  
-0.5301963758  
0.21827309  
2.221698238  
1.163865264  
2.55224309  
0.05166978554  
-1.380227064  
-1.583784199  
-3.64889042  
-2.451451354  
-1.788706264  
-2.744236573  
-0.5194103704  
1.710947162  
3.705513902  
3.27964882  
1.757322876  
2.340474705  
-0.490310329  
1.601467905  
-0.8752238221  
-1.590970656  
0.7151694165  
0.6203042028  
1.869229911  
-0.872196478  
-1.651067428  
-2.119016701  
-3.191175814  
-0.6838131436  
-0.05489390144  
-0.5504003231  
1.330427068  
2.009580186  
2.499191561  
1.169684675  
1.173503492  
0.2532761965  
2.022661472  
2.799984201  
1.98250619  
0.03868228207  
-2.517755666  
-1.345850117  
-1.723031421  
-1.021573706  
-1.163777876  
1.399697093  
3.048069105  
1.55299057  
2.863357422  
5.854358362  
3.943794093  
0.126094397  
-3.981373021  
-3.115084787  
-2.633169228  
-2.663693741  
-2.031844602  
-2.252855138  
-0.2841073479  
0.5769025778  
