-1.420256399  
1.004492204  
1.180703654  
2.222925563  
2.817594032  
0.2505411313  
1.030069231  
0.9219196647  
0.03588216646  
-0.3545834636  
-3.061602238  
-1.667229477  
-1.185763647  
-0.807560784  
-2.353601342  
-3.314683683  
-1.259422692  
0.8202333626  
0.847368042  
-0.7535623926  
0.2282139731  
1.747477379  
1.509161793  
1.549076766  
-0.7053101086  
-0.4797469332  
-1.050529747  
0.8866059141  
0.6482354963  
0.02426628709  
-0.3168673372  
0.07904861777  
1.433582182  
1.777409198  
-0.04671752782  
-2.715297942  
-0.4362191402  
-0.3503333514  
0.6059661146  
0.7152885957  
-0.6757375161  
-1.348723806  
-1.350634683  
-0.9869631209  
-0.01189589217  
1.04582674  
-0.111516975  
1.137651276  
1.664432485  
3.131272004  
2.720172074  
1.252678545  
-1.717816239  
-2.8026921  
-1.083625853  
1.208900936  
1.962432638  
-0.7698189619  
-0.7177563072  
0.1417156264  
2.549163801  
2.777970148  
1.784027473  
-2.059787776  
-2.34481883  
-3.306149484  
0.07834734613  
0.0184088412  
-0.3970787093  
-0.1722359159  
-0.06504168251  
0.5985727739  
0.460014927  
-0.3473321088  
-0.5432558166  
-0.3024520859  
1.655491363  
2.183555871  
-0.4040334444  
1.417186436  
2.046250232  
3.433909322  
3.167365188  
1.822772219  
-0.6227237156  
-1.207125717  
-0.9849840667  
-2.720257225  
-4.990988671  
-2.811798392  
-2.190014346  
-1.17831236  
-1.015216284  
-3.888526599  
-2.902401741  
-0.9095736975  
1.353623495  
2.937201215  
1.254344311  
2.463637133  
3.506938519  
4.270732842  
3.535582295  
0.7555095358  
-0.134984813  
-0.6379586868  
-1.660005136  
0.4629938312  
-1.177893964  
-2.001797939  
-2.625523081  
-0.7049560399  
0.1433882752  
0.5977353301  
-0.07884668383  
0.6389864149  
-0.3359468651  
0.7997555256  
-0.03778185414  
-2.992190963  
-4.837501643  
-2.05815318  
0.137569981  
-2.778869689  
-0.2592282592  
1.738074128  
1.622965241  
0.01475494456  
0.1059565402  
1.412916499  
2.307185923  
-0.08381522967  
-0.3207368108  
0.2947159071  
0.1769813904  
1.616499137  
1.152262345  
-0.2964021337  
-2.98215314  
-2.153896345  
-1.913880076  
-0.02237218599  
1.077030081  
-1.859458727  
-2.080263717  
0.4778176124  
1.647899117  
1.571977384  
0.1340287918  
0.5277509175  
-0.1432597828  
-1.093059121  
0.9768705736  
-0.3591794356  
-1.486082  
-0.4915637864  
1.393331486  
1.380211809  
-0.5613062598  
-0.9482473548  
0.1323607279  
1.865687421  
0.81131182  
1.300771917  
-0.07392510803  
-0.3769004335  
-1.073457716  
0.6736778414  
-0.7698300433  
0.3282818619  
1.045331518  
2.34002514  
3.541183908  
0.6480362042  
-0.1573015193  
-1.632816285  
-5.121338591  
-1.369193402  
0.5483493533  
2.337238104  
2.565307902  
-0.2244308612  
-2.329294246  
-2.738080724  
-0.07617133459  
-0.5780554337  
-2.131254882  
-1.924090927  
-2.140706429  
-1.189814978  
0.8635885731  
0.7957023542  
0.8567901959  
1.961568463  
3.514588931  
1.305401181  
0.9503856497  
1.623789937  
-0.223221575  
-1.414570748  
-0.5498365254  
-0.2610401977  
0.1384949676  
0.8691033724  
-3.703709217  
-4.378123299  
-1.242340617  
1.31707193  
-0.1553838891  
-0.4234603642  
2.45679102  
2.929099796  
1.322549157  
-0.1135859761  
0.9797436728  
1.214093847  
1.62549987  
0.9552150757  
-1.061890352  
0.568365305  
-0.9572977137  
-1.491433493  
-1.100502044  
-1.889653182  
-0.5932809066  
-0.9379038273  
1.213348301  
2.861943218  
1.792011107  
1.784878623  
3.422856624  
3.475540479  
1.578590388  
-0.3680676857  
-1.510626422  
-0.2070258709  
0.6419409973  
-2.082783574  
-4.477730524  
-2.587804105  
-1.362791648  
-0.5431849499  
-2.531694159  
-1.272555786  
-0.540460597  
-0.6508958939  
0.5664489626  
-1.609951312  
0.2444654509  
1.229609988  
2.868424372  
2.492590246  
-0.0550624083  
-1.343459734  
-1.457631913  
1.280494675  
0.7398024773  
-0.3514078258  
1.056318046  
1.091893033  
1.378189454  
-0.004019424799  
-0.02700074516  
1.266093061  
1.460891897  
0.4616941704  
0.593782252  
-1.34728914  
-0.6856950649  
-2.095904374  
0.006147884405  
-0.6876965479  
-2.880124937  
-1.21762788  
0.759577895  
1.032654518  
0.3217622467  
-2.053843151  
-1.509488898  
-0.2962035392  
2.232564361  
1.816929845  
0.001856399569  
-0.7328345463  
1.536889754  
1.983704154  
2.975520662  
3.064717737  
1.058428771  
-0.355612232  
-2.885823462  
-0.2931260432  
-0.8858879645  
-2.450909979  
-1.65536482  
0.6975737946  
1.521792688  
0.435125834  
-2.110578872  
-1.599484667  
-1.529592584  
-2.409569685  
0.2637139391  
-0.9631730081  
-1.435914786  
0.5108335128  
2.301907973  
2.949995071  
1.615199165  
0.9880305074  
1.902877612  
2.402631192  
3.590001519  
1.647484214  
-0.4898793214  
-3.339559146  
-3.898887416  
-0.8077425577  
-0.7717459671  
-1.906162575  
-2.050015159  
-0.8080412056  
-0.5859044549  
-0.02579876946  
-0.879293754  
0.6669310008  
1.953072873  
2.503655134  
1.699087936  
0.5612601262  
-2.336452345  
-1.625581913  
-1.532389767  
-0.3594974121  
1.069213256  
0.5811483856  
1.275999433  
3.590657531  
-0.3684954439  
-1.735290599  
1.516277354  
0.4936175929  
-0.6750123928  
-0.935048388  
-0.03639660878  
0.8154423161  
0.5242644734  
1.781729541  
-0.1707985041  
-0.3636983106  
-0.5619579801  
-0.1519491602  
-1.849264304  
-3.152982574  
-1.956699807  
1.298418413  
1.247373396  
1.744157398  
1.604693894  
3.049755718  
3.193436468  
-0.8468093284  
-1.682840239  
-3.38330294  
-1.141334205  
-0.5236967582  
-0.2355421225  
-2.601014313  
-2.629987807  
-0.4613407166  
0.6865736982  
0.9915355234  
-2.571233183  
-2.166755145  
-1.460051743  
0.3558612001  
2.353523111  
-0.1551263155  
-0.2690504766  
1.754949686  
2.41023796  
0.596265524  
-1.17807251  
-0.7570020338  
0.1370126971  
1.701491567  
-0.4485836883  
-2.703632656  
-0.1499095401  
2.043038287  
2.172806956  
3.442646906  
2.82541096  
0.3625984475  
-0.5304005455  
0.970516893  
-0.4788948911  
-1.767947779  
-2.203613918  
-1.677935118  
-0.1363096364  
1.694973765  
1.988847255  
0.7818566002  
-0.6814220192  
0.01725232397  
1.054405037  
0.7595930302  
0.763440704  
-1.191233856  
-1.292048245  
-0.04592272063  
1.636235199  
1.357517541  
0.143672079  
-1.600291567  
-2.459126291  
-0.9547306045  
-0.3747502628  
-0.3237282785  
-1.569191295  
-1.458977726  
-0.6483372793  
-0.2506383178  
1.082973073  
-0.5418922493  
-0.9420898478  
0.1537008358  
2.44622827  
2.963909287  
1.969750309  
1.611310713  
1.315264529  
0.1446609297  
-0.1462391246  
-0.0445215295  
-2.084070188  
-2.693944895  
-0.9371768673  
2.258515986  
2.89146027  
0.4515150767  
1.636103867  
1.135781057  
1.021677143  
0.1488830079  
-0.4178932789  
-2.772413736  
-2.72333104  
0.5308972049  
0.03726571845  
-2.110268524  
-4.308491222  
-1.491131474  
0.794813615  
2.132797408  
1.203647412  
0.2139460809  
0.7417258332  
1.147009509  
1.610316216  
-1.19314617  
-1.532643251  
-0.7586577711  
-0.4634728568  
-0.923231844  
-1.550031835  
-1.479072923  
-1.987323587  
0.1512283369  
-0.4971716331  
0.1334601522  
2.251397896  
3.812631541  
3.051707904  
0.2276604716  
0.06638508846  
1.494632738  
1.699087482  
0.3609821161  
-2.724332441  
-1.974435038  
-1.932486204  
-1.406923892  
0.4670603418  
1.268828174  
0.2434896237  
1.197179376  
1.027199375  
2.109408804  
2.127479914  
-0.1908982929  
-0.6884804513  
-1.79347798  
-1.424383008  
-0.05137669288  
-2.150451797  
0.1168838445  
0.7650302998  
1.270804407  
0.8888216948  
0.1237135213  
0.3652673541  
0.5871322752  
2.215598387  
1.905527158  
-1.499886921  
-1.891259608  
-2.816510891  
-2.257761982  
0.05001399323  
0.3491341009  
-0.1365180368  
1.364836531  
3.890249595  
3.109677578  
2.08335496  
1.954703529  
1.37572061  
1.208015886  
-2.738863021  
-2.391034777  
-3.346507225  
-2.315050712  
-1.33599053  
-1.018835146  
-1.711281781  
0.2422886628  
1.626773075  
1.40319523  
0.3906326473  
-1.516631531  
-1.401469011  
-2.106883808  
-1.473464213  
0.7866103947  
0.8219584058  
0.7730976875  
-0.4922419243  
-0.03466202513  
0.5304120024  
-1.774930876  
-0.3437887032  
-0.566495805  
0.2279140772  
0.01157137926  
-1.138013488  
0.2968616111  
0.4761840166  
1.174317625  
0.02714327804  
-0.8194951698  
-2.881548013  
-1.703064652  
0.2805262155  
2.029990876  
1.607358191  
1.591821752  
1.970408672  
1.483236632  
0.5782491047  
-1.987122216  
-2.54561689  
-1.21791571  
-0.8523729041  
0.7700681317  
1.762846369  
-0.431887576  
-0.9581011035  
0.6155297859  
0.4171041421  
-1.541404054  
-0.4948825169  
1.839285297  
2.558348872  
1.125095496  
1.355268229  
0.7127829964  
0.08368219844  
-3.478252188  
-2.896671102  
-2.15720258  
-0.5200824495  
-0.1453631174  
-0.8369797759  
-0.3922054825  
1.059286187  
1.797166039  
1.439801956  
0.7124588165  
