-1.037051512  
-0.6059248341  
2.038947335  
-0.005056616516  
-0.5469505665  
-0.3363716176  
1.029726715  
1.346138794  
-0.1550985388  
-1.449381052  
-1.863626021  
-0.384384366  
0.3779985743  
0.857070851  
1.496032932  
-0.7014524339  
-0.6336401826  
0.3029781  
1.28216086  
1.615588655  
-0.1650199282  
-0.3310815816  
0.1301460176  
-0.4678703482  
-0.8387832169  
-1.642408746  
-0.9784068145  
0.7973473067  
0.4411643475  
-0.03070331023  
1.914601571  
-0.9833495864  
-1.658484677  
0.5452060157  
1.136991721  
0.2242232091  
-1.169867039  
-0.9367185685  
1.23945898  
0.877026462  
-0.07336458211  
-0.6567756319  
-0.4922139268  
0.7170671222  
0.1014502923  
1.985798128  
-0.763729276  
-1.645032124  
-0.8873356408  
-1.458149992  
0.5648200125  
1.459070254  
-0.7227384813  
-1.127205295  
0.8281442829  
0.5423387474  
3.009887018  
-0.6576236222  
-0.3975053842  
-0.93482654  
-1.450340322  
-0.1709578352  
-1.712371313  
-1.459901356  
-0.04340706112  
0.7972163531  
0.6883915972  
2.508492438  
-1.189585121  
-1.486089089  
0.1886943866  
1.47219063  
4.313123647  
-0.588509293  
-0.3419946582  
1.494049415  
1.203254134  
-0.7412369833  
-1.312266119  
-1.352543558  
-1.027393626  
0.5059339268  
1.116904569  
-0.3957166903  
0.4742975558  
-1.052925429  
1.759410352  
3.907416648  
-1.160133261  
-0.6280568003  
-0.5036624181  
0.4862931655  
0.4613454422  
-1.51268583  
0.07160717572  
0.3125422827  
0.1378624194  
-1.683068109  
-1.456799229  
0.02617382192  
2.406042111  
0.3870788375  
-0.2972788388  
-1.158071576  
0.42741251  
1.666251835  
1.51519499  
3.309307262  
-0.9508090737  
-0.8226983621  
-1.364571661  
-1.771327561  
0.1263245614  
-0.0809975948  
-0.9081142357  
-2.635466568  
-1.370213345  
1.582727237  
2.404092308  
-0.9865514731  
-1.549791152  
0.1342907206  
0.2487706841  
0.4386975017  
-1.453100337  
1.091174895  
3.790771712  
-0.003528325161  
-2.776692904  
-0.7523458724  
1.941070123  
0.0525543626  
0.07519268029  
0.3064224008  
-1.554215241  
-1.010042473  
-0.8656177748  
-0.03517209438  
-1.274790538  
-0.5218940132  
1.884702297  
-0.5333927811  
-0.6004046984  
-1.572215781  
-0.05346720358  
1.821782354  
0.7584980825  
0.7501812471  
-0.7743191098  
-0.782521206  
0.8060910388  
1.013101601  
0.8937221508  
-0.6101885737  
1.418198685  
-1.322564131  
0.5109931088  
2.178012237  
-0.2459533437  
0.9311286175  
-0.3587677436  
0.9037757326  
0.4212898269  
-0.283957438  
-2.293303154  
-1.670367287  
0.7527770485  
0.5345309341  
-1.912521122  
-0.9820052075  
0.8043220118  
0.03790984152  
0.6607245231  
1.588777214  
0.031758881  
-0.30753346  
-1.169327326  
-0.1365444478  
-0.20228245  
1.807650954  
4.438310588  
-1.009005802  
-3.142801128  
-0.626229316  
2.133386679  
0.4070994665  
0.07212231298  
1.074781191  
-1.297655874  
-1.523746815  
-0.3243269234  
-0.5516720139  
-0.6837354193  
1.340973764  
2.59756419  
-0.973201177  
-1.252924574  
0.6732793277  
0.9760545456  
-0.6904315155  
-1.640779304  
2.125662679  
1.077655636  
-0.9622618033  
-2.029930081  
-0.8052206246  
0.7186118246  
0.7510332576  
0.3248272917  
-1.641042542  
0.2481428538  
0.7438424347  
0.2100250164  
0.9794236118  
-0.6716547283  
0.03680445812  
0.5214762001  
-0.3936842617  
-1.648724185  
-0.4319628585  
-0.9130556809  
0.7670456089  
2.91393011  
-1.45369411  
-0.638280816  
-0.4449295312  
-0.2453566602  
0.4967370668  
-0.9373549065  
-0.9326522968  
1.419214631  
0.9955853565  
0.440399944  
0.1138521891  
-1.178314107  
0.541591342  
0.1145203593  
0.4737598671  
-3.057234975  
-2.170895431  
-0.09815319677  
-0.006150550071  
-0.9249323517  
1.050440194  
3.160226124  
0.330826935  
-0.9072025275  
-1.275850562  
-1.29010558  
-1.303975447  
0.2324683562  
-0.6360357118  
-0.7272494376  
-0.9873323763  
-0.6072481223  
1.857093604  
-1.236900913  
0.9879041164  
0.9631875813  
1.528471344  
4.015048153  
-0.3927505739  
-2.071608576  
-1.191483823  
0.6252311282  
1.229424949  
0.4315360834  
-1.114760722  
-0.3590569146  
-1.155067718  
0.9565845249  
1.401872636  
-1.01079405  
-2.023720492  
-1.105612177  
2.390303407  
3.724223525  
-1.409969804  
-2.086463659  
-0.7274664159  
1.223383371  
0.1517826986  
0.08989161765  
-0.4814609863  
-0.5850575513  
0.3058763693  
1.029826835  
2.327256649  
-0.8806628763  
-0.516201629  
-0.2963231487  
1.896352676  
-0.6793044961  
-1.076561688  
-1.435888894  
0.9157605808  
0.3773306778  
-0.9177353591  
-1.544409565  
-0.0251065375  
-0.9387868392  
0.6640202372  
2.217122008  
-1.470669024  
-1.891252235  
-1.9320901  
0.3258791742  
0.6110239904  
-0.7311013097  
0.4117634001  
-1.497358175  
2.40297235  
0.9197857386  
2.182442231  
-0.1473929504  
0.8346470412  
-0.9102799465  
3.019658638  
1.251990482  
1.004730457  
-1.742018911  
0.7685279264  
0.711288442  
2.456001253  
-2.423431317  
-2.147909956  
-1.38996014  
0.1065539582  
1.075023998  
-0.3119347011  
-1.594193952  
0.1256871035  
-0.8601869042  
1.928896697  
-1.13737025  
-1.514750647  
1.419787633  
3.514144352  
-1.591785885  
-1.668873697  
0.3500333782  
-1.166206884  
-2.433195682  
-1.448033578  
-1.944476092  
-0.3755351828  
0.7920495337  
0.4283718347  
0.07962397558  
2.709558136  
-2.015457732  
0.8338292536  
0.6382664899  
2.657571369  
3.719440341  
1.621948622  
2.040482665  
-0.2669821017  
-0.04157028529  
0.5797387542  
-0.170455811  
-0.5177951047  
-2.328384308  
-2.165261203  
-2.912398656  
-0.1311763365  
0.02599942673  
-1.231249517  
-0.4055551073  
0.4475970212  
0.8156378221  
0.9185452501  
-1.806268892  
-0.5519825913  
-1.274978263  
1.713753658  
2.29467576  
-1.006555298  
0.681688951  
0.9685581646  
3.13113735  
-0.9993161106  
-2.931938237  
-1.267625362  
1.717953074  
1.700912477  
-0.179892731  
0.00669154248  
-0.7957841804  
0.555188758  
0.7920218759  
1.977022267  
0.1585140662  
-0.2884506306  
-0.8214248184  
0.441529517  
0.932804501  
1.723253527  
0.4040684054  
1.085425343  
-1.518053093  
-1.496863767  
0.3977411777  
0.4454335958  
0.6861070507  
-1.302018964  
0.3037387571  
0.1585513268  
-0.9058202927  
-1.782735042  
-2.113771317  
-1.244646767  
-0.6198270538  
0.3247535016  
1.018625353  
-1.065446812  
0.1602223677  
1.763294051  
0.6003837314  
-1.082896555  
-1.934229308  
-1.008961202  
1.067045679  
0.3302955682  
0.1131896743  
-0.4729619765  
-0.3786750545  
-0.07424070866  
1.653957859  
2.940757975  
-0.1440519199  
1.615844296  
-1.377219901  
-1.196169883  
0.1499568719  
-1.404804685  
-1.207470958  
0.3915204555  
-0.4338979116  
2.22999967  
3.877282864  
-1.322760316  
-2.346883036  
-0.6626144172  
-0.4042691483  
0.9050854411  
1.082238843  
-1.429877841  
-1.078491119  
-1.36244163  
0.6554664149  
1.225814402  
1.010907399  
-1.034295343  
-2.13533257  
0.4832232569  
-0.9659364695  
-1.681560662  
-2.082591646  
0.8846431058  
0.9971185816  
-1.022082743  
0.1447834448  
-0.8255236758  
-0.5145750985  
2.542558491  
-0.2711650609  
-0.8532844539  
-0.03895742534  
2.61380507  
2.257348525  
-0.4778808241  
-1.466805242  
0.6957917642  
1.272314406  
-0.7530829232  
-0.559683254  
1.230321679  
0.725944333  
0.3343826886  
-2.700089568  
-2.839083373  
-0.9922440024  
-1.255528613  
0.7524090995  
1.382124084  
-0.4063907436  
1.419350722  
0.1902477106  
1.873398695  
3.49738953  
-1.672184989  
-1.123012861  
-0.7982520962  
0.9917593081  
2.290971707  
-1.507460189  
0.3262899274  
0.6895788542  
1.901257773  
0.5358904869  
-0.321749565  
-0.2703763364  
-0.6849859881  
1.221640277  
3.223294732  
-1.688943465  
-3.482135161  
-1.356334819  
0.3893641497  
2.866096008  
-2.368462917  
-2.664199266  
-0.6842538283  
1.53048585  
1.499522261  
-0.9580887568  
0.4250578427  
-0.2187992513  
0.9631076758  
-2.291105849  
-1.632402912  
-2.116190542  
-2.179867358  
0.7488800526  
1.0451936  
-0.3343317816  
0.2356042405  
-1.03414737  
1.304496307  
3.229244177  
-0.8841911781  
-2.227377909  
-1.077862309  
1.488806671  
1.708466449  
0.3950056468  
-0.3848529823  
0.8804567619  
2.016427708  
1.129990004  
-0.5203214119  
-0.2575688285  
0.9555401351  
0.7200417678  
1.60837263  
-1.432735008  
-0.05836451898  
-2.255893149  
0.06105437807  
0.5219205656  
0.2145630213  
0.4149384175  
-1.081223448  
0.9081591796  
1.170651571  
1.585735623  
1.114172868  
-1.291199212  
-0.8406151058  
-0.192036721  
-0.9976554345  
-1.249800638  
-0.8810168019  
0.4662858529  
0.6908646994  
1.725124363  
-3.31411921  
-2.60046557  
0.7045239764  
1.705413859  
-0.7570876163  
0.1364398427  
2.476011592  
-2.260185931  
-1.167080539  
0.6393198805  
-0.4562007337  
0.206459885  
-1.783679543  
-0.4892961123  
0.5196207256  
1.546137766  
0.4636560058  
-1.49899302  
0.5807586269  
2.69872586  
0.8353709584  
1.22659797  
-2.065799782  
