-2.819633946  
-1.79550018  
-1.021585694  
-0.426040319  
0.03771154965  
-1.351503654  
-0.8660790954  
-1.184305601  
1.59652496  
2.829027371  
0.8798206475  
1.852324592  
2.210465582  
4.407862391  
2.768780628  
0.02489631955  
0.7199895587  
-0.9413714186  
-1.652150015  
-1.769835717  
-0.9855916085  
-0.9012785588  
-0.6851527493  
0.003872423931  
-0.3952340623  
-1.397080122  
-2.296718668  
-0.2349192293  
-0.8159275834  
0.1868110125  
1.137030401  
0.5125638544  
3.052711468  
2.913227081  
3.347275081  
1.775363247  
0.7243091122  
-2.11145859  
-1.900088615  
-2.785994967  
-2.678013577  
-2.941583402  
-1.941147113  
-2.111065161  
-0.02055869269  
0.2662061113  
0.902831084  
1.873678739  
1.18413339  
2.596307297  
1.63248856  
1.553089118  
1.683708781  
-0.1104100096  
-0.8892301619  
2.03542191  
1.735721506  
0.1736442028  
-0.5628372125  
-1.587072209  
-2.359892686  
-1.997930929  
-2.163736951  
-3.803639679  
-3.642571367  
-3.348442487  
-1.365610064  
-0.03546632468  
-0.1145959826  
1.334107087  
-0.5794023629  
2.024263975  
1.289001839  
-0.005819371515  
1.008920756  
-0.4238058739  
-0.01438868033  
1.453251875  
-0.4879206658  
-0.6218083127  
-1.290866865  
0.8561793104  
-0.5308055897  
-0.01170680791  
1.48484684  
0.2103530575  
3.272266343  
2.969561613  
2.182594359  
1.731207216  
-0.6778860669  
-0.6747373853  
0.07722934222  
-2.305164751  
-1.593818327  
-1.993798239  
-1.926611417  
-1.268069593  
-2.275756768  
-0.8675799126  
1.126148378  
1.5010243  
3.354145566  
1.357006858  
0.7032519529  
-0.1488873883  
-1.346919505  
-1.669978117  
-1.353977915  
-1.288526699  
-2.454425141  
-1.198612985  
-0.2461853162  
1.535952148  
1.952558151  
2.882864347  
2.000254037  
3.475745466  
4.91005602  
3.762682448  
2.655083416  
0.9813496145  
-0.5417182087  
-3.530485583  
-6.189542399  
-3.552281322  
-4.309679518  
-4.300010578  
-4.271656697  
-3.959869501  
0.3802163992  
0.6769895504  
1.38805922  
2.208711522  
1.546340405  
3.506411392  
3.026992591  
2.166151656  
-0.0003864299521  
-0.1435356611  
0.007105936248  
-1.059255794  
-2.562801915  
-4.092902796  
-2.409531532  
0.9160802696  
1.352494853  
2.197944084  
0.341146606  
1.036072198  
-0.9191526304  
0.7136794758  
-0.4742197876  
0.1989332734  
-0.5637045581  
-1.49092179  
0.6580779061  
0.4670525485  
0.7580858644  
0.6462908057  
0.7065776398  
1.273869378  
3.905001335  
4.283335423  
2.412556557  
1.223117824  
0.3921246772  
-0.3681053266  
-2.661129269  
-2.793588985  
-2.481640984  
-1.895832017  
-1.241896522  
-2.011408229  
-1.43604742  
-0.9944022248  
-0.5963228046  
-0.266135831  
0.2181076634  
2.447026455  
1.933988742  
0.8229415334  
1.176189856  
-0.5707342099  
2.086483924  
1.487741397  
2.543939855  
1.158534189  
-3.385925944  
-3.066363285  
-2.716987105  
-1.88680602  
-2.932163793  
-0.5388033118  
-0.6575002157  
-2.518752521  
-0.3784979755  
-2.044661416  
-0.1849521404  
0.462686126  
1.284498862  
1.341361445  
2.163231243  
3.454264797  
1.777488582  
1.172140085  
1.230334723  
2.432174076  
2.090215504  
1.005309538  
3.173999718  
0.1900668503  
-2.200992184  
-2.578735497  
-1.747022202  
-1.680288655  
0.1384177685  
1.158444645  
1.275023513  
1.178699857  
-0.9207792052  
-1.827510702  
-0.9234799675  
0.5700891284  
-0.07564212752  
-0.6344664378  
1.454029579  
0.9628319807  
1.453041741  
-0.7510931558  
1.308957059  
1.154281291  
1.688226978  
1.728123332  
2.25140453  
3.650860783  
4.628350225  
3.310576545  
-0.2586662893  
-3.129047098  
-1.771012544  
-1.633848136  
-3.368027134  
-4.516582273  
-3.779631966  
-2.451472841  
-0.9943571008  
-1.063629993  
-0.4935091561  
-1.171444786  
1.372190633  
2.25288551  
3.363110441  
2.408548726  
1.13684347  
1.180748668  
0.3507494541  
-1.605794262  
-2.803875931  
-0.8416787617  
-1.438955756  
0.9130938956  
1.009716325  
-0.8174625395  
2.510522339  
1.424119155  
2.63292557  
3.01889989  
1.171633106  
-1.278192809  
-0.3957420243  
-0.7770879559  
-2.267268093  
-1.698011372  
-2.301013156  
0.4652390057  
-0.9547719604  
-2.823621847  
-3.260310404  
-3.793142561  
-1.304625  
-0.7894836579  
-0.4377508003  
-0.3673990583  
0.7723756142  
-0.7930665614  
2.571798441  
2.453349059  
2.52992054  
1.016199003  
1.195810166  
-0.07653133378  
1.822887666  
1.280580897  
-1.451301375  
-0.4359942327  
0.3206275099  
0.9769390699  
0.1109550155  
-1.0962124  
-3.697737379  
-2.490942507  
-2.000421676  
-2.427855273  
-2.152299172  
-2.958348724  
-0.3138478466  
0.06766594622  
0.8827232785  
0.4458348501  
1.448129587  
3.740621563  
4.402561857  
2.897510008  
2.807316054  
2.106651305  
1.608587995  
1.773315777  
2.257243764  
1.468746139  
0.01243961651  
-0.5950434128  
0.8733094731  
0.2503697139  
-1.183142483  
-0.447530163  
-0.9117418707  
2.646230079  
2.279483919  
1.265448274  
0.07185482452  
-0.659182228  
-2.008185437  
-0.6200351822  
-0.2050987913  
-3.625747515  
-1.505534554  
-1.722600791  
-2.36076682  
-0.7427345428  
-1.688507115  
-0.2202194893  
0.2167577917  
-0.2231055134  
1.285926366  
1.156815998  
4.819605528  
3.091060595  
0.9255005089  
-0.8252135968  
-1.835165285  
-3.860307027  
-4.795019333  
-2.694564948  
-4.308131024  
-2.999101075  
-3.460735875  
-3.438933381  
-2.513386607  
-1.075944168  
0.1621367556  
0.7296049494  
2.021092649  
3.550116895  
2.638814334  
2.663297794  
1.746818826  
0.9450886167  
-0.8972459679  
-2.10280268  
-0.6030492971  
0.2665535639  
-0.9525037896  
-0.4954444436  
-0.6555325289  
2.523492635  
1.846158062  
1.619459331  
-0.7081479286  
-1.299673014  
-0.4062434793  
0.9559152531  
1.791253832  
0.2745316774  
0.7033136552  
-0.07263967032  
1.765177018  
2.022938411  
2.498231299  
2.155661101  
4.31235106  
2.735480366  
2.261620056  
1.617290877  
1.041289333  
-1.56438054  
-0.2253550766  
-2.379513479  
-2.566522911  
-1.742133795  
-0.3832861762  
1.335537898  
0.3940059369  
0.05852913129  
-1.346751811  
-3.275862931  
-3.465809453  
-4.247526506  
-3.515341145  
-1.028157595  
-0.5345481004  
0.09714637118  
1.637194733  
2.98487689  
4.534609179  
3.061052411  
1.313772222  
1.118040724  
-0.964511285  
-1.09448457  
-2.349097817  
-3.481032796  
-6.358990291  
-2.692872849  
0.6440865806  
-0.3734087778  
0.354127567  
-0.1434573307  
1.975666437  
2.498967694  
2.787162625  
2.383791452  
2.957446976  
2.079571078  
3.60817888  
3.366756561  
0.4840429086  
-1.924747383  
-3.251866764  
-0.2012939616  
-2.804630975  
-1.942184521  
-1.607435918  
-2.04704949  
-0.1055805946  
0.1188079421  
0.1545942453  
0.527001635  
0.2607132636  
0.6197662208  
0.3478407966  
0.1396810268  
-2.690663628  
-4.196798205  
-2.693440733  
0.4246003881  
2.030541319  
1.966599867  
1.594464949  
3.657848358  
4.19544231  
2.753747  
2.867656055  
0.1621004034  
0.2845326625  
-0.3004748355  
-1.650082745  
-1.565167539  
-1.213490545  
-0.8422192501  
-2.424086708  
-1.78355629  
0.1034639576  
1.461942974  
2.449112475  
1.955087634  
1.632601094  
-1.730440951  
-3.885032213  
-4.744079704  
-1.958626361  
0.1305523564  
0.7931320014  
0.8152298652  
1.052175081  
0.8818703994  
-0.394407382  
1.240964745  
-0.3032784813  
2.554577699  
3.752382988  
1.553020343  
-2.335906955  
-4.526314038  
0.3611733272  
1.843441216  
0.2239871242  
-0.01481364196  
-2.08598802  
-1.082331876  
-0.3866572405  
-0.83971832  
0.417542692  
-0.5417013141  
1.952673317  
1.601171166  
2.15038408  
2.118498505  
-1.507613946  
-1.790560534  
-1.013464505  
-1.439419686  
-0.9986196197  
-3.426182216  
-1.034467521  
-2.245975278  
-1.37559458  
-1.192075707  
-1.044115252  
-1.286823021  
-0.8133663695  
-0.6406406327  
-0.96507414  
0.8874526106  
2.718077275  
3.817368133  
2.799787191  
3.177472359  
2.057553313  
1.73446341  
0.5738844142  
-0.07950132158  
-0.8320718228  
-2.602922775  
-0.8743879837  
0.01942916643  
0.5028166913  
0.9579222731  
-2.341509941  
0.476214012  
-0.4506329063  
-1.53830748  
-2.072351821  
-3.216122623  
-0.577649762  
0.6259221934  
2.27190899  
1.885315987  
2.574484932  
3.596941474  
-0.3881964428  
0.2963960136  
-0.07117543894  
-0.212959953  
3.379954082  
2.774076109  
4.082236211  
2.383773226  
-2.133749704  
-2.53176547  
-3.448588003  
-2.336409636  
-0.1701910684  
1.333192806  
1.567672496  
4.260885164  
0.4257740278  
-2.489068643  
-2.601336208  
-0.9790969838  
-0.1924834407  
-2.611312747  
-3.637166712  
-3.179095197  
-3.697639989  
-2.722697587  
-2.273992367  
-0.00141672386  
1.339594707  
1.295481147  
1.344705039  
0.4482339837  
3.018220444  
1.882205149  
0.4918442455  
-0.3302984212  
1.038184976  
1.829826364  
1.133576356  
0.5815687662  
