-1.648843576  
-0.6264622917  
-1.349129458  
-0.1702767771  
-1.919235352  
-2.581163154  
0.8144431116  
0.6670451597  
1.616736842  
0.1514634792  
0.7014284679  
1.548604682  
0.2803534393  
1.441952326  
0.4484105473  
2.575664196  
2.02653089  
2.658826546  
0.397430942  
-1.438314642  
0.1131665065  
-0.3879704427  
-0.1519503449  
-0.2532580807  
-0.4076133593  
-0.8939249139  
-1.639639683  
-1.091533882  
-1.812843406  
-0.4240231588  
-0.9856055429  
0.211607059  
1.146864279  
0.1514028081  
-0.2381668604  
-1.07942824  
-0.5642528446  
-0.3200304298  
0.8243933159  
-0.370755511  
-0.5980953369  
0.09042963846  
1.679357565  
1.417400152  
2.05311175  
-1.785319258  
-1.692649015  
-0.02718387767  
1.278789171  
1.403153873  
-0.09327079962  
0.3512747338  
0.2458964115  
2.081196222  
-0.5414617622  
2.295905699  
-0.7365787143  
-0.4067551216  
-0.375746212  
0.340726281  
1.348959352  
-0.09071866915  
-0.9714112977  
-1.798985161  
-0.2401011601  
-2.294806619  
1.49302573  
-0.8958132644  
0.1735808844  
0.7957643223  
-1.125038182  
0.9918337872  
-0.9019321591  
-1.886630694  
-1.657135228  
-1.79263519  
1.433105804  
-0.3127738565  
-0.05099145399  
1.414974679  
-0.8918842675  
1.444363872  
0.1041108414  
0.2165443473  
-1.550934475  
0.4186929007  
1.171845326  
-2.681287785  
-1.413599299  
0.9866659825  
0.5367559944  
1.021154071  
-1.085817973  
-1.328730481  
-0.3828433177  
-1.634188536  
1.482021646  
-0.2310829164  
-1.10553358  
-1.260547647  
-1.694249567  
-0.9700533119  
-0.3830428317  
-0.6432384392  
0.650987399  
1.28294205  
1.278188552  
-0.5688146699  
1.261810605  
2.009361112  
2.603872287  
2.497686287  
0.9415568746  
-0.5349184871  
-0.6924479354  
0.386813264  
0.09725384887  
1.587082103  
-0.2170491057  
-0.9176266653  
-1.106315394  
-2.454034572  
-0.8273369858  
-2.482143802  
-0.9289055566  
0.1650417242  
-1.095607932  
-0.9517105429  
-0.5687619489  
-0.9228881745  
1.840760193  
0.7974554893  
0.2334684833  
-1.456722592  
1.242306889  
1.332912294  
1.452683482  
-0.1131995251  
-2.010156414  
-0.1262450901  
0.6451849862  
1.27531715  
0.3733664007  
-2.018843425  
-0.976467301  
-0.3023040424  
1.581582456  
0.9570698389  
-1.983459623  
-0.2512821748  
0.105333175  
2.51024764  
0.8538773381  
1.322131604  
-1.662768392  
-1.451378671  
0.1620401107  
0.3245282038  
-1.853781141  
-3.271140708  
-0.7493523149  
0.6723395449  
0.9826468083  
-1.28814485  
-1.133421902  
2.150335609  
1.476778433  
1.907440287  
0.2573358487  
2.861609816  
1.882360876  
2.274351267  
0.5371541322  
-1.38978435  
-0.3882221886  
-1.604321128  
-3.260461987  
-1.779573625  
0.08776839401  
1.504116117  
-0.1431689154  
1.344845899  
-1.367551073  
-1.065406566  
1.465990673  
0.4731987789  
-0.3212311207  
-2.01933103  
-0.9595418386  
0.6231124976  
-0.4410847105  
-0.3491422481  
-0.603100463  
1.527450542  
-0.2407265186  
-0.187505841  
0.3225892118  
1.002767401  
-0.8553395568  
-0.6843029784  
0.0612567466  
0.6574646538  
1.362082811  
0.6924514006  
0.1830666234  
-0.5709603382  
-2.545927529  
0.5637543464  
-0.6682169718  
2.416062212  
2.96636549  
3.087581057  
0.9637149052  
-0.9174842267  
-0.3146542803  
-0.2333823029  
0.4950745454  
-0.5920549853  
-0.3334724884  
0.9625945978  
0.4115866961  
-0.6831815826  
-2.018998141  
-1.727731961  
-1.681634795  
0.8668166106  
2.256373451  
1.77083827  
1.167644005  
-0.864277168  
0.02204793997  
0.4061596208  
0.529492666  
-0.7635395182  
0.6356967583  
0.8344022094  
1.780855553  
-0.5430274221  
-3.045059155  
-2.237155889  
0.2625569632  
-0.7220185323  
-0.4751220187  
0.3577187045  
-0.8023650187  
1.318195851  
0.8475109322  
-0.390993375  
-0.211565235  
0.2372346697  
2.342593697  
0.2743106704  
-2.40053662  
-2.418199776  
-0.4788552425  
-0.6161458838  
0.1451768771  
0.3951330177  
-0.6146928053  
1.015822731  
0.0498777881  
1.698613665  
-0.817135576  
0.1257650971  
0.5600797146  
0.5463516965  
1.836104227  
0.8590971514  
1.147258028  
-0.7086702681  
1.771685614  
1.344685414  
1.576982956  
-2.202787706  
-0.9010550263  
2.086505234  
-1.087551977  
-1.036600274  
-0.2072771628  
-0.1762375219  
1.651409673  
1.08680311  
0.7553012455  
-0.2938170823  
2.233071993  
0.7451495589  
1.213462371  
-0.922099632  
-0.9594996648  
-1.576111685  
-1.873382919  
-1.992287427  
-0.515030583  
-0.6238730746  
0.4773248928  
0.1000913935  
0.7111618485  
-0.01420586502  
1.010430041  
1.541057922  
-0.4541646401  
0.9001986707  
-1.284081771  
0.1441991094  
-2.644862553  
-2.220703231  
0.8487882826  
1.067170333  
-0.8009959925  
-1.155217394  
1.241076834  
1.257550634  
2.145154328  
-0.1579073745  
-0.9313237438  
-1.324775341  
-0.07489151557  
-1.393123701  
0.7169391939  
-0.6560976009  
1.050303825  
0.7785303137  
1.751278619  
0.1344919044  
1.258131938  
-1.367117701  
-0.9091883958  
-0.4066500155  
0.3524038635  
0.8527025599  
-0.7498930288  
-1.068101594  
-0.9650798514  
-0.4740281376  
-1.308641971  
-0.6801988309  
0.6659319044  
-0.2720343101  
-0.4656062911  
-0.6707200897  
-0.1389505186  
-0.7767485499  
-0.9277599217  
-0.5507443479  
1.186709569  
1.195196534  
1.704520513  
-0.299017619  
4.925833679  
-1.357688509  
-0.4876202151  
0.1417392435  
0.5604066431  
0.4662634107  
-1.856913164  
-1.995514836  
-2.409200422  
0.5460589921  
0.9267112809  
0.5718602413  
0.3391248629  
-0.7102454713  
-1.041533073  
-2.317085851  
-0.3839680415  
-0.04737554505  
1.025690312  
1.370135109  
0.5921174035  
0.4535912596  
1.214498023  
-1.738665795  
-1.536303856  
-1.153760635  
0.1296096496  
2.199508267  
-0.7333572133  
-0.7932361953  
-0.651667174  
0.5513540827  
-1.216766112  
0.5640040542  
-0.1286117168  
-0.3013792259  
1.915332198  
0.6037069843  
1.303517811  
0.7243834882  
2.642854108  
2.703987228  
3.378053871  
-0.1321614998  
-2.338367494  
-2.445870892  
-1.339562054  
-0.9047389451  
1.985866576  
-1.477079409  
-1.18975125  
-2.094813709  
0.3084922238  
2.489011209  
0.7806366746  
2.020347812  
0.2279327666  
-0.3771057624  
-0.7298303955  
-0.4762679518  
-3.105866665  
-2.467855772  
-1.343348162  
1.224205481  
0.8184133577  
2.00107348  
2.340274794  
-0.0997011821  
0.5440711532  
-1.309160223  
1.171267192  
-0.2297227081  
-1.229812418  
-0.6721977342  
-3.001189461  
-0.6860287867  
0.5746789101  
-0.7857928623  
0.6635648309  
1.18710912  
1.378365299  
-0.1732652856  
0.3823763264  
-0.5867175387  
0.00949297532  
0.5730625943  
0.1907643739  
-0.133552808  
-0.3454470265  
0.8966399284  
1.072263823  
1.394369054  
-2.239092348  
0.05037204593  
-0.9644292333  
-0.3176966426  
0.5103062763  
-0.9395211327  
0.796414267  
0.09337414012  
0.3031386133  
0.4344598576  
0.1176530328  
0.1351441457  
-1.846279682  
-0.295111825  
0.010418567  
-0.3256992464  
1.10734805  
0.9042757743  
3.699026927  
3.020859112  
0.8922956663  
-0.09758825527  
-2.088594388  
-0.8081862661  
2.271405078  
0.2878336015  
-0.2816678858  
-2.311734559  
-1.349189809  
-0.6648627826  
-2.297317852  
-1.469492596  
-0.6747838991  
1.828580753  
2.764491339  
1.729554031  
0.8886130664  
-0.9402934682  
-0.3678955741  
-3.762721403  
-4.19777855  
-3.610711772  
0.02626776488  
1.246975157  
2.078657246  
1.648553129  
-0.33355861  
0.8673450348  
0.7131030807  
2.691659558  
0.3467072425  
0.5726713659  
-0.140849652  
-1.182001292  
0.1106827881  
0.4420331165  
0.2624849539  
-0.860553044  
0.666144862  
0.6221732824  
-0.6467937586  
-1.113352381  
0.5388601814  
1.243536038  
0.862535523  
-1.361476189  
-0.247490766  
0.5598933192  
-0.1775380862  
-0.6925851517  
-2.323928112  
-0.141049787  
-0.2367470554  
-0.06026465839  
-0.8285922425  
-2.345613703  
0.006283137192  
0.05506701354  
0.3102609444  
-1.542553804  
-0.7688434674  
-2.188198582  
-0.9393398276  
0.6123122505  
1.013130941  
2.513051356  
1.042314056  
2.025209458  
1.986065051  
0.7886160755  
-1.616920562  
-0.5687542653  
-2.095753772  
0.303339885  
0.6407693011  
-1.084639229  
1.19499462  
0.5030294796  
1.073749336  
0.7281300214  
-0.8204990931  
-1.221800449  
0.05208279976  
-0.08521262783  
1.503975751  
-2.615354336  
-0.7852658952  
-0.6092767188  
1.290348129  
0.0706702144  
-0.9778442012  
-0.415665512  
-1.454336811  
2.265663432  
3.445190397  
0.9308530515  
1.963255456  
-0.7336676528  
1.00655699  
0.83180521  
-0.01027450871  
-0.9428634124  
-3.756664765  
-0.4828727501  
0.2906932512  
3.447506327  
-0.6669948539  
-0.859695505  
0.6449413835  
0.379345652  
0.8245335493  
-0.8671421117  
1.444251197  
2.405244699  
1.558882872  
1.579446518  
1.434844632  
1.043112216  
-2.425158047  
-4.13667593  
-1.864902977  
0.2755745245  
0.688836415  
-0.3637082177  
-0.1744793325  
1.332136128  
-0.3994741027  
-1.175558895  
-1.572928328  
0.8947331468  
