-0.01740599989  
-1.438679913  
-1.489103312  
1.01286169  
0.1533043407  
0.9467490274  
-0.829230204  
0.1129988513  
3.443516334  
2.302017766  
1.880106777  
-0.3438691639  
-0.50173767  
-1.028779049  
-0.03778293545  
-1.097841588  
-0.17921179  
1.354920666  
-0.1973715708  
-0.06893729896  
-1.524856861  
-1.9632364  
-0.6751807246  
-0.5787923713  
-0.5945972416  
-0.3784921712  
-2.39880142  
-0.9560396905  
0.3464943661  
-1.243537887  
-0.3642617728  
-0.2963740793  
1.784671178  
2.237498905  
1.770410019  
2.13247519  
0.6648233863  
-0.7704285842  
0.7635293554  
0.3068842349  
0.06296097112  
0.2482296356  
0.736840829  
0.3186059975  
1.024540291  
-0.8047579625  
-0.609825739  
-1.263253615  
-1.500618885  
0.7759460821  
1.055869676  
1.574984635  
0.1919326746  
0.7012915169  
-1.540920343  
-1.54202075  
-0.563511953  
-0.8823475528  
-1.552375437  
-2.438018017  
0.7667373521  
1.887987528  
1.812456032  
2.421613832  
-0.4018110235  
-1.298848689  
0.8879305472  
1.692263948  
1.752377018  
-0.444438481  
-2.137121886  
-0.06602520043  
1.372404515  
0.5271791184  
-0.5648309922  
-1.829816956  
-1.376575438  
-2.207834039  
-2.20740349  
-3.717393127  
-3.231853537  
0.3621813151  
1.363079383  
1.1085341  
0.784695778  
0.3810225664  
1.402773482  
0.1673068715  
1.216018297  
0.317858629  
0.7586913946  
1.17785015  
-1.026156153  
-0.06184466838  
-0.8694486554  
-1.073786184  
-0.4765534144  
-0.237164576  
-2.854795135  
-3.568836255  
-2.021243272  
-1.071359696  
-0.4151366998  
0.4161838834  
-1.477646263  
-0.1189191527  
1.227231262  
2.288513966  
1.947046191  
0.1720978931  
-0.6223007869  
0.7903222938  
1.137271134  
0.04930707294  
2.081718515  
0.01444310586  
-0.02049629802  
1.74121177  
1.052423484  
-0.466939894  
0.8004318724  
0.2424313651  
-0.3503531842  
-0.5349430771  
-3.161883014  
-1.719562367  
0.2005782425  
0.4816458182  
-0.04314405083  
-1.906997399  
-0.4173601181  
0.6599648877  
-0.382088761  
0.2794462265  
2.07008591  
3.633637601  
3.692786809  
2.889131404  
0.5217943275  
-0.7517629026  
-1.466867938  
-0.6458078281  
-2.122679201  
-2.75639361  
-4.78772328  
-2.55439084  
0.03992172367  
-0.8493497854  
-0.7883143047  
-1.219025605  
-1.168116125  
1.435453305  
2.469900744  
2.462443792  
0.7289853206  
-0.9599946801  
0.2602762862  
0.8156258178  
-1.103925765  
-1.686176914  
-3.503201654  
-1.733157298  
0.192232845  
-0.112993708  
1.229904965  
0.1977739251  
1.40448367  
3.12468797  
3.09648985  
0.858236861  
0.4565893395  
1.509102321  
-0.2720698413  
-0.5831183059  
0.5403564607  
-1.305363172  
-0.9849214214  
-0.9257948147  
-0.9320403833  
0.417809223  
1.191697928  
-0.04064339383  
-0.7839247772  
-1.384365416  
-0.4822027231  
0.2143318646  
0.8283412491  
1.354080087  
0.4971031332  
1.080949863  
-0.464042898  
-0.4564260445  
-0.482685449  
1.361204405  
1.644184851  
0.05938363011  
1.192459503  
2.507766387  
-0.627420474  
0.8511880233  
0.1567413674  
0.1911441843  
0.9531466195  
0.09074489804  
-0.3780035559  
-1.553791894  
-1.474173538  
0.2604496092  
0.6330004388  
0.12717984  
0.7209715842  
1.272562671  
0.0709238113  
-0.285506582  
-2.795479699  
-2.324880146  
0.308279569  
-0.3041742658  
1.65369995  
0.5059363361  
-0.2427310518  
0.1478094054  
0.9633980036  
2.180657016  
1.645962332  
-0.1224978646  
1.447720585  
0.2193640498  
-0.2032574004  
-2.00859546  
-0.608635928  
-1.214660236  
-1.010860817  
0.1739020943  
-0.7101639227  
0.4857991999  
2.090524542  
1.964001648  
1.565981124  
-1.636303513  
-1.030236694  
-1.269995396  
1.064712532  
-0.384575393  
-0.6309791072  
-0.01452019617  
-0.3076335723  
1.097160405  
-0.4845434794  
-0.7708467752  
0.8215455034  
-0.1036601417  
-0.6084308251  
0.1772144325  
-0.5496325112  
-0.04468951779  
0.0390616844  
-1.447071851  
-1.30397457  
0.08175937889  
0.8597699001  
1.847805929  
1.443606243  
-0.4430576484  
-1.147004865  
-0.5259314462  
-1.081856515  
0.0394038826  
0.42054284  
1.681991042  
2.398127052  
1.207044627  
0.6006829866  
-1.353582745  
-1.670341435  
-0.6489847205  
-0.4487306076  
-0.591067687  
-0.654530405  
0.9094584505  
1.377798578  
2.220315132  
0.2086670242  
0.1720164957  
-0.8774217197  
-1.484652614  
-0.4221120451  
-0.09530981675  
-0.3211419008  
-1.277211977  
0.4591337145  
0.09618969925  
-0.2801760382  
1.34590555  
0.2597219297  
-1.08646226  
-0.5839100984  
-1.173275213  
0.8520391939  
0.6343585659  
-1.469629418  
-0.1293947125  
-0.344078014  
0.244218031  
-0.2787113601  
-1.5363928  
-0.3423168741  
1.196857918  
1.922288161  
2.666888502  
1.738303885  
1.192643047  
0.9210817416  
0.9452443522  
-0.3816047985  
0.2982827895  
-1.323188286  
0.2903344889  
-0.4949344302  
-0.3955544323  
-0.8653582943  
-1.667250881  
-0.9426878424  
-0.6630197677  
0.2292476237  
0.1004307144  
-0.7789675456  
-1.061361897  
0.4406433569  
1.478282407  
2.362448655  
1.339834488  
1.03441098  
-0.6929587279  
-2.378695145  
-1.887459768  
-1.243845864  
-0.6788292264  
1.550167608  
1.427509346  
2.249604801  
1.487832798  
1.860187034  
1.047128305  
-0.07488238364  
-0.496831231  
-0.9515675357  
-0.09961757807  
-4.619153692  
-1.27380736  
-0.4041096187  
-1.162754356  
-2.334931625  
-2.804691169  
-2.419128673  
-2.438176229  
-0.6916359369  
-2.55070947  
-1.822372624  
-1.140560885  
-1.118843063  
0.2859902463  
1.456803323  
1.189980908  
1.678449043  
1.881500629  
1.044979905  
1.277394513  
0.4112028969  
-0.2199186091  
0.6685875326  
-0.08654190733  
0.6771388649  
0.4769842393  
1.032796254  
1.219284831  
0.2551269523  
1.452662452  
0.2499435451  
1.514169469  
0.6115972524  
1.271640169  
2.710796273  
1.3551707  
0.2780094652  
-0.3362081193  
0.1034868179  
0.5627848461  
-1.603659687  
-0.3023825741  
0.7809969749  
-1.095972696  
-1.778487317  
0.5977947094  
-2.32703222  
-2.142745386  
0.2728220523  
-0.4023079045  
-0.7806380377  
1.673008232  
1.096694265  
2.27880425  
1.291036157  
0.9099262847  
-0.08711479681  
-2.674908979  
-1.135838598  
-0.01066282299  
-0.5777526606  
0.6607160198  
0.4991101314  
0.3461355693  
-0.4042370646  
1.892518245  
0.05099451048  
1.101336987  
-0.3283160571  
-0.3234283969  
0.5722748743  
0.053874793  
1.760654848  
2.192241846  
0.2778627464  
0.5496530072  
-1.375569111  
-0.6175979353  
-0.05321976475  
-0.8670746453  
-0.9405738913  
-1.413149397  
-1.600606444  
-0.5425288523  
-1.317907991  
-0.3964640441  
-0.3547390293  
-1.23070127  
0.4079440289  
-0.2651589862  
0.2282815247  
0.3212610399  
0.949171615  
0.8418879407  
-0.6769706273  
-0.002405987387  
1.033768314  
0.3144351008  
-0.4175542702  
0.4868536088  
-0.6057325122  
-0.4984964132  
-0.1847926905  
-0.2576987051  
0.8881179143  
0.3033577432  
0.2647233897  
-0.5189549502  
0.8901330738  
1.946668003  
1.434604971  
2.405420888  
2.139205353  
2.804005965  
0.8606272209  
0.9728823834  
1.158758127  
0.5176144444  
-2.170251287  
-3.296845047  
-2.116474176  
-2.632985409  
-4.149290358  
-3.400069889  
-2.319392716  
0.4046592987  
-1.227246507  
0.1190287526  
-0.5624222691  
-0.7539848172  
1.166985078  
0.5325736228  
0.589292237  
0.9071805632  
1.139009013  
1.01292914  
1.040041687  
0.4252409484  
0.4115718047  
-1.362600963  
-2.055320914  
-0.8951861999  
-0.004404857526  
1.765354027  
0.8802250902  
-0.2719895989  
0.8265032564  
0.2529608246  
1.594482802  
-0.2064665916  
-0.1523824093  
0.0258355435  
-2.610398145  
-0.8441166318  
-0.6927604198  
-0.2324392415  
-0.4351550756  
-0.483880593  
0.7577034724  
0.004647199569  
-1.261853215  
0.5792377147  
0.6685731191  
1.242582936  
0.2882148792  
-1.074069963  
-0.89966851  
-1.27063261  
-0.1808385757  
-0.4645993005  
0.1226662679  
0.1803927491  
3.197236772  
3.362898112  
2.821691662  
2.515832091  
2.577175349  
-0.5535198604  
-0.0410762433  
-0.4453645603  
-0.5469786515  
0.02095180329  
0.8896420691  
0.5612033245  
-1.532821738  
-1.857122663  
-1.802503741  
-1.403648414  
-1.890609487  
-1.618246688  
-1.360333081  
-2.015119883  
-2.280557242  
-0.9014908612  
0.5945021912  
1.872427878  
2.728591364  
3.125034299  
1.497136979  
0.4435489159  
-0.3172581332  
-0.3802832982  
-0.4585765719  
-0.06111854347  
1.06868258  
0.5933263022  
0.4391955489  
-0.5396253373  
-1.183098363  
-0.5353991369  
-0.7985222468  
-0.653190889  
-1.5731931  
-1.105877908  
-1.235913096  
-1.023358527  
-0.4149953933  
1.728187748  
1.39244963  
2.191643362  
0.1399390957  
1.007147181  
-0.9106822283  
0.6674167598  
-0.412800806  
1.655032226  
0.2741148336  
1.110683006  
0.1462537837  
0.6474176902  
-0.5737169519  
2.791346666  
1.265831934  
1.756170308  
0.519669317  
-2.181318177  
0.291672761  
-0.9786433335  
-1.133203636  
-2.414603105  
-1.389797337  
0.07513331874  
