0.1126892984  
0.4125362583  
-2.307687868  
-1.747727598  
1.426066929  
2.079767528  
1.223628988  
-0.4643323024  
-2.760803378  
-0.1054384233  
3.017001625  
0.6331263474  
-2.350531444  
-0.9868660854  
2.02015616  
-0.4357570046  
-1.894919928  
0.407199702  
1.26817784  
0.8739126144  
-1.177733006  
-2.26273099  
-0.1688648684  
0.874498387  
3.036272003  
2.527858831  
-0.2200983919  
0.1876582107  
-0.9875513618  
2.250534544  
0.8507710071  
-0.8323380876  
-3.387903214  
-2.282615762  
-0.05325925516  
2.490613746  
4.381575803  
-0.07216808186  
-1.298005718  
0.2275328721  
2.414443315  
1.809603089  
-1.760901788  
-3.132771505  
-1.685889464  
0.1191246296  
1.296175094  
0.2476809737  
-0.7622250125  
-3.137543687  
-0.6934864804  
2.418681087  
1.281882567  
0.2811775748  
-2.01978619  
-4.074899177  
-1.576946438  
1.151095127  
0.507294997  
0.119304007  
-1.946217175  
-0.1752543773  
1.83631967  
2.855028933  
1.356849709  
-0.3228623362  
-2.723668979  
-1.776611158  
1.691996143  
0.7436160647  
-1.228631129  
-1.324609477  
-1.902952296  
0.6337605793  
3.075687865  
-0.4491777469  
-1.773261322  
1.702027748  
2.552913105  
2.142290404  
-1.610297114  
-1.312347412  
-0.03761769899  
2.364336016  
1.484579541  
0.198411699  
-0.7315905417  
0.9794133372  
3.038699043  
1.714901742  
-3.135008226  
-2.539807447  
-0.7526396676  
0.7635116446  
0.02465618902  
-4.409008624  
-2.82723012  
1.313479161  
0.6450459036  
-2.610700651  
-2.393295256  
0.1676493468  
1.214322661  
1.160204333  
0.5231436697  
-3.336083401  
0.3787881042  
3.397673529  
4.427616674  
0.9882558361  
-1.869144038  
-3.151705961  
-1.73259535  
-0.7937459307  
-0.1830451932  
1.485839078  
-0.7914404394  
-1.412898134  
-0.09842462822  
2.362917224  
-2.081330631  
-0.6993392322  
1.371017148  
1.777047956  
0.1814654349  
-1.008963997  
-0.8542180892  
0.8384445453  
1.568777918  
-0.6487960136  
-0.3176858691  
2.434149352  
3.212831673  
3.314148686  
-2.17130052  
-0.1012299473  
-0.7195341445  
2.887547712  
1.64342888  
-1.078764526  
0.2461266718  
0.001534224028  
3.390273304  
1.029824309  
-1.195482589  
-2.434887197  
-3.929130064  
1.445065657  
0.504185384  
0.7935013569  
-2.501495298  
0.001540989534  
1.273002053  
3.563514385  
2.178882426  
-0.3968213775  
-1.655901037  
-0.7233828258  
1.094193536  
-1.392150382  
-1.355813926  
-1.193469228  
-2.744411783  
2.618217375  
1.441155148  
-0.5669809718  
-1.071271971  
-0.07561906799  
1.592122688  
0.7314964449  
-2.748536171  
-4.755382908  
0.9813146073  
-0.2080259345  
-1.491730053  
0.3657349161  
2.012591296  
1.013696342  
-0.9415488904  
0.5483321718  
0.02465659048  
2.903000657  
1.44029419  
-1.602091737  
-2.398863882  
0.3076562696  
1.275299561  
1.377329597  
-1.775034109  
-0.1160022629  
1.570663543  
1.52378269  
-1.685349084  
-2.415893345  
0.8352774357  
1.298416491  
-1.665288714  
-0.9916593789  
3.748555117  
4.831241311  
-1.096094892  
-1.080499018  
-1.408873035  
-1.025093431  
1.393627095  
-2.730772878  
-0.1264438812  
1.658054014  
0.06916143165  
-0.8392881472  
-2.42052236  
-0.08973314052  
2.785302232  
1.044346221  
-1.210165362  
-2.324249104  
-0.5872611369  
0.6941433639  
1.033335865  
0.698333931  
-0.9177267717  
-1.354449668  
1.691722958  
2.464440338  
0.4428653515  
-1.573035795  
-1.300924782  
0.3698983831  
0.9900905053  
0.1630301948  
-1.888154784  
-1.181533655  
-0.2184781191  
0.8001087992  
-0.4288932244  
-1.756451416  
-0.2988564528  
1.653692254  
3.649674784  
-0.1283445973  
-0.5829239235  
2.417272817  
1.091548196  
-0.5736101342  
-2.481746123  
-1.613779419  
1.53578632  
0.0305742032  
-2.212557099  
-1.263598074  
-2.504336162  
2.298714269  
0.09780186155  
0.03987178118  
-0.6395989831  
-1.631638066  
1.051621064  
0.9160839012  
-1.653888265  
-0.6652268455  
0.8071922609  
1.369758282  
0.4344379924  
-2.598607796  
-2.679155927  
0.01399229266  
2.38206583  
1.621416344  
-0.3699480552  
-2.842619683  
-3.268348999  
2.496306659  
2.243400013  
0.83472858  
-2.738710053  
-2.439389018  
0.3308614906  
1.404551213  
1.551762275  
0.5293037756  
0.2476701482  
2.954635552  
2.170418336  
2.019681774  
0.9710336132  
-2.306279253  
-0.7983205159  
0.8994726293  
1.43143826  
1.273890857  
-1.269386764  
-1.611115605  
0.01809505087  
0.1956255069  
-3.208483114  
-1.591817817  
-0.993620276  
0.7525290778  
-0.3051829547  
-0.3439732487  
-0.6905385601  
0.2606821528  
2.595772766  
2.916044903  
2.454147318  
-3.232755798  
-1.493780746  
0.5958112858  
-0.0775265236  
0.9212540154  
-1.030135366  
-1.786128652  
0.3445896924  
1.127054212  
2.087084893  
0.01544372466  
-1.657997898  
-1.333814629  
-1.182594275  
0.3434884803  
-1.141794038  
-2.326997668  
0.6758308459  
-0.5034958676  
1.717667414  
1.535037804  
1.766614145  
-0.342495241  
-0.3659536309  
1.205267519  
-0.09131339908  
1.209964192  
-0.8835012882  
1.380441732  
2.813321199  
1.037076953  
-1.521654303  
0.4040974613  
0.5168547365  
-0.9934449647  
-1.048789059  
1.024082003  
1.648681077  
3.52304963  
0.7333696866  
-2.340298848  
-0.8695201833  
0.5366382793  
-2.313198048  
-3.467603949  
-0.2667640909  
0.4863135776  
-2.109723621  
-0.5189744212  
1.681082984  
1.548560777  
-0.740853854  
-0.8057097877  
-2.23624851  
-2.462022726  
0.3094416382  
2.368505836  
-0.9722075961  
0.3906848386  
-1.243360537  
-1.934252413  
1.521509004  
2.779363575  
0.5703750677  
-2.490196126  
-2.329910968  
0.8009061172  
2.672740334  
-0.1450204571  
-3.231015999  
-1.630804041  
1.762545747  
1.688781251  
-3.167882628  
-2.047630446  
0.1274186516  
1.631501621  
2.500392391  
-1.039881893  
-2.494067178  
1.649638338  
1.875002517  
0.2511285762  
-0.9953192827  
-2.31858427  
-1.315239011  
-0.5474704718  
1.980232555  
2.081176353  
0.476946841  
-0.575543528  
0.6721203735  
0.6878092492  
2.236226458  
0.8598902822  
1.082227739  
-2.015092491  
0.4865058984  
2.400909718  
0.4548805721  
1.196759801  
-1.695288014  
-2.50215516  
0.328183436  
1.43913581  
0.6799247394  
-1.605374863  
-3.83192323  
-1.053568363  
-0.03749101469  
0.1080136097  
0.888542944  
-0.1878901754  
2.049917566  
2.389217998  
2.592245553  
0.1016824412  
-0.1786795047  
-0.3025673402  
2.296853678  
3.514234644  
1.626654853  
-1.488762733  
-2.618805529  
-0.8882724001  
1.765513876  
1.402653328  
-1.457071808  
-2.144678902  
-1.179274015  
0.8847815139  
3.140996674  
-0.1391111392  
-2.097862331  
-0.09762665799  
-0.4076671541  
1.301837325  
0.08569092586  
-3.141426321  
-3.739402795  
-1.568475043  
2.635449217  
1.497014696  
1.555221472  
-2.215145745  
-0.6667412952  
1.253679509  
1.055892663  
-0.7836315033  
-1.563713751  
-0.1209801506  
2.365322544  
1.65689292  
-2.250246261  
-1.525848379  
-0.01543386673  
2.210991139  
2.344811569  
-0.2842533188  
-4.708696068  
-0.6438689715  
3.273686502  
1.650307526  
-2.008002156  
-0.314354812  
1.685239066  
0.7825312415  
-1.242314871  
-3.666393569  
-0.3217345158  
1.900519078  
-1.245978713  
-2.327907489  
-3.38634804  
0.07614913057  
1.856084208  
1.325196881  
-0.8638536577  
-1.278732685  
-2.078456345  
1.108626267  
1.469610961  
0.5609673054  
-2.007940555  
-3.005438108  
0.7664148198  
0.58005705  
1.151256729  
0.7476995042  
0.1435523963  
2.231286268  
4.195000741  
1.047005326  
-1.354154681  
-1.645463382  
3.926483892  
3.93079529  
0.1235754697  
-1.616426396  
-2.25929752  
-2.364352862  
0.9703290395  
-1.007248186  
-1.527733941  
-3.348738461  
0.009642650364  
1.881744254  
0.1252687496  
-0.6476676875  
-1.84963945  
1.624576588  
1.094876997  
-2.369308505  
-1.266091037  
1.162850936  
3.60081833  
1.563102844  
-0.3797377111  
-2.200378723  
-2.050811181  
0.3502014933  
1.036494443  
0.5089350635  
-1.845004131  
-1.198533158  
1.677205379  
1.937958964  
0.8579783942  
2.053990861  
0.9001028707  
1.475919653  
2.741141264  
1.855613316  
0.1335056748  
1.432990712  
1.306375402  
0.3771324677  
-1.661364886  
-3.788633897  
-3.842749401  
0.3490509343  
2.365237304  
-1.5880729  
-2.955899877  
-2.321783355  
0.1493545177  
1.903423882  
-0.4701263891  
-1.86330463  
-0.1201246486  
-0.4266579666  
-0.1326921774  
-0.3167649401  
-0.7988670317  
-1.311944058  
-0.1174979507  
2.579810096  
1.345985481  
-0.4979638068  
-1.65503584  
-1.134501979  
1.842557337  
1.718778809  
-0.7241606693  
-1.72541356  
0.9613845877  
1.994761682  
-0.9873370474  
0.7934892644  
3.241413722  
0.637840996  
-2.272340691  
-3.547541897  
-1.025934728  
1.126866092  
0.01538724132  
-1.372988748  
0.399101763  
2.519104079  
0.8114343571  
-2.414391994  
-0.7926431558  
0.1321532769  
0.5240309165  
2.083617277  
