2.027695151  
0.4626451596  
-1.003644723  
-3.646785427  
-1.921777752  
-0.9614928926  
-1.317200677  
0.190296792  
1.03654732  
2.523452524  
2.404448972  
1.457209694  
0.4991226142  
-0.9482841778  
0.5669130263  
0.4274472989  
0.7073465255  
-1.611130527  
-0.4152918935  
0.3459911742  
-0.9664383313  
0.07727803535  
-0.6421429726  
0.08058420153  
0.4955985838  
1.716976275  
-0.6185757556  
-0.5580600298  
-0.2500875794  
-1.323922534  
-0.4904201688  
-1.571367678  
-0.1113323066  
1.202266398  
1.408986588  
1.261802448  
1.657225106  
1.033908079  
0.3220606468  
0.4711657504  
1.056831163  
0.9154635656  
0.2716004352  
0.1238449545  
-0.6512170275  
0.7176448124  
0.1127691973  
-1.310646318  
-2.014759314  
0.09009888969  
-1.651594026  
-0.8604628287  
1.418461326  
0.9942120705  
-0.334802062  
-0.8636474977  
0.8449697857  
2.023415821  
3.43811015  
1.267334981  
1.41638537  
0.9833411705  
0.7129437508  
0.01193168107  
-0.986819499  
-3.884567017  
-2.993695848  
-0.7391333068  
-0.3165539653  
-0.6301063104  
-3.529069158  
-1.959696716  
-0.504993069  
-0.4158056965  
1.306359449  
-0.9022022951  
-1.821562169  
0.1949544242  
0.7948152296  
0.5825288957  
-1.673095972  
0.1020383705  
0.1229878678  
1.495020488  
1.51637618  
-0.3223027108  
0.1749627991  
1.16040996  
1.114160467  
1.052511623  
-0.8125481122  
-1.153755576  
0.2811688724  
0.5509998028  
-0.3332917219  
-2.292708146  
-2.773702734  
0.3493018289  
-0.6773462707  
-1.720673725  
-1.486718352  
-1.600681271  
0.6060308158  
0.4859273967  
-0.5502441623  
-0.444589029  
-1.033368985  
0.3859691969  
1.20774307  
0.9579172744  
-1.260478058  
-0.039082875  
-0.7891667086  
0.6595367785  
1.244974347  
1.806525682  
-0.2390711786  
-0.7482269255  
0.5281454312  
0.2643605426  
1.42790066  
-1.172166565  
0.3618742697  
1.17052557  
-2.777525067  
-1.588056852  
0.9154816554  
1.435033628  
1.695049254  
-0.6435822357  
0.3898662813  
2.641359444  
2.641166105  
2.09164394  
-0.2688227678  
-0.7814211086  
-1.8316555  
-0.3490676756  
-0.5053607866  
-1.276390165  
0.2163576951  
-0.4310900003  
1.696313682  
2.564465156  
-0.1518364948  
-0.4677483808  
-1.400089461  
0.656720652  
0.6800735629  
0.005471342076  
-0.8105446401  
-1.200677408  
0.3177340405  
0.4870559834  
1.255360733  
-0.9345566669  
-0.109902158  
-0.4019858359  
0.03096248157  
0.6597324644  
-1.130416486  
0.006824763581  
-0.6713484051  
1.14057379  
1.075917014  
-0.2801222454  
-1.152609948  
0.8830427467  
2.215731255  
1.036800789  
-0.6949040335  
-2.244989328  
0.1896479662  
0.4979014152  
-1.077425124  
-0.0184683647  
0.8322049415  
-0.3747971756  
-0.9799925539  
-1.796933209  
-0.8688253057  
0.6536131304  
1.972409371  
-1.228717584  
-2.374137673  
-0.9441291924  
0.5760802737  
1.913798943  
0.6780189677  
0.6206982408  
-0.5428866068  
-1.052499932  
-2.402171926  
-3.331467081  
-0.6073987063  
-0.8590602057  
0.9520143391  
0.5477808959  
1.366663852  
2.112240862  
1.80343824  
1.955034378  
-0.2277234571  
1.359524402  
1.722793241  
0.08101013455  
-1.674708196  
-1.319949203  
-0.29203749  
-1.694129847  
-0.5633012095  
0.2076515737  
1.370154921  
1.290284781  
0.2993561009  
-1.562839809  
-2.018217447  
-0.7454275013  
0.5398705914  
1.278303344  
1.038789194  
0.3425750927  
0.9087752087  
1.131032689  
1.286734184  
-0.8350740522  
0.3174947532  
0.7294062162  
1.628903184  
-0.7641205916  
0.1820795701  
0.2152134667  
0.8025700461  
1.074943384  
-0.7583410254  
-0.1295812149  
0.2734540546  
1.447202224  
0.4913561682  
-1.508728621  
-1.202338865  
0.6204219729  
1.030941041  
-0.4901622616  
0.2820470532  
0.6603584009  
1.950374159  
1.409053897  
1.239430304  
-0.9536957776  
0.1621484205  
1.318163554  
-0.04722919467  
-2.038211523  
-1.50338493  
-0.7239477655  
-0.0535278731  
0.3861076413  
-1.357157773  
-0.627111863  
0.5248025483  
-0.1635701216  
-0.1002660595  
-0.65868086  
-1.845867677  
-1.739708773  
-0.4677576272  
-0.02788010645  
-0.4899276046  
-1.39163921  
-0.7344012601  
-0.1893860493  
1.18542007  
0.8366065063  
-1.549716718  
-1.816902993  
0.4977913594  
-0.7568736355  
0.2953785521  
-0.5888170947  
-0.9694671918  
-0.6476818524  
0.2996166901  
0.6559136868  
1.218933537  
0.359813071  
0.6489265681  
1.557318024  
2.220726239  
2.10072495  
1.163887878  
1.161545363  
-0.8639074267  
-0.9217672866  
-2.467279106  
-2.45126532  
-2.565059128  
-1.137394969  
0.3358333398  
0.6314809696  
-0.3111881837  
-1.361317014  
1.139015017  
1.98184899  
1.969415823  
0.1959578684  
0.4369087712  
0.7465742888  
0.5540873177  
0.7116730922  
-0.5575377218  
1.20190159  
-0.2053189764  
-1.62925513  
-0.4359385126  
0.260495348  
-1.086172199  
-0.008674128917  
1.410029212  
2.306433797  
1.100612089  
0.0992098084  
-0.5892055544  
-0.5627940405  
0.1191988336  
0.5539950927  
-0.734130169  
0.5871487581  
-0.8132051904  
1.280741932  
1.778684708  
1.120533485  
-0.2053617868  
-3.231639858  
-1.463532763  
-0.5689045447  
-0.2705318207  
1.279843315  
1.293805959  
2.363233469  
0.7768816196  
0.5485543454  
-1.626564861  
-0.2139356304  
0.2015116952  
0.8781342785  
0.4846054085  
-1.394452683  
-2.755340517  
-1.12258764  
-0.403060318  
0.2318801489  
-1.633095242  
-3.414901304  
-6.084825271  
-4.685302458  
-2.930645031  
-2.647896983  
-0.6300128788  
-0.4128848098  
2.290824418  
2.349040512  
2.566683837  
0.2054988975  
0.4301627955  
-0.3019364977  
0.9996319472  
0.9229345572  
0.7411736212  
-0.3483302885  
-0.2852235487  
1.030964833  
1.890735065  
1.139548291  
-1.877757732  
-3.068713341  
-0.3045272381  
-0.369123792  
0.373323724  
-0.05442196145  
0.6088882087  
1.434813707  
1.582613743  
-0.2619109561  
0.5934719441  
-0.1395101789  
1.278841825  
2.012952712  
0.6740318269  
-0.03506355123  
0.7611925423  
1.122576224  
0.8116579792  
0.8452009807  
-1.167400289  
0.2288555613  
1.753322283  
0.9789658627  
0.223863218  
0.7745804908  
-0.3625696478  
1.349157174  
0.07635114073  
0.6138094804  
-0.1100953393  
0.4635103477  
2.357776133  
0.5280307213  
-1.204130775  
-0.6631919204  
-1.249055415  
-4.043572183  
-1.429955832  
-0.8254038496  
-0.3748239484  
-1.131941877  
-0.4290993707  
0.441552232  
-0.113576667  
2.352406951  
2.873835799  
3.130054883  
0.6781105639  
-0.9858624993  
-0.7863847996  
-1.849541075  
-0.4721298986  
-0.3255595422  
-0.4580453277  
0.3476698552  
0.2471244916  
0.8819814798  
0.5558273569  
2.25575657  
-1.077976827  
-1.008157896  
-0.2650744901  
-0.9087361692  
-2.273752888  
-2.038512965  
-0.5917983658  
0.05694048687  
1.138032779  
-0.9379295157  
-0.54395296  
-1.484933127  
1.00215385  
1.189161271  
0.04822242194  
1.214041272  
0.34523473  
1.655032124  
3.936135621  
2.371949195  
2.139255317  
-0.658622051  
0.4241003434  
-0.5500622304  
-2.218211281  
-2.975929816  
-1.942663146  
-0.3752198003  
0.2487161264  
-0.1585933048  
1.069007506  
-0.5411752879  
-1.302708791  
-0.9967341408  
-0.5059699213  
-1.073263164  
-0.05797562272  
-0.9066483279  
-0.006116972031  
-0.7480821684  
0.9661506269  
1.951613671  
1.636487357  
0.6724138002  
2.896867067  
3.038334207  
-0.7717413544  
-0.6010944139  
-1.490118155  
-1.933853458  
-1.768593936  
-1.518782535  
-1.348260651  
-0.4163351072  
-0.9189874515  
-0.5655526873  
0.03899000447  
0.7851107832  
3.385676628  
2.495811802  
-1.051393003  
-1.393136453  
-1.871007705  
-1.591833506  
-0.7958442464  
-2.251489976  
-0.9401601561  
-3.035788539  
0.004365816009  
-0.2753659527  
-0.008886361391  
1.695313224  
1.450952181  
3.057961833  
0.1138976516  
0.6316616571  
-0.09513500439  
-0.2389606154  
-0.1410644268  
-1.727443882  
-0.36843011  
0.1135276813  
0.3651501397  
2.116840309  
0.8836037232  
1.943826659  
1.254974471  
0.7723529512  
-1.448916461  
-0.1995796993  
-1.689656898  
-1.328657555  
-0.6674504244  
0.5795103128  
0.8703959649  
1.220438055  
2.39638216  
2.191817897  
0.4934975351  
0.003188143518  
-1.155548321  
-1.739884719  
-1.435626789  
-0.1879560096  
-1.550189011  
-1.517566937  
-0.3454942955  
0.1300677447  
1.742597238  
2.47323464  
1.60510354  
2.485197257  
0.8388452352  
1.41455062  
-0.1365662482  
-0.3357137241  
-1.16002075  
-1.1078303  
-0.7335790137  
-3.569953194  
-1.249833685  
-1.636326948  
-0.2538367871  
1.241826832  
0.9792102791  
2.087930059  
0.3385423354  
0.4333791138  
-0.2903621909  
-2.086116579  
-0.8740200667  
-1.260186993  
0.4233708503  
-0.1287187911  
0.5986871125  
-0.6601750331  
0.9019281151  
1.111427791  
0.7767911324  
2.139255674  
2.676027635  
1.287923949  
2.079504919  
1.459855547  
1.509564671  
-1.056890868  
-2.358467773  
-0.5939825507  
-1.813129942  
-1.120091642  
-0.8725965065  
-0.1622164238  
-0.1169491166  
-0.06873495731  
0.1608170288  
-0.7665937332  
