1.038623434  
-0.2731992404  
-1.458323478  
-0.5135614654  
1.254785648  
1.40556637  
-0.1421242743  
-0.435861312  
-1.538191593  
0.47384477  
1.886765878  
-0.07678787197  
-1.44534401  
-0.5035384545  
0.5391500947  
-1.579332945  
-0.1760545575  
2.066660319  
0.4044921606  
0.06305297784  
-1.920709486  
-1.412743084  
-1.120655584  
-0.6265624396  
1.586610156  
2.426049498  
1.339269567  
0.1254644997  
-0.9800901157  
0.215030479  
0.4050951446  
-0.09378403978  
-0.5116621661  
0.562654236  
0.08897113795  
0.4921030046  
0.7378464026  
0.183872111  
-0.7930381758  
-1.018749134  
0.389787778  
0.7224448453  
1.186804686  
-0.4156208586  
-2.805083728  
-1.012971052  
0.9379307354  
1.060874432  
2.06884877  
0.1649201928  
0.3225326863  
0.1706994782  
0.9817094325  
1.641806439  
-0.3894189258  
-2.596708587  
-1.101180419  
0.4874560828  
-0.005433071647  
0.4983007968  
-1.960443177  
0.02482729132  
0.6323808399  
1.711052495  
0.7325654078  
-0.6696726619  
-2.190913987  
-2.099031238  
0.1781993283  
2.238752409  
1.590909625  
-0.7173713178  
-1.721992069  
-0.5454121793  
1.569444849  
-1.078224193  
-2.857721482  
-0.3867706455  
0.5945627178  
1.288654782  
0.7636737868  
-0.5978828531  
-0.7420058705  
0.1291184281  
1.056490081  
2.151004695  
-1.061043612  
-0.7411246837  
1.255828774  
1.001492132  
-1.079476775  
-1.895913388  
0.06052601589  
0.6222293755  
1.323453805  
0.2040664316  
-2.70629798  
0.692345736  
2.209275034  
0.3658579983  
-0.2420246485  
0.09240567614  
0.7230632216  
1.040001026  
-0.01248913191  
-0.4976736965  
-1.384937133  
-1.81114629  
-0.6678159066  
0.3299564012  
0.05692919721  
-0.8707831457  
-0.2152093704  
-0.361313616  
1.741821708  
2.085733425  
0.4952321908  
-1.011418901  
-0.7162007995  
0.4282142101  
-1.012873884  
1.045524138  
0.2711410584  
0.4270723277  
1.057351146  
-0.260651996  
-1.90428387  
-0.844697782  
0.9934735068  
-0.2650405765  
-0.3695822057  
-0.1703519486  
0.1444704258  
1.047718411  
-1.557031831  
-1.057222461  
0.2337633778  
1.269598102  
0.4821869678  
-0.2580177577  
-2.362271416  
-0.5673891269  
1.930031135  
1.670921323  
0.8720227785  
-1.963571784  
-0.7601848337  
0.5060531151  
0.4347668387  
0.8193875925  
0.1993499322  
-1.176803912  
-1.944151436  
0.3700329096  
1.505016137  
1.216093287  
-0.2603764302  
-1.626733924  
-1.059623593  
0.8398433638  
0.4940989024  
-0.8883938862  
-1.644891652  
-0.1360062232  
1.958865617  
2.142041465  
0.7652266279  
0.8715659894  
0.9981476255  
0.1148250511  
-1.565717383  
-0.8587333496  
1.626066094  
-0.4936198464  
-1.504196468  
0.6751818178  
0.5384139119  
-0.6363356454  
-1.789640412  
-0.6642430949  
-0.6610435278  
0.1400858376  
2.991870935  
0.1573933345  
-1.251394252  
-1.56421343  
0.4403687863  
1.044753931  
-1.561856299  
-0.626761708  
1.212575374  
0.9613180891  
-0.8936285373  
-0.6733696297  
0.6085072036  
-0.4564590353  
-0.7068834398  
0.3414518026  
-0.3303969444  
0.2342340715  
1.312882634  
0.191735665  
-1.362630469  
0.2772844887  
2.035503847  
-1.412798022  
-1.567677527  
-0.5585837218  
0.2026414171  
-0.7592223303  
-0.07089888394  
0.1708979153  
0.5154557086  
0.3080539768  
-1.258390553  
-1.245285613  
-1.957250243  
0.2193474263  
3.918368693  
2.352905329  
-0.1345917945  
-0.7493172295  
-0.9184999051  
-1.471786321  
0.289418785  
2.325030552  
0.3923539048  
0.9499328584  
0.801804121  
0.5705729431  
-1.012345646  
-0.4935877587  
0.6511854709  
1.665593935  
0.1679124945  
-1.897859256  
-1.577327748  
-0.4099897484  
1.604865357  
0.4659197816  
0.1672797791  
2.737652207  
2.398564055  
0.3708264853  
-1.987742024  
-1.463793147  
-0.4874168296  
-0.1080283376  
0.3908775724  
0.3645992863  
-0.8657783617  
-0.01727438354  
1.038382777  
0.136543702  
-2.311560203  
-1.7171981  
1.849632733  
1.640323405  
-1.252534528  
-1.966626765  
-1.431903083  
-0.2457264784  
0.1762162432  
0.1114063131  
-0.9051215391  
-0.2352942854  
0.255315272  
-0.001044209085  
0.7703245674  
-0.59928762  
-1.603960323  
-0.2583578298  
0.07734659279  
0.8543931398  
0.8575374723  
-1.233326136  
-1.31149221  
0.8830909912  
3.289224264  
0.3671422306  
-1.13973256  
0.6436858059  
0.1360816794  
1.264797079  
0.9454089328  
0.3489326947  
-1.040017923  
0.2162168002  
0.3374530879  
1.012306991  
-1.679307941  
-2.085247552  
-1.662429926  
0.7402784518  
1.841519825  
-1.600935423  
-0.8044105386  
2.818048837  
1.98858206  
1.201324178  
-1.367827683  
-0.5555884371  
-0.01007301616  
-1.268620625  
1.290467151  
1.515705218  
-0.3548027656  
0.3902842218  
0.830930744  
0.4567103003  
-1.409562292  
-1.435298074  
-1.957456753  
-0.1583992685  
-0.4200894052  
1.614245689  
-1.173527177  
-1.156518707  
-1.27112478  
0.633965925  
0.01281977534  
-1.032114026  
-2.46926165  
-0.8983063227  
-0.1161051402  
1.41432072  
1.937622149  
-0.7115539289  
0.5373490534  
0.796432436  
1.862766637  
1.080400177  
0.03009509982  
-0.7934356415  
0.9229702144  
2.065961268  
-2.374614987  
-0.7730856334  
0.4820122274  
-0.8608492629  
-0.5344971613  
-0.09496631729  
2.567525  
0.4087957748  
0.2009026302  
-0.2922263927  
-0.2787690096  
1.09380184  
1.421838597  
-0.5731540111  
1.721144832  
1.803919589  
0.1479294038  
-0.4248555  
-1.249639012  
-2.019947877  
-0.2552673904  
-1.351849715  
-2.351326175  
-0.7264761541  
0.3234373323  
1.413109906  
1.726493751  
1.197555984  
-0.4188992452  
1.097383922  
1.442105532  
1.359662276  
0.386542292  
-1.737651227  
-3.106693625  
0.6051216036  
3.306934033  
0.5210437347  
-1.297510828  
-1.351719646  
-0.05372146826  
-0.0413995152  
-1.341507873  
-2.858538032  
-2.005238188  
-0.2786046338  
2.663419335  
1.853173686  
-1.294230409  
-0.6551937265  
0.01267961211  
0.9211560087  
0.2423411953  
-0.07463382108  
-1.123229322  
-0.08916949558  
-0.2810998429  
0.8853779208  
0.4627756551  
0.02883411686  
-0.1004033302  
-0.6474604898  
-0.3359174569  
-0.6901698896  
-1.590730544  
0.1388994407  
0.6668842683  
-0.2009154145  
-0.191531042  
-2.121993194  
-1.847360813  
-0.1250976958  
0.7119152557  
2.961847874  
2.446446331  
0.7618134702  
0.2424716891  
0.9169290363  
1.883879291  
0.2080496506  
-0.7246412527  
-2.26162219  
-2.444564618  
0.4354790501  
0.4616598588  
1.056670772  
-1.50116502  
-2.804888236  
1.899953357  
2.124002718  
1.718433327  
0.6682840446  
-1.824514985  
-0.9943648287  
-1.796880273  
-0.86654187  
-0.9236501698  
-1.190835744  
-2.108115482  
2.610226829  
2.533465759  
0.705956907  
0.5375838393  
-1.655472763  
-0.9164860963  
-0.8762742757  
0.5122697315  
0.1447412187  
0.143187972  
0.9736572531  
-0.2920332015  
0.3701646416  
-1.396846538  
-0.3775220365  
1.718500877  
-0.8743700354  
-1.046510159  
-0.7198038196  
-0.3345477881  
0.3251417226  
0.8443261233  
1.95586295  
1.606806624  
2.478024995  
0.4994743576  
1.540575668  
-0.5447723683  
-0.4463521662  
-0.365212759  
-1.539796956  
-0.5597513904  
0.8693410717  
0.818282738  
-1.452854199  
-1.371811006  
-1.251157726  
0.02512116154  
0.9550687223  
-0.2828870734  
-0.3957218765  
0.2831615535  
-0.02486091637  
-2.98048784  
-1.724958191  
0.4568565436  
2.113559284  
1.539343125  
2.543002103  
2.369504192  
2.497870026  
1.962379462  
-0.0953040103  
-0.4632320187  
-2.126271811  
-1.574204198  
2.195619061  
0.1569228812  
-1.413778389  
-1.686871824  
-0.8068831339  
1.342550333  
1.316380883  
-0.4314779084  
-1.071069075  
0.8443529682  
1.174751431  
-1.337655799  
-1.612165203  
-1.999838772  
-1.513495926  
0.3280089184  
1.573496278  
1.907550682  
-0.8213810621  
-2.450993912  
-0.7571049917  
3.472007812  
1.557398873  
-1.565376243  
-0.8029335123  
-1.845721235  
-2.09132622  
-2.478363403  
-0.4491258517  
0.7789224102  
0.1251701919  
-1.212932497  
1.622500883  
1.671505007  
0.6601793946  
0.9696455917  
-0.5206433935  
-0.9361115224  
-1.810520495  
-1.381080459  
-0.7593323746  
1.785425965  
1.898096092  
1.366143156  
-0.2397953756  
-0.0911331251  
3.364697117  
0.8951525632  
-0.9987602111  
1.769532773  
-0.3973836852  
-0.09535041002  
-1.34821303  
-2.463945914  
-0.9029535442  
-0.7785241654  
-0.3855307733  
-1.18471714  
2.444169128  
1.260546423  
-0.7414169398  
-0.7024873478  
-0.03019868657  
3.171853914  
0.2698685036  
-1.269492912  
-0.646098085  
1.35674563  
0.3223733207  
0.571032307  
0.6075267863  
0.4681926763  
0.1024368978  
-0.7620521282  
-1.837228528  
-0.7373007144  
1.253695602  
2.547109209  
0.4001740439  
-0.2027037146  
0.5523416489  
-0.6887214604  
-2.875346711  
0.9441008403  
0.5439049791  
-1.886825234  
0.8542451241  
0.4017075818  
-0.2923277353  
-0.2531582953  
-0.3620970531  
-1.07664417  
1.547241402  
2.861366264  
-0.7956663979  
-0.3248347325  
-2.165789636  
-0.3007858257  
0.5203717182  
