1.486022969  
1.538888425  
-2.701233254  
-0.4111741978  
1.287591712  
2.299802541  
0.6663480447  
-2.99106326  
-2.63670851  
-0.4917461932  
1.893901741  
1.847015966  
-2.688146487  
-1.531443514  
0.7887467281  
2.328497508  
-2.344290075  
0.1322124982  
3.192265124  
2.386953593  
-0.7930241772  
-3.738766582  
-0.867067778  
-0.01778663897  
1.225232702  
0.2302666349  
-0.02931867173  
-3.438652671  
-0.3779127381  
2.952308879  
1.708435264  
-0.2534923404  
-3.354065532  
-0.1475800928  
1.362166451  
2.471883876  
2.051785545  
-0.9327318032  
-2.739890481  
-0.2818909976  
1.953967903  
0.9110951891  
-0.3596819976  
-2.335732661  
-1.525998126  
0.6673607344  
2.315293149  
1.112760039  
-0.7330532565  
-3.913108693  
-0.9658882881  
1.6793314  
1.890354924  
2.19064024  
-2.803520749  
-2.610153985  
-0.4283476733  
2.640128293  
1.454328666  
-0.7612733129  
-3.475343299  
-0.7242984918  
1.563405126  
1.614192763  
2.594581582  
-0.9746576623  
-1.569008118  
-0.8724221  
2.87566906  
2.624207122  
0.02792610911  
-3.007109213  
-1.248450368  
2.066227864  
2.148703331  
-1.203271168  
-4.515018166  
-1.598059275  
1.470513014  
1.305198732  
-1.321427384  
-1.60674034  
0.6417584132  
3.335325023  
2.005172557  
0.1742786651  
-1.764146882  
-0.5277445506  
2.755708132  
1.429202623  
-1.459112585  
-2.219405052  
-0.6453269046  
2.528045374  
1.918497081  
-3.058767482  
-3.189316709  
-0.38492814  
2.459613924  
-0.716674971  
-3.052280463  
-0.8042607186  
2.211645366  
2.863464003  
-0.2383377894  
-2.557696744  
-1.195735947  
-0.2545422971  
2.26253715  
0.6799530776  
-1.961116299  
-3.924781465  
-0.8902659904  
0.9702868992  
2.60322945  
1.175101601  
-1.418902557  
-2.238570845  
0.3822579357  
2.526341658  
-2.208504059  
-1.411015607  
3.470099114  
2.572165813  
0.09161603178  
-2.214109616  
-0.7112899234  
2.314366298  
0.5470765449  
-1.109576479  
-3.272081502  
0.5314513774  
2.196710432  
2.342443234  
0.04807450017  
-3.028805546  
0.858209251  
3.887396242  
3.700436566  
-0.3202255331  
-3.358954655  
-1.559061534  
1.754163919  
2.2992318  
-0.01962749442  
-3.32154282  
-1.138423056  
2.027559421  
2.682565751  
1.810027293  
-2.544855385  
-2.390712975  
-0.4185418466  
2.479574939  
0.7809245709  
-1.145546503  
-2.982435175  
-1.870885866  
1.544194161  
1.082221422  
-0.5671878555  
-3.572252145  
-1.011021768  
1.076681142  
3.211445943  
-0.1670322452  
-1.911618792  
0.405708918  
2.687429291  
2.297011751  
-2.109620659  
-2.221584841  
2.547395821  
2.609845011  
-2.127845904  
-2.994725591  
2.109545735  
2.062032509  
-1.452970538  
-2.411518577  
-0.9100469402  
1.822885279  
2.117054995  
1.338946063  
-2.74150493  
-0.4074140896  
2.737238914  
2.309542427  
-1.051114367  
-3.831041619  
0.9466909612  
3.400774429  
1.013124867  
-3.59987812  
-0.3568257709  
2.771568867  
-2.973818513  
-0.726230912  
1.78688898  
1.126126944  
1.597691  
-2.406994465  
-2.670413443  
-0.2543555337  
2.374815868  
1.063534557  
-2.600569401  
1.053137096  
1.911165906  
1.481383891  
-3.402782929  
-0.7580180364  
2.727698981  
2.025880426  
-1.416616717  
-2.795749696  
-1.177818343  
-0.6432131958  
1.951827435  
1.72667049  
-2.031870482  
-2.165207917  
-0.6757908809  
2.627264698  
1.751404074  
0.0609634893  
-2.745062906  
0.3603691969  
2.186564957  
1.970043173  
-3.614195965  
-1.318463949  
1.823119127  
1.285422978  
-1.320050187  
-4.105536294  
-1.300156886  
0.8081936414  
3.037237371  
0.4518767455  
-1.43989541  
0.9340231332  
3.1501547  
1.325198834  
-3.206136507  
-2.675595391  
-0.5627719267  
1.957277487  
0.2057324485  
-3.966766154  
-4.020452534  
-0.4339819423  
2.709247006  
2.30389814  
-1.328468636  
-2.208438041  
3.043741892  
3.546247625  
-0.6466436828  
-1.958290627  
-0.3175584105  
2.413433359  
1.248037004  
-0.2203945202  
-2.625619096  
-0.714431346  
1.415453908  
2.051083234  
0.7958161669  
-1.484511536  
-1.877931422  
1.04465656  
3.266713806  
2.124298942  
-0.1944835456  
-1.501943659  
-0.3789175449  
2.590222554  
1.726171527  
-1.156978867  
-3.020714454  
0.2943607092  
1.516336353  
2.186868349  
0.6596709914  
-3.464069546  
-3.837202329  
-2.10583635  
1.31753082  
-0.2423702341  
-2.923758736  
-1.279273775  
2.388832831  
2.415287782  
1.006578753  
-3.551743859  
-0.4387119609  
0.6289282329  
2.810306779  
2.346712721  
-2.368703134  
-3.029217054  
-0.975797895  
1.890707307  
0.7972031676  
-1.189405786  
-2.573198414  
0.3428462535  
2.438616418  
1.487114994  
-1.841507092  
-3.17780626  
1.079280844  
1.175649093  
2.942526891  
2.113845728  
-0.6251963264  
-2.908697357  
0.5498844787  
1.959249524  
3.037949327  
-3.137562126  
-2.169493013  
0.3839152496  
2.129941111  
1.390333943  
0.8570795789  
-2.967392919  
-0.4565270316  
2.655875885  
3.648312371  
3.601158081  
-0.5365456929  
-0.5323265377  
1.360003913  
2.982027677  
-3.971385687  
-1.403747993  
2.823859794  
-2.575077857  
-1.635398851  
-0.8688116558  
1.820649584  
1.110412644  
-0.5165792269  
-2.516094301  
-0.08147152886  
3.738472377  
-1.5505549  
-8.203704261  
-2.831361939  
0.7027751606  
-1.489470948  
-0.9928964163  
0.7262993289  
3.15979156  
1.332991575  
-0.7028925076  
-4.243566816  
-2.020035634  
-0.5936379468  
0.751839965  
0.0119670427  
0.7651051576  
-2.404844041  
-0.580957918  
1.743144862  
2.966577215  
2.424098867  
-1.968279159  
-2.353212418  
-0.5160569326  
2.231360194  
3.29674154  
-1.009062418  
-1.184444504  
0.6911004519  
3.036967641  
-2.034575575  
-1.52388803  
-0.4025581063  
2.524631466  
2.300934709  
1.715621499  
-2.083739239  
-1.02475794  
2.34973212  
1.320759126  
-1.683532176  
-3.599175873  
-1.977836972  
-0.5511182298  
2.351100692  
1.471709626  
0.5955778484  
-2.480037433  
-0.3066311524  
0.425575714  
2.362798065  
2.010437941  
-0.2331124962  
-5.004805335  
-1.217161694  
1.608879031  
0.9937707326  
-0.7005742888  
-4.515525136  
-1.331970774  
0.5165134768  
2.625291935  
2.590451754  
0.6642760887  
-2.729843526  
-0.5631095977  
1.365561773  
3.544473311  
2.112941854  
-3.386223778  
-0.3745849611  
0.8281306677  
1.554876836  
1.785099642  
-1.650190997  
-0.9971427272  
0.428354265  
2.587849446  
2.970573366  
0.7173222555  
-3.407226989  
-1.453192015  
0.9207672627  
0.6981862526  
0.2337619781  
-3.75192027  
-1.598698778  
0.7132885317  
3.809376201  
0.920131383  
-0.4041583063  
-1.70954762  
-0.2179278998  
2.018333873  
1.301128637  
-1.945838421  
-2.780637337  
-0.3656265631  
1.639021641  
2.353586838  
2.689830912  
-2.405239799  
-0.471775707  
1.708122935  
0.7262641056  
-1.51885173  
-4.064385034  
-0.349069405  
0.1347245868  
1.988646396  
-0.6421240159  
-1.749565594  
0.3478146681  
2.711616827  
2.866615496  
-0.3152016328  
-1.921480752  
-0.543878218  
2.699834945  
1.797848513  
-0.3522420379  
-0.5882545266  
0.1060262915  
0.7338795682  
-3.990843426  
-1.818749745  
0.4379570477  
1.980157164  
0.4059139961  
-4.225822406  
-3.355465911  
-0.6907169478  
2.823096788  
1.930377053  
0.4103847222  
-1.795551883  
0.2019292983  
0.2388312232  
2.459416455  
2.236991955  
-1.089797593  
-2.846256347  
-1.242314797  
1.058560325  
1.251295297  
-0.4459620979  
-3.31355609  
-0.9486822287  
2.166504935  
3.221638954  
-0.2334811676  
-1.798289549  
-0.2569598223  
2.026814076  
1.884988843  
-1.708475983  
-3.520477547  
-1.359536782  
-0.157961948  
0.01406366592  
1.108661257  
-1.888991533  
-1.500632541  
3.124831875  
1.900636212  
-0.1037523964  
-1.044168933  
-0.6651219181  
0.9802031368  
-3.441201876  
-2.176290184  
-0.8525512796  
2.32758454  
1.635721812  
0.6379761938  
-2.602515182  
0.2739194679  
1.284340846  
2.15080863  
2.351224514  
-0.6396099905  
-0.7718465107  
0.462130701  
1.913583041  
2.001750496  
1.171993587  
0.01660479132  
2.123457863  
1.684781535  
1.189054456  
-0.01522842378  
-2.619101668  
-0.2283907147  
1.742943092  
0.5838011402  
-4.204603564  
-3.521071673  
-1.057529268  
1.727329058  
-0.1980147719  
-1.916622447  
-1.333975092  
1.127253229  
1.954004168  
1.572284866  
-0.4993179088  
-2.461108035  
1.018528267  
1.701169702  
0.1260258366  
-0.4861664391  
-3.551580221  
-0.718794221  
0.8865997392  
1.051268282  
0.2103320041  
-2.644113274  
-0.5232084182  
0.654443564  
3.147738586  
-0.1024306496  
0.1421388606  
2.001685409  
2.238577413  
-1.189963152  
-3.701106994  
0.7705435545  
1.707194395  
-2.523147512  
-2.195110491  
1.156936379  
1.528952259  
1.738159741  
-1.351471641  
-0.511882715  
0.1733806764  
2.377256436  
-1.437345347  
-2.299236055  
0.1991660005  
0.2237082214  
1.163137071  
