-1.764426366  
-1.442416963  
1.285861854  
2.699417651  
-0.4607861367  
-0.5714842499  
-1.061141194  
1.475199817  
2.245497105  
-0.6174497454  
-1.350917346  
-2.395064051  
-0.04965849393  
2.277692789  
-0.8831554289  
-0.2175804853  
1.523238507  
2.280433368  
-1.462435805  
-1.970824872  
-0.08013291303  
0.285575916  
2.839446749  
-0.2345072441  
-1.322401151  
-1.632623316  
0.1124169844  
1.259682949  
1.145016184  
-1.998727821  
-1.807027921  
0.8158422289  
0.4872336656  
1.833126827  
0.2832178595  
-0.9184912984  
-0.9320554069  
1.005275039  
1.015719432  
0.1010091807  
-3.1401745  
-1.751053757  
-0.3379592805  
0.9874717044  
1.846369662  
-0.9485943508  
-0.9201612267  
-2.183403527  
0.5148532209  
1.006049161  
2.024947785  
0.08063548963  
-1.19993393  
-2.172321215  
-0.3190555488  
3.315312425  
0.5009910767  
-1.288511086  
-2.45280723  
1.543109972  
1.979322889  
3.752278116  
1.026184328  
-0.5970172402  
-2.142236959  
0.9593645882  
2.377235965  
0.2213824661  
-0.7976125948  
-3.028105719  
0.3296585768  
0.9164299321  
-0.622016659  
-2.472295128  
-4.240356435  
-0.940013186  
2.299296252  
-0.32168544  
-0.982409285  
-0.7411273937  
2.547803001  
2.989933461  
2.496838787  
-0.8688657721  
-2.40234683  
1.310753016  
0.8629886986  
-1.331458881  
-2.88714297  
-3.2055139  
0.5841299891  
1.224343718  
-0.6183193211  
-1.693377545  
-3.035098161  
0.03803137682  
2.34174913  
-0.5445641788  
-1.696499854  
-0.1144386149  
2.65218694  
3.490482938  
-0.3686705578  
-0.813191398  
-0.8254625265  
1.264835948  
1.855251715  
-0.203131829  
-0.3451121131  
-1.717820197  
0.8330737302  
0.7231862299  
1.685415172  
-0.6999216482  
0.06510290958  
0.7293016401  
3.478786765  
2.883422423  
-0.6966461711  
-0.7726098107  
0.5275987269  
2.750144221  
0.7681434907  
-0.6980328736  
0.8976717279  
1.657928475  
0.9083246866  
-1.368022137  
-2.465422637  
1.683700625  
2.847703129  
1.304174472  
-3.378235698  
-3.810409099  
-1.989965943  
-2.484958286  
-1.574197385  
-3.808019465  
-4.050021492  
-2.393575598  
-1.671833035  
0.1566074484  
-1.613672106  
-2.173650366  
-1.033421354  
0.4883141673  
2.175568468  
-0.1066287858  
-0.8136669735  
-1.056190231  
0.3703130036  
1.095978517  
1.147267423  
-0.3648108987  
-0.7510543737  
1.375530804  
0.3024716759  
0.2901764882  
-1.612640585  
-2.926615592  
1.534557847  
1.799711611  
3.462290502  
1.974555246  
0.7254638428  
-0.3947771632  
1.735555469  
1.644771992  
0.9103197145  
-0.9812104721  
1.388640355  
2.217097334  
-0.5087544988  
-2.441239014  
-0.06682350796  
-0.8993330534  
-0.9708885975  
-2.158415988  
1.836566971  
1.269668929  
0.3124587173  
-0.2612687588  
-3.160021878  
-0.5293073671  
0.5690093939  
0.3820391555  
-1.707473475  
-3.359272152  
-0.05895424171  
-0.02838064984  
1.058602393  
-2.096090276  
0.1043208755  
1.496340549  
1.591002793  
0.0428464235  
0.2484896661  
1.025017844  
-1.132926234  
-0.9398840199  
-1.134344688  
1.442193283  
2.049273592  
-0.04485224713  
-0.6453001136  
-0.8868088605  
1.768349722  
3.049550048  
0.4147070888  
0.7285548903  
1.357668841  
0.5621850546  
-2.29329757  
-2.664288665  
0.3225068923  
-0.4029538644  
1.396447161  
-0.5093692743  
0.4024938359  
-1.642888555  
0.09207645334  
0.2923719553  
0.433699326  
0.3212709194  
-0.9813977865  
2.198719403  
1.109924231  
1.842383666  
-0.9058930037  
-0.5179855862  
1.582453962  
2.146000192  
0.04555532913  
-0.5707567175  
2.063148584  
0.8981081642  
2.327977332  
0.6895559167  
-0.05613277527  
-1.044140321  
1.442678811  
-0.7494390614  
-1.203426457  
-3.052665549  
-1.288384747  
-0.1140052754  
-1.497336062  
-2.002337332  
-2.803564438  
1.190668857  
3.373395636  
2.822967969  
-0.6849174369  
-0.1787099617  
3.036637726  
0.8990330013  
0.902434291  
-2.53384  
0.8721463852  
1.415302878  
0.9082235604  
0.1356365308  
-2.067644165  
1.809392968  
0.01598285019  
0.3031684119  
-0.05678702295  
-0.7516320785  
-1.41868895  
0.8006779525  
1.142972974  
2.560905605  
-0.4895391536  
-3.553119542  
0.47147892  
0.1848048596  
0.01936678884  
-1.715693607  
-3.599499491  
0.6308199171  
0.8850805026  
1.264708528  
-2.481737219  
-2.008967275  
-2.1258106  
-0.5431939509  
1.669839267  
0.9906054271  
0.2165053705  
-1.95678234  
2.882886458  
2.38326367  
1.877356391  
-1.365123168  
0.5631945273  
-0.02681920383  
0.6219828004  
-2.454861364  
-2.023590753  
-2.110953822  
0.3239659215  
0.2536336515  
-0.7256389818  
-1.573311729  
-2.587362529  
0.6822830499  
1.218576296  
2.086002178  
0.5400860051  
-0.09664510482  
2.365354014  
1.426886007  
2.118540413  
-0.6350744961  
0.01160638922  
-1.162610252  
2.093997813  
1.35168777  
1.863528708  
-0.2974792159  
0.6343212775  
1.325269217  
2.390162615  
-0.7322824716  
-0.2682002665  
-1.135126236  
1.475745442  
1.560501672  
1.6797626  
-0.5277280996  
-1.085008534  
-0.6950248558  
1.082358952  
0.8554098711  
-2.288849903  
-3.177222495  
-1.511676883  
-0.3579483583  
-1.37365154  
-0.8743310728  
1.282938908  
0.08649565956  
0.5076833744  
-0.3100390334  
3.01338434  
1.93698722  
2.443816641  
-1.262269055  
-3.013484584  
2.949812132  
-0.1556585801  
-2.682075731  
-1.427023065  
-2.202927991  
-3.014154795  
-2.90337063  
-4.162455663  
-1.580481585  
-0.2564376626  
0.8414157929  
-0.637308574  
-0.9739000122  
-1.181609411  
1.550962397  
1.851363377  
2.647483624  
0.3247709204  
-0.9692905441  
-2.779068727  
-0.03147238907  
1.883363537  
0.5935107984  
-0.3567707056  
-2.033750183  
1.141437299  
1.338274014  
0.3626954724  
-0.2540134215  
0.05626135429  
2.03012584  
0.9655614341  
1.608303394  
-1.482406155  
0.7564934741  
0.4131335886  
0.9829627336  
-0.3456359952  
-1.950804335  
1.404545689  
2.148907825  
4.04522275  
2.831839061  
2.102533335  
-0.7817170023  
1.862614933  
3.079190759  
3.093972827  
0.6518001368  
-0.4657375834  
-2.00409785  
0.1599131666  
0.5082644321  
1.483569308  
-1.447332014  
-2.387713376  
-0.6992310752  
1.241973315  
1.735883872  
-0.544344899  
1.024944483  
-0.7864912568  
2.011472025  
0.9721508087  
1.52659822  
-0.574971759  
-1.179845589  
-2.041032479  
-0.4673671285  
-0.3552123999  
-3.186647146  
-3.23044888  
-4.069255739  
-2.508486454  
-0.03319524463  
-0.9789271344  
-1.043712067  
-3.112901618  
-1.814511712  
-0.273288765  
0.4910459916  
-1.060149348  
-1.378119849  
1.665624512  
1.119451817  
3.233123963  
1.889239713  
0.5352909434  
-0.379893703  
1.566524368  
1.237581048  
1.394957814  
-0.6852317954  
-2.535266624  
-0.05819718151  
0.4277327593  
1.73237316  
0.2137574752  
-0.7095821471  
-2.111052341  
-0.1963020046  
1.295301999  
-1.433920352  
-3.575516036  
-0.9615780019  
0.7011530161  
2.768864413  
1.114912703  
-0.1199340194  
-0.2791394602  
2.402853161  
0.5040088506  
-0.1248997969  
-2.020650552  
-0.1035141835  
0.5951963562  
1.533928934  
-0.05227047248  
-2.826728424  
0.06878571198  
1.530042671  
-1.539989524  
-2.142125599  
-0.1662762874  
2.207532478  
0.6818147892  
0.3005587173  
-1.167249178  
0.9368818141  
2.688152536  
0.4747799625  
0.8641568769  
-0.7553136792  
1.768649739  
0.3871735777  
1.849966359  
0.6169537293  
-0.2270690155  
-1.786001258  
-0.3621342016  
0.9365220547  
-0.2385927832  
-0.07056135569  
-2.21479235  
-0.7655358276  
2.376138409  
3.002344643  
1.500785204  
-1.898933645  
-0.0590592294  
0.2544508585  
-1.980425072  
-1.501087453  
-2.246559585  
-0.4795036883  
0.5346610926  
0.7360392934  
0.4683572045  
-1.619606648  
0.5766123924  
0.6364741386  
1.443108394  
1.365262151  
-1.30979444  
2.11250479  
2.168623096  
0.8159249395  
-0.3066761471  
-0.2137002081  
2.743006909  
1.039902148  
0.7205635414  
-1.327994087  
0.9607093315  
0.3957359829  
1.579999404  
-1.290397928  
-0.09390879192  
-0.9709275199  
1.452772581  
0.883894753  
-2.572818775  
-3.083616101  
-4.487580428  
-1.497474823  
-0.6806751266  
0.1684272976  
-3.826035442  
-4.577382325  
-2.445710474  
-0.9395891586  
-2.067921699  
-2.370082331  
-2.299622424  
0.3617359811  
2.694156382  
1.637753704  
1.921598149  
0.101131423  
1.920144685  
1.535812135  
1.601690965  
-0.5086214788  
-1.809318912  
0.05915219414  
1.279563011  
2.31154543  
0.3141790773  
0.1988614057  
0.1410478358  
0.1731580541  
2.630584021  
-0.008520080294  
-0.7495652541  
0.3918845979  
0.537856471  
1.248590445  
0.4241950683  
-2.029367965  
-2.669159928  
1.83375994  
-0.1978804958  
-2.607132849  
-0.9931529566  
0.3175589404  
1.744436489  
-1.67326204  
0.1918006566  
2.999953759  
1.477140831  
-0.3813452169  
-0.3203945285  
1.133271126  
2.926110697  
-0.1250523835  
-1.746262942  
-1.479214032  
0.5848424623  
-0.5504481195  
-1.554376536  
-0.5089826629  
