1.862044509  
1.2222446  
-2.554143391  
-2.579257711  
-1.281195775  
-1.01210483  
0.4926828954  
-0.9132755441  
0.4611074467  
0.5403297575  
0.9252560123  
2.71443839  
0.2797218509  
1.281955861  
1.613283659  
1.508732844  
0.193802202  
-0.5475221748  
0.1564434236  
-0.4197253381  
0.7159342103  
-1.605839951  
-0.631667604  
-0.05016794974  
0.4868723955  
1.22339488  
0.01255710488  
-1.796798554  
-3.673244364  
-2.220940995  
-1.272815572  
-0.8355689771  
-0.5895640765  
-0.6834802958  
0.7838262476  
1.295216337  
1.202802982  
0.5291094635  
1.176512963  
-0.2415789828  
0.9085581544  
1.680938783  
3.049905648  
-0.4915622712  
0.3387155832  
-1.05788348  
-0.03004529806  
0.8210629489  
0.6625449751  
-1.771890837  
-2.102442437  
-1.543860703  
-0.3170793342  
1.540754129  
-1.408794587  
0.04988242535  
0.6820122981  
1.734905849  
2.961804076  
2.686260073  
1.238775032  
1.119789155  
-0.4014187867  
-1.624348059  
0.2261412075  
-2.697936217  
-1.733570431  
-1.662331629  
-0.5026819051  
-0.5256323877  
-1.890114068  
-1.266436384  
-2.077017218  
-0.2618716359  
0.8362924627  
-1.403749521  
-0.6498008372  
-1.007768183  
-0.5033201071  
1.072814904  
-0.0678369888  
1.052056156  
-0.03835798412  
1.764464513  
1.528530682  
-1.159866313  
-1.319245226  
-2.693461655  
-0.1633297027  
1.882125439  
-2.213600141  
-1.123110297  
-0.5448251999  
-0.1149008401  
2.07151121  
-0.8467083465  
-0.2271040747  
-0.03390851637  
-0.3776489654  
-0.2212234642  
-2.197141973  
-1.699557187  
-0.2547013215  
0.7363033948  
2.473226782  
0.6463347276  
0.02848548983  
-0.4158461457  
1.268039086  
2.590790967  
1.014692286  
-0.3238691647  
-0.1737099446  
0.2503859658  
2.770146394  
2.365468913  
-0.3995688508  
0.2465805753  
0.4473787843  
1.68070174  
0.7346112024  
-0.6712528599  
-0.05955569934  
-0.09711677236  
-1.174834853  
-1.684866487  
-3.316353016  
-0.1193869046  
1.248981257  
-0.6279597311  
0.04221983633  
0.6435998635  
2.182423828  
1.543055396  
0.1461763388  
-1.897877527  
-3.601412215  
-3.078269062  
-1.726311305  
-0.4953262719  
-2.338572778  
-2.484765834  
0.1666826692  
0.0057235545  
1.106166693  
0.2525881905  
-0.2436494662  
0.3875416664  
1.599460505  
2.871901119  
0.7065843453  
1.935176211  
0.004544504674  
1.081787436  
1.720363369  
0.7108446949  
-0.6370190712  
-2.575761158  
-0.5105962242  
-0.3661577006  
-1.383341701  
-2.235521575  
-0.7579023942  
0.8088160848  
2.352541879  
0.6114440863  
-0.7210832956  
0.07811676938  
1.836546261  
3.308960319  
-0.01229421447  
-0.08829474915  
-0.05306397899  
0.2463835898  
-1.194710821  
-1.895902754  
0.557672819  
1.822458087  
-0.8444400417  
0.5284741445  
-0.2570294405  
-0.02439474798  
0.3935898968  
-1.521664315  
-1.320723699  
-1.705694523  
0.5775149109  
1.506619216  
0.6647586217  
-0.1474215759  
-1.248597121  
0.09621189645  
-1.331203614  
-0.7256357037  
-0.2706469918  
1.079283245  
0.4651272128  
-1.726306818  
0.9166605673  
1.284841617  
1.944037094  
-1.515282808  
-0.9856062684  
0.4485612288  
1.071981684  
1.274523366  
-1.273006123  
0.3746750312  
1.107373631  
2.046307801  
1.993622754  
0.2755679814  
1.01243303  
1.112547303  
-0.3065198199  
-4.342873271  
-2.677186291  
-1.272017754  
-0.08121659171  
1.414166013  
-1.662004006  
-2.444641831  
-1.404380355  
0.912963276  
2.552386376  
1.499427616  
1.455880113  
0.3449002923  
1.158485052  
1.022023748  
0.03999418959  
-1.718403076  
0.4338505114  
1.333943758  
1.933737585  
-0.2243283821  
-0.1802868995  
-0.8541367582  
0.8550826194  
1.332470138  
1.273628124  
0.9309191806  
1.302486801  
3.009650097  
-0.8620201867  
-1.566083534  
-0.8735670537  
-0.2746858719  
0.906552466  
-1.789605442  
-0.7178428136  
1.236349057  
1.411513988  
0.3259178841  
-1.017517157  
-0.6927522315  
0.918651074  
1.407009576  
-1.540852901  
-1.383394372  
-0.7507982752  
1.450115775  
2.332360938  
-0.1976703114  
-1.330928321  
-2.033766215  
-0.1124607815  
0.7012068637  
1.777311074  
-1.651634379  
-0.6671078789  
-1.322934651  
-0.7806926883  
-0.3949700586  
-2.330094368  
-0.4042858988  
-0.7796789719  
0.6766061404  
1.148110554  
-0.8858145778  
0.06557876548  
0.09173895153  
1.515293549  
1.600201975  
2.089500982  
-2.204367499  
-1.924751211  
-1.176499915  
0.04622245021  
0.9858624082  
-0.5442900076  
-1.76000884  
1.281116762  
2.609145737  
1.158758244  
-3.827365454  
-2.625075146  
-1.488953276  
0.1982851793  
1.156048517  
-2.27370461  
-1.882138102  
-1.417821984  
0.7428255264  
2.396642225  
-0.05721201673  
0.1031316816  
0.4418502578  
2.195368311  
2.315825526  
1.977437825  
-0.3307751649  
0.2276638059  
-0.4838107892  
1.486189202  
1.829924712  
0.6204339352  
-0.6090529663  
0.3278421698  
1.387588506  
2.326996323  
0.06082390183  
0.3722821628  
0.04412045664  
0.5559013817  
1.91390527  
1.707995838  
0.9571785402  
-1.155935762  
0.5951017658  
0.8991119959  
2.146160814  
-2.160411088  
-2.767544889  
-1.655493422  
-1.118298193  
-1.308926791  
-0.5744553544  
1.666661102  
0.2524494927  
-0.8903888404  
0.932069466  
0.5836424362  
1.733149037  
1.669511904  
-0.4707623693  
0.02090015976  
-1.857549028  
1.618637667  
1.061427326  
0.7918743843  
0.9547042554  
-3.3036777  
-2.837946757  
-3.975025679  
-2.406640729  
-2.327194109  
-1.015795279  
-2.982275573  
-3.621996869  
-1.962628513  
-0.2444122191  
1.373048811  
2.142212095  
-0.03614837419  
0.712539429  
1.408871546  
2.247742144  
2.657139817  
-0.3816268367  
-1.187324371  
-0.6076757999  
0.3121028817  
2.014790042  
-0.7433385678  
-0.2214805302  
0.1959495758  
0.9144914399  
-1.601993447  
-0.9608307823  
-0.3218234373  
0.6499181626  
0.6789773682  
0.1291065787  
0.1306633361  
0.03040640033  
2.19140686  
3.317455818  
3.951508794  
0.6112775535  
0.2904384023  
-1.186527778  
-0.151443109  
-0.09028077666  
-0.4601666617  
-2.415230568  
0.369117012  
0.2904367996  
1.426085333  
1.693219311  
2.325537383  
0.6239648773  
-0.5357036344  
1.196068446  
-0.07536537407  
0.1884044743  
-2.261128622  
-1.53455413  
-1.74465832  
0.4961859613  
0.6137446248  
-0.4828556382  
-1.575849978  
0.5683490995  
1.046195075  
0.9620486967  
1.075072014  
-2.640603501  
-2.418181132  
-0.4079865026  
-0.009454256953  
0.004550128409  
-2.446594152  
-2.448522727  
-0.524297382  
0.1202411427  
1.48699617  
0.02360204704  
0.9134155183  
-0.4208751131  
0.8430836095  
1.940239643  
2.326538098  
0.8587014862  
0.6323053921  
0.3178957636  
0.4926397903  
0.2473840099  
-2.433083703  
-1.406715229  
-1.324423257  
-0.1284111614  
0.7254384531  
-0.3501866907  
-1.133789603  
-1.087757859  
1.457221137  
2.274528482  
1.447018212  
-1.011491192  
-1.578200681  
0.02669354623  
0.1561393609  
-0.745426607  
-1.59067109  
-1.065708631  
1.247879298  
1.944691985  
-0.373388929  
-0.6483493875  
-0.5332793501  
0.9305970268  
2.318322859  
0.5976905519  
1.097043459  
-0.1999766115  
-0.5515611616  
-0.9311466563  
-2.670877925  
-1.974325327  
-0.9743542738  
0.06813864668  
-1.708238196  
-0.1070547587  
1.964968411  
2.24223397  
3.86689235  
0.1250260568  
0.1129055659  
-0.6879557136  
-0.5148663358  
0.0775353531  
0.09273029542  
-1.5909117  
-0.341145694  
-0.1572000449  
0.2615226223  
0.6896785004  
-2.108726574  
-0.2223210092  
-0.1650782206  
0.2291041259  
1.510628076  
0.08862502119  
1.00678721  
0.9208682674  
2.16116291  
2.012847479  
-1.838488594  
-1.507547879  
-2.22658608  
-1.109641015  
0.9931421516  
-2.299857096  
-2.150528337  
-1.844221136  
-0.1267578475  
2.304209509  
0.8013582001  
1.038185854  
1.500391958  
1.5406571  
1.581906313  
-0.06905887002  
1.007261595  
-0.239608347  
0.7429276876  
-2.055075048  
-1.45671568  
-0.4135378018  
0.6844788595  
1.150401883  
-0.5260198353  
-2.210507928  
-0.7007753147  
0.2254878865  
1.009715324  
2.856197414  
-1.234613726  
-1.922143753  
-1.353861103  
-0.0565961338  
0.1231272674  
-1.487303861  
-0.9327980842  
-1.372852204  
0.0836555681  
2.528950303  
-0.468890672  
-0.116213216  
-0.3842715363  
-0.9820697633  
1.339034139  
-0.4691851923  
1.318475115  
1.188365059  
0.7512154753  
2.426271818  
0.6832658126  
-1.770078455  
-1.671276183  
0.553945343  
1.978458146  
0.6049592598  
0.07978403996  
0.05534550256  
1.294829943  
1.152288748  
1.082764256  
-1.48223539  
-2.691481205  
-1.322679309  
-1.271690973  
-0.2586130193  
-1.594572663  
-0.7329856282  
0.4497459644  
0.714812337  
0.352466419  
-0.2047558399  
1.057494707  
1.018276869  
-0.1552419179  
-0.549975336  
-0.6735470512  
-0.2221364038  
-3.693551653  
-1.667066083  
-0.1165369389  
0.6721339475  
1.645292189  
-0.3166919012  
1.211428407  
1.624252072  
2.508239056  
-0.2019448596  
-1.323841488  
-0.08207007431  
0.09144720469  
0.4058142172  
