1.768268118  
-1.191523734  
-0.2286777334  
-1.85413589  
-1.287351588  
-0.8980376589  
-2.078880911  
0.6998061948  
0.3243887386  
1.263790944  
1.646993462  
0.6622987872  
1.557409323  
0.2678733177  
-0.6271725103  
-1.543690555  
0.7304606616  
0.3630262632  
-0.8349056926  
0.6489713274  
0.1178109722  
0.9069565286  
-0.2931985444  
0.07614888608  
-0.07957468328  
-0.01922292243  
-0.9053170635  
0.2073556845  
1.461944869  
-0.5046286127  
-0.01245940929  
-1.002381574  
-0.3843986  
-0.05868406261  
-0.0553515972  
-0.2640727197  
0.1625830872  
0.8686732627  
0.6506049823  
1.663937329  
0.9011795307  
0.4635599796  
-0.3258405829  
-0.7113331426  
-1.153471686  
-0.5227582143  
-0.2854798305  
0.524471103  
-0.637405693  
-0.003455494391  
-0.8213888961  
-0.4269093856  
0.9548718341  
-0.247038612  
-0.1037831564  
-1.046010127  
1.49818369  
1.127197523  
0.9162455946  
0.3492973485  
2.244088703  
2.669590839  
3.412497433  
2.992153077  
1.106323163  
-0.9816660149  
-1.59872934  
-1.343693809  
-3.568946904  
-3.081706265  
-3.276727736  
-2.931285647  
-0.3769258628  
0.496211335  
1.134315476  
1.049612842  
0.09194240673  
1.223568872  
0.7925097664  
-0.4737590959  
-0.5344687377  
-0.9741230407  
-0.3032266387  
-0.2867167471  
0.1886225791  
-0.5069220825  
-0.2448796304  
1.430732113  
0.5307681752  
0.6454295574  
0.1588809458  
-0.06165663489  
0.07919816915  
-0.2661823382  
-1.327550039  
-0.7596232337  
-1.992429242  
0.7337217963  
0.4606387499  
-0.9571911115  
0.466513842  
0.07529426007  
-0.66391037  
-0.1021307595  
-0.6665234331  
-0.588778444  
-2.564295662  
0.2830472809  
-1.462098393  
-1.067424231  
-0.8775703052  
-0.02754707299  
0.3931295379  
2.354642253  
2.282039447  
1.976427563  
2.140740702  
0.7989470915  
1.361489935  
0.636760209  
0.947782581  
-0.917529834  
-0.931849834  
-1.593264335  
-3.187866002  
-1.700974023  
-0.06956728606  
0.947073505  
1.527613526  
0.1799212594  
0.1082447418  
0.5920538293  
-0.3456457467  
-1.040208317  
-1.233639137  
-1.327629048  
-1.49297704  
-0.4946157266  
-0.08641063706  
-1.01061675  
0.06651909274  
0.3853088141  
0.6411746346  
0.4424080716  
-1.296401642  
-0.01009344362  
-0.007042530331  
0.5906427042  
1.39552566  
0.4424856849  
0.4763077685  
-0.705887056  
1.775159758  
-0.1659542006  
-0.4229239604  
-1.768473822  
-0.9634082506  
0.5198669235  
0.6200390961  
1.328804015  
0.1403136251  
0.6615255731  
0.5578388592  
1.588324132  
0.7475542651  
-2.144282992  
-2.721539322  
0.4728947545  
1.231677565  
-0.1334274755  
-1.720915668  
-1.440949974  
-1.006047711  
0.1706864612  
0.8472413057  
2.502757474  
1.062910788  
-0.3811317817  
-0.5273063355  
-0.9838305597  
-0.04572353148  
0.08346250334  
-1.951003304  
-1.97994496  
-1.33344647  
-0.8860480998  
0.7752500928  
1.309768774  
-0.3271932501  
0.9777258966  
0.4946001063  
-0.3528119486  
-0.9117837979  
-2.812378942  
-0.5559304194  
-0.9248875622  
0.3390228217  
2.039375392  
1.728715849  
2.457103853  
1.561237061  
2.497764106  
1.575903989  
2.01121905  
2.159363697  
1.863192592  
-0.8427439801  
-0.8033613593  
-1.299070112  
-3.016095962  
-1.472727361  
0.3389920501  
0.7682836829  
-0.3492353783  
-1.370380777  
-1.001688042  
0.4829796575  
1.035105253  
0.7991039483  
-0.2953033434  
0.4293716941  
-1.371585735  
-0.0482118337  
-0.1663185431  
0.3093083606  
0.06528672449  
0.7757096726  
0.8648253995  
1.143440383  
1.319655914  
1.722823668  
0.8282148064  
1.035590475  
0.9849628656  
-1.577833291  
0.1809136142  
-0.6768488599  
-0.4835683406  
-1.413298662  
-0.4349965338  
-1.310904474  
-1.348498336  
-0.9233473206  
-0.7684030121  
0.3256285071  
-0.1420492444  
1.356593129  
2.572411277  
1.711665263  
1.823846161  
1.468539827  
2.027278491  
0.6382413989  
-2.371264895  
-0.897402562  
-0.1092175197  
-0.9896542213  
-0.5650388475  
0.9010157308  
-0.2302109943  
1.254794905  
-1.060136705  
-0.3780418608  
0.4244834491  
-1.51045898  
-1.685129105  
-0.1574758872  
1.02758338  
-0.4259446978  
0.2412374116  
0.3691889469  
0.9324395573  
-0.2172218571  
0.7329810039  
0.2418804934  
-0.6050027788  
-0.1468341449  
-0.9145925321  
-1.355549749  
-0.6064736389  
0.1364124089  
-1.112976883  
-0.4909913026  
-0.8276899749  
-3.092345913  
-0.8980544654  
-0.8323478003  
1.433163845  
1.403713004  
2.543478686  
1.101486142  
1.312037626  
0.4753375496  
0.7480754996  
-1.33927133  
-2.337439151  
-2.059823063  
-1.397996874  
-0.5101488496  
-0.9200718957  
0.4057007294  
-0.03040517331  
1.879949711  
1.988312675  
1.014006643  
1.663293069  
1.572453239  
2.175730309  
-0.1777986204  
-0.1572351055  
-0.5275412137  
0.5802787167  
0.03895031929  
-0.554386875  
-1.271329857  
-1.262964534  
0.02583626951  
0.931239706  
1.435922359  
1.392568113  
0.1266552211  
0.264281228  
0.7374430129  
-0.3473670296  
0.2046402789  
-0.23765735  
-2.209414005  
-0.8983818886  
-1.721318027  
-0.5078395355  
0.404498377  
-0.3011199194  
-1.011214758  
-2.390032331  
-1.965849266  
-1.020016808  
0.2481309591  
1.250509422  
1.077140726  
2.862278113  
2.348676634  
3.018189304  
1.418111145  
0.552115093  
-0.4200928873  
-0.3132327776  
0.0702145706  
-1.142519586  
-2.856075622  
-1.480585015  
-1.555816348  
-1.444390534  
-2.248007925  
-5.179182459  
-4.798832212  
-2.922164551  
-0.7420115638  
-1.015685565  
1.047811344  
0.3809976538  
0.883440145  
0.9021594674  
0.731991581  
-0.3145551315  
0.5556873867  
0.8492809838  
0.9633114881  
0.6706147476  
0.2235515938  
1.639149149  
1.496504463  
3.734257749  
3.03153005  
0.4027159152  
-0.9872158004  
-1.313142937  
-0.5917698774  
-0.9880152552  
0.8452793484  
-1.00556676  
-0.1040111951  
1.264168013  
0.9937165506  
-0.2417455039  
-0.9586807285  
-0.8278319481  
-0.4226298359  
0.01804465533  
-0.2093456668  
-0.2572761997  
0.255727095  
3.163346967  
3.051310775  
3.348121881  
-0.08020377571  
0.7983997943  
0.7446679549  
0.3511536127  
-1.129829433  
-2.25765786  
-2.451930302  
-0.7256922064  
-0.9640862969  
0.1668573395  
1.513175651  
0.2320642531  
2.248456028  
2.245538587  
1.768010201  
0.7916834952  
-0.3136081113  
-1.161689272  
-1.776378106  
-1.34593447  
-0.6840148692  
-0.2966547262  
-1.10291732  
0.1518695758  
0.1326454645  
0.8060232723  
1.937605821  
2.22909262  
0.4128110589  
-2.039064028  
-1.769777059  
-2.783196467  
-2.045059845  
-1.188596597  
-0.9012155343  
0.6178101722  
0.2444440959  
2.032347429  
0.6727356583  
1.671746143  
-0.5948503765  
1.17143015  
0.3039908467  
-1.93523424  
-2.86241212  
-1.921453823  
0.6319316823  
-0.8712107137  
-0.4636213809  
0.3199746362  
-0.5912568732  
-0.4877049309  
2.188295373  
1.617917656  
-1.983423792  
0.6218526333  
-0.234033186  
-0.241451916  
1.920608547  
1.43260379  
0.8357182979  
0.2474846105  
1.32693985  
1.498819571  
-0.1373462478  
-2.538308164  
0.1723374591  
0.3216062794  
0.6697147026  
-0.5789631537  
0.8961039642  
1.576076671  
-1.041642759  
-0.6564088375  
0.4944815949  
-1.23079065  
-0.8266145991  
-1.548872863  
-0.9869787027  
-0.3063411109  
0.6423329475  
1.427089111  
1.788093671  
1.548119801  
2.112839677  
4.834586149  
2.774393836  
0.9299810683  
-2.064361534  
-4.657905063  
-3.222286181  
-1.844399384  
-1.499848177  
-1.731034169  
-1.050490875  
-0.9358697132  
0.6570865863  
0.9347847758  
1.551699068  
0.9851111712  
-0.4083917398  
-0.1678278128  
-0.9680621956  
0.2059604845  
0.1005143189  
-2.954369301  
-1.82509272  
-0.5800801682  
-0.05195405186  
0.4220185747  
-0.1548019677  
1.578640483  
2.125087198  
2.999135091  
-0.264736582  
0.02319574665  
0.02318987878  
-2.899524853  
-0.718609872  
-0.1755522076  
-0.7886998794  
-0.3256158278  
0.8045385179  
2.361796492  
1.99647036  
3.568418071  
3.516300377  
1.992314166  
-0.1290196007  
-0.141231614  
-0.3354059057  
0.8816118545  
1.009659232  
-0.2474563479  
-0.4005920191  
-1.455278566  
-1.382546972  
-1.266819931  
-1.902973431  
-2.096833353  
-3.239244985  
-3.515613683  
-3.306268935  
-1.750508441  
-1.697237581  
-2.408521896  
0.9087174881  
1.964644063  
2.581688856  
3.520498678  
2.082909807  
3.118212508  
1.510644137  
2.162727045  
1.402493867  
1.45368094  
0.2371158575  
-1.231701468  
-1.500186152  
-3.883664324  
-2.040540333  
-1.742781902  
0.1290917828  
1.4687371  
1.458780581  
2.48509076  
2.099986026  
2.351831889  
1.862350169  
-0.9806157094  
-1.656125535  
-2.632710603  
-0.8262381516  
-0.815346679  
-1.760256695  
-2.041710166  
-1.984832834  
-0.06829386458  
-0.5497816986  
1.415964569  
1.014192508  
1.988883331  
3.15896575  
2.434940916  
2.221461795  
1.68538049  
-0.1719395901  
-0.6733927486  
-3.105342929  
-2.231819131  
-0.4942779872  
-1.663191202  
-1.173213977  
-0.3473664927  
1.306489915  
1.377239418  
