1.237758839  
1.222088427  
0.6296976896  
0.5359137148  
-2.729299623  
-2.384095384  
-2.190514074  
-0.8744586396  
1.372696192  
1.004370346  
1.354671294  
1.833181918  
2.374089183  
1.088393139  
-0.3179692746  
-0.8101660318  
-1.481628721  
-0.8863335496  
-1.968347676  
-1.31576896  
0.544598251  
0.9774064672  
0.3444891018  
-0.3685711161  
-1.110274942  
-0.2022181704  
1.55980767  
0.5961125894  
1.748242214  
-0.1020756299  
-1.118736229  
0.6858954264  
1.149981064  
1.070427368  
-0.5717411931  
-0.06883392682  
-0.5307856455  
1.206450349  
-0.5087083276  
-0.4287292714  
-2.287837735  
-2.200721644  
0.5556866598  
1.145702709  
1.633563532  
0.7205949568  
0.2345608763  
0.6210709325  
1.729521817  
1.269731947  
0.4113527716  
-0.4000536635  
-1.635912526  
-1.089310463  
-0.02774015142  
0.8926127772  
-0.4873019577  
-0.1970195495  
-0.3877513381  
0.2451067865  
1.384401738  
2.709328069  
2.101993075  
1.131335091  
2.820241075  
1.624402667  
1.372863976  
-0.409310221  
-2.030831007  
-3.391623705  
-3.306463153  
-2.827256543  
-1.517799911  
-1.73658378  
-2.137664843  
0.4341738497  
0.5758332389  
-0.04819193859  
-1.106974858  
-0.6372329673  
1.311522694  
1.072988626  
1.466218595  
-0.2677659084  
-1.961165727  
0.2247341558  
-0.2885535952  
0.04820583184  
0.6681281103  
0.1934937895  
1.896047394  
0.3884627592  
-0.6776007299  
-2.195416706  
-1.611691866  
0.07477736466  
0.193195037  
0.8066086585  
-0.4108917437  
-0.6518147476  
-0.1721446177  
-0.5718490826  
-0.8485226599  
-2.430438535  
-1.173013313  
1.044020862  
0.8636382969  
0.7229285848  
0.07127790636  
-0.674086234  
-0.3733022312  
0.3020017012  
1.405711389  
0.4481808463  
0.3001673336  
0.4613681239  
1.162554267  
1.228442029  
-0.3112007793  
-1.141307464  
0.1308935579  
1.013124134  
0.4422534421  
-2.033764147  
-1.509321359  
-1.262521518  
1.046159436  
0.8821291736  
-0.6567879551  
0.6786654899  
0.4053557955  
1.491560611  
1.142162354  
0.7358281354  
0.597580936  
-0.4137014699  
1.265324389  
-0.1643802  
-0.6484446753  
-0.2332873953  
-0.241731159  
1.298276028  
1.042458997  
0.7957221257  
0.419157422  
0.1621589133  
1.721117952  
-0.7475826552  
-1.65791082  
-1.20037022  
-1.421993269  
-0.412032163  
0.6169875184  
-1.139055293  
-2.525446713  
-1.524242885  
-0.6968136522  
0.9713903949  
0.01878557498  
-0.3493393987  
1.061094458  
1.051660397  
1.699166592  
0.6888106192  
-0.3314827379  
0.1174189229  
0.5161092256  
0.8687242116  
0.4102530686  
-1.799887123  
-0.5786447936  
0.5322567973  
-0.08935246452  
-1.077485814  
0.1493737057  
1.031379888  
0.8234466822  
-0.3149509225  
0.7258086903  
-1.044647037  
0.09946169042  
0.05339043152  
-1.714260475  
-1.254734349  
-1.276850883  
0.01131325037  
-0.04781747144  
-0.6853188596  
0.8763276112  
1.536186747  
2.399897079  
0.1980112029  
0.7901588755  
-1.427103412  
-0.6776589167  
-2.451959626  
-2.045717685  
0.3185749412  
-1.242070457  
-1.175888252  
0.6055789407  
1.373007888  
3.670996109  
2.535764892  
1.507844217  
1.631293781  
0.04863805284  
1.047976761  
-0.4914439105  
-0.1546197323  
-0.9016083898  
1.109257635  
-0.3259612147  
-1.5094462  
-1.24709681  
-0.006206250506  
1.739666089  
1.721139474  
1.01591359  
0.6049777004  
1.992538824  
1.691001928  
0.1821954289  
-1.867877294  
-2.433811471  
-1.17087144  
-0.7027596067  
1.231879232  
0.1232217408  
-0.9561523782  
-1.123302417  
1.168409213  
-0.8555744244  
-1.835277331  
-0.7708554511  
-1.417884363  
-0.7464285059  
-0.3533286941  
-0.245673857  
-0.1174144124  
0.3258889829  
0.6251903585  
-0.521919151  
-0.6248816977  
1.343919776  
3.079936159  
1.347344839  
0.5970648508  
-0.01866065387  
-0.05729810085  
0.9809570478  
1.095416217  
-0.3871791472  
-1.29444809  
-0.8963476917  
-0.5970828097  
0.5273775892  
-1.666528058  
-0.7511743677  
-0.0736673422  
2.261486457  
2.758258124  
1.023533878  
0.4580814814  
-1.550263313  
-1.214254387  
-2.748470972  
-3.679456461  
-2.290620425  
-0.9294275818  
-0.1236763642  
0.865695739  
0.1451928209  
-1.697932937  
-0.1308977612  
0.04320500379  
1.085269766  
-0.05700704892  
-0.9190516224  
-0.3121646653  
-0.8948391831  
0.3762809186  
-1.470562474  
-0.8440278112  
-1.102105693  
-0.3935618667  
0.8786096851  
2.081147491  
1.93051404  
0.8632431622  
1.27338413  
2.46030476  
1.36396035  
-0.6579225337  
-1.326319869  
-2.002414364  
-0.1398563567  
-1.016149861  
-1.700142719  
-1.152763087  
-0.4918185405  
-0.548386523  
0.7493296367  
1.095659072  
0.3304880653  
1.876869348  
1.236816206  
2.638687785  
1.28019942  
0.004009711916  
0.05639768537  
1.229752529  
1.852167617  
-0.3448481259  
-2.615798365  
-1.737117954  
-0.79888187  
0.3640220158  
1.470156033  
1.352089627  
0.9083881504  
-0.07488487333  
0.004411073133  
-0.5473652379  
-1.501709696  
-2.238078419  
-1.003084656  
-0.9862761332  
0.4287112067  
0.165052343  
1.40208324  
1.100189757  
0.8703931497  
0.6635216598  
-1.640352622  
-0.7951210901  
-2.052092828  
-1.023006329  
0.6038375709  
-0.1118907642  
2.629513477  
3.067267497  
1.903760757  
0.202107943  
-0.2346438084  
-0.1277112595  
-0.6260637446  
-0.6955806383  
-0.6974949765  
-2.420972855  
-0.3535161766  
-1.540715354  
-0.7335106712  
-0.5698364981  
-1.401130215  
-2.04124472  
-2.486561992  
-2.258333276  
-1.503750139  
-0.4563096954  
0.03205829981  
-0.7776192383  
-0.9125364606  
1.277825405  
0.3848930489  
3.332892427  
1.824683455  
-0.1184308863  
0.7089494015  
-0.1661531014  
0.7584607043  
1.750228932  
0.8245571384  
1.957672296  
1.316614471  
0.4163246478  
-0.3520229419  
-1.216342731  
-1.371531313  
-0.1634691498  
-0.125223946  
-1.174110391  
-1.475488181  
-0.8559012624  
0.297340317  
1.215584013  
-0.176545497  
1.05034847  
1.127529142  
2.491197177  
2.860569869  
2.470160012  
0.6129655185  
-1.297924729  
-1.544220044  
0.2256410905  
0.8860682074  
0.06938146258  
-0.5311627075  
-1.741543352  
-1.959289795  
-1.229506586  
-0.2796563521  
-1.870261633  
-1.846335368  
-0.7580188156  
0.5927325788  
3.009916489  
1.3890815  
-0.4484490019  
-0.409397775  
-1.025353335  
-0.08338403883  
0.7884847228  
-0.1031656635  
-1.013585331  
-1.055704304  
-0.3026551672  
1.213651308  
1.090401237  
2.011222328  
2.698635087  
1.835140757  
1.903720303  
-1.007097563  
-2.279912036  
-2.283796504  
-2.002578989  
-1.703092115  
-1.076766182  
-1.822122982  
-1.703960812  
0.6784734353  
1.813272386  
2.257852606  
1.190867571  
-0.0951519162  
-1.257767917  
0.3689691277  
0.3888436807  
0.4823236577  
-0.2306542932  
-0.2190621045  
0.115689897  
-1.343465724  
-0.6272023255  
-0.723736141  
-1.113845274  
-0.9196378966  
0.07987165915  
0.6215534951  
0.2105310161  
-0.4726701338  
1.487711888  
2.509447831  
2.392059  
0.3927859337  
0.3643155697  
0.3787232343  
0.2832574105  
0.6468053753  
0.6771659992  
-1.04245443  
0.09859185429  
1.032755603  
0.1204562523  
-1.016540797  
-1.681014653  
-0.1412211117  
0.1326136731  
-1.2906935  
-1.47168931  
-1.172368828  
0.5753165264  
-0.09722045661  
0.1047008584  
0.8593215738  
2.261607918  
3.438780993  
2.463863523  
1.741431778  
-0.1966638494  
0.1636765372  
-0.7026051795  
-0.4996521904  
-1.939750696  
-2.572723456  
-3.912735191  
-1.97585089  
-0.07318743699  
-0.1801520694  
0.5024035994  
0.3767279651  
1.462002681  
1.852397132  
1.128436547  
-0.4442208387  
-2.169030802  
-0.8993940005  
-0.05824394141  
-3.237817798  
-3.536794119  
-2.465429925  
-1.46000151  
-0.26706267  
-0.05310568708  
-0.517977856  
0.4177775615  
0.8735552591  
2.690725102  
1.757641242  
1.57301214  
-0.1213052158  
-0.1232782955  
-0.240132606  
-0.6299552727  
-1.600040723  
-0.9296461841  
-0.2866586848  
0.2391732378  
0.6087826832  
1.81797479  
2.916116472  
1.458748872  
0.851651081  
1.146733524  
0.5015234871  
-0.4270578893  
-0.3219084361  
0.7784182054  
-0.1618829652  
-0.6432662096  
-1.201483178  
-1.154562787  
-0.9731614112  
-0.1689808989  
0.4780904593  
0.2104302679  
-0.6053654954  
-0.3922012948  
0.1418218015  
1.127702439  
1.634151079  
1.099938602  
3.186968146  
3.344327331  
0.4124900874  
-0.5438676589  
-1.116814916  
-1.729131265  
-1.105899407  
0.1296726666  
-0.8581373151  
-0.8191540211  
-1.449419563  
-0.2531654855  
-0.340606828  
-1.084254174  
-0.7828063753  
-0.200752219  
2.11254439  
2.062865219  
0.8141140505  
-0.2332038932  
-0.340099988  
1.64760016  
0.9726685316  
0.4874525275  
-1.574962712  
-0.5635577396  
-0.451144138  
0.6471826567  
-0.05394517504  
0.06794335111  
0.7375278211  
1.005406165  
1.120069132  
1.702360923  
1.189055799  
0.4602208149  
0.4679448049  
0.2609225948  
0.06552466194  
-1.756885489  
-0.9939653565  
-2.030550767  
-0.062755765  
0.08071757253  
-1.11077382  
-0.4166966414  
