8.943262036  
4.2721116  
-5.261249033  
-9.384185221  
-1.373588851  
8.994646707  
4.779460086  
-2.711214834  
-9.826662389  
-3.073517645  
6.38756384  
7.075247649  
-3.237706644  
-5.864543715  
7.016506221  
3.384544235  
-7.795645262  
-8.515918501  
-1.141408392  
9.918520768  
0.8123327471  
-5.513880059  
-8.073961401  
-3.278051602  
6.259268736  
8.93719487  
3.381001961  
-8.319637283  
-4.877082411  
1.843504049  
9.391274359  
-1.313680591  
-8.349176446  
-7.499273144  
-4.780738862  
5.859896076  
10.54265948  
0.9934590043  
-8.933253737  
-4.874412842  
2.032432407  
11.54602412  
5.22416135  
-2.076634926  
-8.87243329  
-3.294156709  
4.135119592  
8.167747096  
2.500821976  
-6.214043429  
-8.499510718  
-3.381074221  
7.343735865  
7.104726045  
-2.043564787  
-9.725752953  
-4.748511628  
4.221638161  
9.427674706  
1.752300704  
-6.310292878  
-8.060298682  
-2.249621961  
7.769925506  
8.569072831  
-0.7381167983  
-9.543700183  
-5.471734215  
3.420014254  
8.734558981  
2.431584996  
-9.516869775  
-5.549278233  
2.974965351  
9.624358936  
1.847498897  
-10.20699452  
-3.443936505  
8.037101871  
8.656843838  
-0.4004374616  
-8.554598333  
-5.23847523  
2.637264113  
9.952869029  
1.322984904  
-9.143793985  
-2.193441523  
7.307504302  
5.05908525  
-2.541240575  
-10.36279383  
-3.011872443  
6.501200271  
6.762794289  
-0.5661840234  
-9.783913595  
0.01987823383  
11.22105651  
5.134244938  
-3.261452212  
-5.897863093  
7.185667909  
11.13641298  
5.155113169  
-1.950845744  
-10.10833962  
-3.986942333  
6.300042645  
8.987538069  
0.571372105  
-6.231120777  
-7.768109523  
0.7825345576  
11.15119201  
7.935079255  
-1.381628626  
-8.35227969  
0.325946924  
9.368994983  
-6.00337902  
-7.125109119  
2.262219795  
12.13264907  
1.986892044  
-9.139709555  
-4.802916616  
5.064394169  
9.081377455  
1.025931302  
-9.066419888  
-9.743712678  
-3.977899903  
1.433196311  
-9.629289037  
-17.95630841  
-13.05689591  
-0.3756218763  
5.197552253  
-1.636566053  
-11.1929339  
-9.002751916  
6.127044387  
10.35526231  
3.658004798  
-7.761952916  
-8.253448896  
-0.3883771668  
12.13855897  
7.260737898  
1.111739543  
-8.893336399  
-2.255325764  
9.274703886  
10.50269654  
2.889594582  
-8.038082314  
-4.078806928  
8.94667235  
9.060712956  
1.481427301  
-4.167621112  
-9.064451435  
0.2927269538  
11.70621381  
2.890205898  
-9.641847314  
-2.496993477  
12.25936601  
6.153522567  
-3.620450995  
-9.362854245  
2.977543326  
8.695637976  
-8.027191682  
-4.406622978  
11.21449133  
5.588192812  
-4.846078054  
-9.333764626  
-5.094537894  
0.604888937  
10.2992781  
-0.4174978795  
-10.25186177  
-4.776872237  
3.98524305  
10.39551825  
-2.342337024  
-10.4114303  
-0.8927269403  
10.83595096  
-0.7265897639  
-8.685044489  
4.069931149  
5.210397728  
-9.847673362  
-6.103133899  
3.890525537  
11.2276479  
6.938634961  
-4.534519937  
-9.17797708  
0.5451703577  
10.25108104  
-1.141842848  
-9.153707723  
-2.299138422  
11.7671385  
0.1567785267  
-10.424668  
-3.992947895  
7.553646214  
9.269929658  
0.3044923934  
-4.647227565  
-9.665123017  
-1.807780975  
10.07712156  
6.916215275  
-2.725137803  
-8.813697407  
-1.612733196  
8.296328217  
8.420432574  
-2.101203047  
-9.084746156  
-4.000551933  
8.954511723  
5.295148373  
-9.265721859  
-5.222748813  
3.752066409  
12.0071901  
0.7211877591  
-7.741302752  
-8.795207389  
-1.311794769  
12.80308844  
-0.2235203596  
-9.900358164  
-0.7251682085  
8.848103632  
4.290458861  
-6.412545518  
-9.305430392  
-1.368999078  
9.169522546  
7.025129016  
-3.248575933  
-6.528489787  
0.1281855503  
11.55267673  
7.651717315  
-8.469036839  
-6.34856511  
4.57270769  
7.146429182  
-3.231758113  
-8.930242517  
-2.581380907  
10.60055376  
8.601875843  
-1.792792238  
-8.745616083  
-5.765501903  
1.312527323  
10.87551072  
7.348553535  
-1.087441253  
-6.997526758  
-2.626953404  
7.47684926  
9.649227237  
-1.692120012  
-7.979220967  
-2.390250183  
5.707035867  
7.167914497  
-2.482007997  
-7.723116362  
-7.684536351  
-3.554258226  
4.872120934  
1.102531307  
-9.15040491  
-13.27078774  
-4.598228938  
7.789495713  
4.514181149  
-10.26266304  
-4.007946506  
11.02975222  
11.16395698  
2.132928483  
-7.377064725  
-7.510001828  
0.9548980314  
8.040038532  
7.562095416  
-3.286858802  
-8.505554817  
-2.206215004  
6.806629915  
8.911902959  
-2.112020962  
-7.917143569  
-2.530028222  
8.800671447  
8.212139983  
-1.622691024  
-8.687678033  
-5.972469916  
2.264549018  
5.998469051  
9.637938876  
-3.972987978  
-8.968887433  
-5.068821498  
8.571311145  
7.379454948  
-2.187929635  
-9.400893392  
-2.517727446  
6.774924668  
8.994843719  
1.744665738  
-6.879718688  
-5.984879695  
2.505003508  
12.96505587  
6.923747929  
-4.19712612  
-6.752891426  
5.630969787  
6.26341189  
-9.643715399  
-1.099388163  
8.071322272  
-6.844350654  
-7.376367662  
-2.865492704  
7.538629085  
9.433042338  
0.8015810664  
-5.36402757  
-7.463465264  
0.4442410042  
1.355269008  
-2.12450271  
8.360770754  
3.126910835  
-5.835777139  
-9.905746379  
-6.869579216  
1.446751157  
11.08466059  
1.330753626  
-5.847470963  
-7.988553554  
-3.055890352  
6.071120664  
11.86160858  
4.631039089  
-4.838630781  
-7.240856442  
-2.633711953  
6.827756303  
8.001276058  
-1.286786972  
-8.517907142  
-2.278229511  
5.929384756  
5.707157632  
-2.834671008  
-6.977070784  
3.034745207  
8.521560095  
-2.888189283  
-7.58502982  
-4.576792508  
-0.3919775947  
10.06852659  
-1.269843152  
-7.50838879  
-2.463622553  
6.903743185  
8.723951117  
1.946850704  
-1.680230486  
-6.379431873  
-2.651913044  
4.414566352  
12.29982273  
4.007578774  
-2.868914842  
-6.100128381  
-2.717591134  
3.570943241  
11.07963463  
1.210655622  
-6.772834735  
-4.263974697  
5.788345551  
11.17051954  
2.454630725  
-5.213088938  
-5.571059595  
-0.4721872029  
8.168109401  
9.19332607  
-0.2780434853  
-5.326196273  
-6.218517351  
-1.372085199  
8.74702006  
6.14823237  
-6.913815027  
-15.49092302  
-8.080805082  
1.423486991  
0.05483400608  
-6.572700936  
-13.60401263  
-6.964442378  
2.352414456  
5.658749392  
-5.101420806  
-8.401082546  
-2.235082253  
7.087513738  
9.229134156  
3.954700123  
-3.615131987  
-7.626112536  
0.931792925  
10.17009617  
0.645517608  
-1.008271771  
-7.646183726  
-3.099740408  
4.461871985  
5.615097136  
-1.093092628  
-6.219543017  
-5.15097504  
-0.6754302181  
8.580351355  
4.615962369  
-6.007731381  
-4.565367191  
4.863982736  
9.205304463  
-0.344071411  
-5.519463584  
-4.822375398  
3.270599796  
9.92773269  
-2.299088447  
-8.183446226  
-2.92561355  
6.396683757  
6.960479873  
0.4868540475  
-6.025312106  
-3.406925132  
5.290723462  
5.842918456  
-6.617101805  
-2.063578317  
7.85993042  
1.895975572  
-6.40017486  
-5.720425512  
-0.7252225113  
7.1293714  
5.558122672  
-0.7041002325  
-6.918102899  
-0.9943395729  
7.647055241  
7.205781378  
0.5885103515  
-3.244508472  
-8.582065574  
-2.765008636  
9.049063046  
5.361734032  
-4.112831683  
-7.501140763  
-2.88893435  
5.793412337  
10.11579331  
2.418378791  
-6.902553313  
-1.242440433  
7.203777629  
6.649498941  
-4.347456547  
-8.703770985  
-2.026146685  
7.558276881  
6.740831806  
-3.548249666  
-7.353345497  
-2.029809889  
7.310314443  
10.03376164  
1.18828148  
-6.779582089  
-3.392271735  
2.840242003  
6.571849171  
-2.463049325  
-4.305423153  
8.117715868  
6.099717039  
-4.013657631  
-6.42237615  
-0.6289656171  
7.147198803  
8.862027874  
-0.1424169237  
-4.561536961  
-5.308226647  
0.3828141151  
7.805904501  
8.221382013  
-3.229781708  
-12.01517863  
-6.517416446  
-0.2932621604  
-0.1638233075  
-10.68526175  
-13.56826872  
-6.853209297  
4.220660058  
2.579126942  
-7.80070515  
-12.6335542  
-4.678891562  
5.520151418  
5.893803512  
-4.624914516  
-6.787400233  
0.2607465047  
8.566719259  
7.917094665  
-3.659358622  
-6.600684045  
-2.371988986  
7.372845802  
8.773511588  
-2.065367584  
-7.762146019  
-4.55795051  
0.5832089949  
8.589873641  
0.9133839414  
-7.060088856  
-1.707657297  
9.775691301  
10.6186519  
3.013778662  
-4.780737887  
-6.842793763  
2.155181505  
7.862398694  
-0.4851568072  
-7.062508027  
0.4639882814  
9.379314738  
-3.914803855  
-7.458389859  
1.331524214  
6.694204819  
-5.391280811  
-7.01264931  
1.443645488  
11.31380949  
3.867729473  
-3.862957987  
-7.094816675  
1.092620097  
5.121603369  
-5.785232185  
-7.776929727  
-4.402132698  
4.642082917  
6.866462592  
