1.192524025  
0.1896590908  
-3.099007003  
-0.9696034201  
-0.6957955953  
-1.255843564  
0.3095646591  
-0.7439986663  
2.337576353  
1.927406948  
1.336673443  
1.852622497  
0.1874494865  
1.894166088  
-1.137372095  
0.7375413782  
-0.450002599  
0.104002267  
-0.2478268366  
-2.37318891  
-0.8129797503  
-3.080259847  
-1.238484593  
-1.950790685  
-0.6565639896  
-0.04903850049  
0.4008345798  
1.944122139  
-0.2543747298  
0.3648235014  
-0.8905760705  
0.4720301403  
1.46236186  
1.043343191  
1.482467826  
2.103170195  
1.066020987  
-0.1053706691  
2.272606764  
-0.1656388452  
0.2592713012  
0.007394772094  
-0.3619481103  
-2.289217294  
1.494002245  
0.002453920857  
0.4338900397  
-0.243086462  
0.3669717527  
-0.6027571884  
0.09102762161  
0.5195060262  
0.1494372179  
-0.1569948679  
-1.979548445  
0.9527559471  
-0.05168801045  
0.9999901033  
-0.6696010973  
0.1724626447  
-1.055091204  
1.25733126  
-0.3339987861  
0.5378910631  
0.5229070491  
-1.539056526  
0.8704003067  
-0.5876794259  
-0.5007437073  
-1.002684058  
-1.608720579  
0.8234761203  
-0.3969175209  
0.1544856058  
0.03269699125  
-1.971991462  
0.6077582423  
-1.211497775  
-0.4460632411  
-0.2669858511  
-0.8766385392  
0.5009177502  
-0.3405279175  
0.3264714298  
-0.7474129144  
0.06133598897  
2.73323562  
-0.2230512026  
-0.1264386997  
0.1383957959  
-1.832966608  
0.5309500879  
-0.9577071768  
-1.192909682  
-0.3559811039  
-2.988286242  
-0.1025797671  
0.3097031064  
0.2813427919  
1.002504248  
-0.7922157767  
0.4431334677  
1.128763351  
-0.3371436628  
0.2401816802  
-1.247231132  
0.536565095  
-0.03731845767  
0.4014016795  
-1.907935258  
-0.6293947004  
-0.4658416867  
1.26854977  
1.846445018  
3.642688973  
2.557235511  
1.733910457  
2.451127496  
0.6693288174  
0.488762446  
-0.9562135088  
0.1940092117  
-0.03703141486  
-2.481759412  
-2.048361262  
-0.1219199473  
-1.491467013  
0.07271623155  
-0.3087042753  
-0.7820008906  
1.34045614  
-0.1885517428  
-0.2513550565  
-1.825110418  
-1.234524429  
-0.5388402875  
0.2300821486  
0.1010159677  
-1.377269363  
-1.026620137  
-1.269792564  
-0.6760734463  
-0.3345363687  
-0.5154470731  
0.466037238  
0.09560432579  
1.225159219  
1.845216429  
0.3193759971  
0.6672065725  
-1.468204037  
1.247871949  
0.5607424538  
0.9794475199  
-1.478023198  
-1.110691805  
-0.3866758243  
-1.143454631  
0.2725099737  
-1.495134071  
-0.4391540791  
-0.8848534023  
1.914490447  
1.446126509  
1.374446261  
-0.7271498244  
1.554528608  
1.468123486  
-0.08329742878  
0.1579647255  
-2.295700052  
0.1221329139  
-0.05322234042  
-2.32632385  
-0.3854859817  
0.5798044412  
-0.1496690112  
0.7350117667  
-0.2914638231  
0.9454020046  
-0.4769837864  
0.1358628375  
0.3947816946  
-0.3849122671  
0.8709862136  
-0.9044180873  
0.1313461268  
-0.8516328001  
0.4271796845  
1.506207358  
-0.08347984496  
-0.4842378503  
-1.027057708  
0.7814471989  
-1.026830717  
-0.2154799241  
0.2213227954  
0.02945287312  
2.20369579  
1.49790591  
0.3435759283  
-1.473401686  
1.557404886  
2.048230567  
-0.1883261621  
-0.1485826961  
-0.7790559608  
1.138264587  
-0.444105061  
-0.2433624592  
1.97909357  
0.01679469523  
-0.03561108579  
-2.085720624  
-1.209906825  
-2.850575702  
0.9233083093  
1.362193366  
0.4049554702  
-0.003952476122  
-0.7605651934  
1.005059058  
0.1211213827  
1.267406232  
-1.265112309  
-1.338538609  
0.7088637621  
0.9873074401  
0.6074586667  
0.4416719974  
1.217129437  
0.7312736993  
0.5134086079  
-1.868542264  
-1.292832562  
-0.2089060089  
1.849474645  
0.02214674772  
0.1117018041  
-1.149137699  
1.768836577  
0.8926262704  
-0.3573831196  
-0.8593154736  
-1.457999161  
0.3522317448  
0.3579705512  
0.4394112568  
-0.436932692  
-1.360506148  
1.007606974  
0.7705148441  
1.417700283  
0.8233469519  
1.664604425  
0.3709401589  
-0.5609073177  
0.375025474  
-1.578994357  
0.9206893761  
0.3114423027  
0.4366539659  
-1.292040163  
-1.992453832  
-0.1582609304  
-0.5003110185  
0.3216054043  
1.063222478  
0.2081356221  
-1.022441022  
1.237894219  
0.3453513313  
1.591775934  
0.5056990836  
-1.429460227  
1.377629269  
0.01282923947  
-0.5287704459  
-0.3424920512  
-1.800265266  
0.05474205948  
-1.306480673  
-0.3806835485  
-0.9206871774  
-1.250137508  
-2.942278677  
0.6583801989  
-0.9524721452  
0.7212890298  
0.4492769296  
1.98407656  
0.6915252981  
2.520353034  
0.5771150109  
-0.9028541698  
-3.570083889  
-0.6534606936  
-0.3262173609  
-0.4566397889  
-0.2747052303  
-1.784790087  
1.767958317  
-0.3838560421  
0.5875178198  
-0.9952979289  
-1.366787653  
1.565791527  
0.2149440343  
1.753002384  
0.0674076446  
0.3552694427  
0.4320263439  
0.5125387211  
-0.6710167283  
1.360037066  
-0.02593859482  
0.9235286279  
1.030816158  
1.632578713  
0.5715230811  
1.88377321  
-1.153924916  
1.526781354  
-0.3526482636  
0.03678032053  
-0.2340728772  
0.2230978504  
2.183762054  
0.5276691439  
0.9212445451  
1.078160031  
0.3813136934  
-1.633455719  
-1.279819661  
-2.160455736  
-0.9089838821  
1.370197824  
-1.180750148  
0.603742894  
0.5390405657  
1.277530041  
1.178773291  
0.7331405514  
-0.5316589291  
1.030388593  
-1.97967279  
2.285164294  
-0.7866593825  
2.755557466  
0.9375557623  
-0.9013908329  
-0.6209881308  
-3.522534931  
-2.382327019  
-3.689464735  
-2.53437507  
-3.802762314  
-2.103382528  
-4.663026831  
-0.7649788133  
0.2350297065  
0.9851935954  
0.948534855  
2.205705473  
-0.1018749798  
2.227175338  
1.585739464  
0.4401313116  
0.5670361186  
-1.315619795  
0.852109427  
-0.7612173547  
0.6134915254  
2.114349459  
0.4708941736  
1.49284198  
0.121360751  
-0.240944408  
-3.030262793  
-0.2381444417  
-0.5759974177  
0.6797591024  
0.9298878377  
-0.1800046639  
1.153364127  
-0.1520212284  
0.8303763924  
0.562566695  
2.087501067  
-0.2006104328  
2.554919018  
0.3565982274  
0.3561979788  
-0.215256254  
1.408182823  
-0.2379719624  
2.328356533  
0.9995965489  
0.985054574  
-0.61815023  
1.080401543  
0.3332046318  
-0.8068768554  
0.9810907955  
-0.3338922607  
1.955219894  
-1.135692614  
0.04781094272  
-1.016548077  
-0.05440777777  
-1.766470977  
-1.159069515  
-1.566646975  
0.201448815  
0.7229853898  
-0.356471461  
0.5134640087  
-0.8225479054  
-1.563200592  
-1.242932946  
0.7450493441  
0.9131738126  
-1.522761376  
0.4730800025  
-1.063389317  
-0.8470041386  
-1.015489448  
-1.653914461  
0.02062118416  
-1.537047823  
-0.1158537452  
-0.6476378208  
0.5506558084  
-1.916647464  
1.31144142  
1.267375768  
1.22615423  
1.775708525  
0.2014523817  
0.9910020494  
0.1949397143  
-0.2261807616  
0.41519027  
-0.1434377749  
0.07360624486  
-0.936125651  
0.2495290111  
-0.810045685  
0.4828260539  
-0.6673035019  
-0.2338591901  
0.8348189625  
-0.9253080215  
-0.4741566214  
-0.951358613  
0.9254530624  
1.568321173  
1.224822861  
-0.1840235282  
0.969203453  
1.535583205  
0.4847691257  
0.778211698  
0.07851605245  
-0.9947710786  
-1.55206299  
-1.044192426  
-1.348241889  
-1.270803281  
-1.242428193  
-3.254529327  
-0.7835762792  
-1.842675131  
-0.2252930203  
0.8460489189  
0.3715273266  
1.78979046  
1.581456228  
3.683222913  
1.244178679  
2.358975927  
0.3963097148  
0.503484328  
-1.081351904  
-0.001849143308  
-0.7991781534  
-1.171243296  
-0.3263702562  
-1.60745942  
1.656692924  
0.1273091966  
0.2809523849  
0.70460917  
-0.4233357427  
1.160179305  
-0.5623281172  
0.6016171507  
1.383218938  
-1.039508915  
0.5925520889  
-1.305166467  
-0.5446399931  
0.3982987138  
-1.745739266  
0.6441899123  
-0.5697071015  
0.8750152749  
0.8415212842  
-0.1156931065  
2.118604766  
1.230742329  
0.1629064985  
-0.1863033422  
-2.107760772  
0.2579724593  
-2.40481694  
-1.118130979  
-2.698592587  
0.529654381  
-0.1095413091  
2.25014057  
-0.07320645106  
0.9221626942  
0.3696706887  
1.733742828  
1.703587197  
2.214846208  
1.901810213  
-0.8672116496  
-1.2646542  
-1.280667187  
-0.1787247478  
-2.985556006  
-3.5518121  
-0.8008539118  
-1.941248518  
-1.747058426  
-1.457088075  
-3.275696378  
0.1095807586  
0.3010161868  
0.5350636276  
1.353177996  
-1.016790596  
2.365621554  
1.490125834  
2.832076268  
1.049247759  
0.4888784409  
1.337362957  
-0.2642850336  
0.03465192965  
-0.7674569574  
-0.5782585009  
1.131890325  
-0.214697363  
0.7712783856  
-1.215148823  
-0.6364416845  
-0.6511213457  
-1.741591472  
-0.05646566295  
0.4809432685  
0.8349486766  
-0.8587083449  
2.055267022  
-0.1324479043  
0.07292816174  
-0.699524685  
0.8163111819  
0.8459065445  
-0.567921351  
0.2681921345  
-0.4299702539  
-1.321027131  
0.006430273941  
-2.120329519  
1.326943003  
1.928495794  
1.0081132  
1.829139053  
-0.01610474119  
2.103318429  
-1.330007766  
-0.4975431842  
-0.9033118825  
-0.8645802673  
0.1001889752  
-0.8045114372  
-0.531967967  
