-1.658833606  
-0.1803855635  
1.037768021  
0.04650047319  
-0.7053619244  
-0.4910350262  
1.071182054  
1.429098899  
-0.005223301155  
-1.349172605  
-0.9120694649  
0.4302658382  
0.7757669425  
-0.2088026553  
-0.8854360374  
0.5259166457  
0.9754990032  
-0.4553046959  
-1.0713282  
-0.1177808156  
1.102706524  
1.320394527  
0.8212402261  
-1.336657233  
-2.052550176  
-0.8103999863  
0.5027036266  
0.217284403  
-1.328665533  
-1.507630384  
-0.24661224  
1.068333981  
0.9550190914  
-0.3182698307  
-0.5876858758  
-0.6589180674  
-0.2210992286  
0.3660294147  
0.1218445246  
-1.201677794  
-1.245638521  
-0.4600499989  
0.3305646743  
1.046943324  
0.4100946101  
-1.000203993  
-1.276304884  
0.4038212  
1.387851511  
0.7276038004  
-0.03297541757  
-1.08765265  
-0.9512438821  
0.6470192342  
1.002552764  
0.8485204175  
-0.4086650837  
-1.649726314  
-0.7767044102  
0.5047035384  
0.4326281101  
-1.478517849  
-2.835115637  
-2.180368694  
-0.5376966185  
0.5015029695  
0.8573012424  
-0.2422051595  
-0.95462812  
0.8884484975  
1.607534188  
1.612711035  
-0.1040247166  
-1.048875368  
0.1292737523  
0.7368236948  
0.4261438053  
-1.251698257  
-1.300859426  
0.5292207525  
0.8834520418  
1.097655799  
-0.3250502423  
-0.6496761264  
-0.003093177635  
1.202097319  
0.4299029765  
-0.762419283  
-0.3984016806  
0.5538666132  
1.079198313  
0.3520794767  
-1.279574011  
-0.8706803963  
0.7058520625  
0.8913455302  
0.02212079858  
-1.133509986  
-0.4609389  
0.6255457519  
1.191603104  
0.1032591011  
-0.5900669964  
0.2197504397  
1.316511028  
0.8290217464  
-0.1771962232  
-0.3065540026  
-0.4346891917  
0.6018073887  
0.8731377421  
1.021539355  
0.2546001698  
-0.328191014  
-0.5506438629  
0.533628083  
1.411915435  
0.9176173815  
-0.2857365142  
0.1594464154  
1.237949877  
0.1299103956  
-0.2224375412  
-0.3582339281  
0.4718604162  
1.301278871  
-0.5694201934  
-1.646795903  
0.1353938978  
1.417017176  
0.4720632228  
-4.734240655  
-6.376751504  
-6.294490718  
-0.9543678355  
1.821036416  
-0.2278938375  
-3.285579914  
-1.918242575  
0.4712690887  
1.377583597  
-0.1830364998  
-1.876151228  
-1.297205416  
-0.07911598126  
0.8168070368  
-0.1943928599  
0.1223568189  
-0.2292544743  
0.4011272127  
1.035907343  
1.217082239  
0.1346510189  
-0.7138754698  
0.8918297371  
1.499399995  
1.532092458  
0.02818604542  
-1.180674493  
-0.01922976265  
1.062939358  
0.9936622183  
0.6447743158  
-1.039707462  
-0.6270510049  
1.769734976  
2.543191999  
0.4134230236  
-1.348812281  
-0.06179843129  
0.8702978923  
0.8759070675  
-2.03702745  
-0.4926361549  
1.836177669  
0.2291250644  
-2.131346949  
0.4931221504  
2.141444733  
1.702503253  
0.47117363  
-1.136446318  
-1.722725491  
1.862653557  
2.051497168  
0.5443033569  
-1.147804267  
-0.6795948424  
1.316620551  
1.062444747  
-2.602398315  
-2.558833699  
1.776896644  
2.560661405  
-2.827606604  
-0.5308905984  
2.543510287  
1.888751086  
-1.897564011  
-2.373708665  
-0.8493698704  
1.615225342  
1.445918251  
-1.960696387  
-3.163875309  
1.320795891  
2.281072615  
-0.4800791356  
-3.119598016  
1.64684753  
3.196154927  
0.4862105304  
-2.950934809  
-1.112248874  
0.2451353947  
2.307115361  
2.533395189  
-1.214168716  
-3.407584483  
-1.178254625  
1.983810767  
2.062800164  
-1.577564205  
-3.121195974  
-1.401358401  
2.069027364  
3.827293203  
0.5699070404  
-3.734585604  
-0.1114232808  
3.235841533  
1.093991159  
-2.26092044  
-1.265576875  
0.5455660004  
3.251945564  
2.085518627  
-0.8575069899  
-3.807100932  
1.636780896  
3.350681658  
-2.245294917  
-3.219183479  
0.8330741923  
3.689277711  
2.013398433  
-2.135469226  
-3.495157373  
-1.335994308  
2.188343688  
2.321181702  
-2.874649747  
-4.408201129  
-1.167438021  
3.429828937  
3.11115357  
-3.413316425  
-0.1773664057  
3.742645877  
3.90237174  
0.8879282833  
-1.886735487  
-0.9107662623  
2.735224668  
4.732903314  
2.966299499  
-1.262890779  
-2.283095802  
0.4982412775  
4.421129396  
4.597743376  
0.742174372  
-2.49049881  
-0.7790070633  
3.396061027  
5.92702472  
1.903202174  
-1.874193337  
1.131902767  
5.174415286  
4.865092011  
-3.553887669  
-7.1279383  
-8.229628163  
-5.576415991  
-0.5868296845  
1.048599481  
-3.875897628  
-5.244407312  
-1.97632017  
3.821836883  
1.699615117  
-1.636714755  
0.6042835481  
4.187782895  
1.208841339  
-0.01766764555  
-1.422644142  
-1.037761281  
0.3701822719  
1.326242136  
0.1512796076  
-2.003652178  
-1.911393671  
-0.4815660664  
1.29830242  
1.461768072  
-1.246102122  
-1.559476763  
0.9081835349  
1.73634652  
1.602626347  
-0.3352428412  
-0.6275708761  
-0.8494758576  
0.3087719198  
1.988719112  
1.452437221  
-1.150280782  
-1.540817807  
0.4258639203  
1.758168113  
0.6356438166  
-1.135944278  
-1.179066269  
-0.3275859842  
0.775673773  
0.8437931974  
-0.6024396876  
-1.087525477  
-1.187681517  
0.4916940198  
2.006670888  
0.358569478  
-1.213834841  
0.8220419553  
1.222483698  
-1.029396074  
-0.6044345961  
1.359430031  
0.2177789357  
-1.607208642  
-2.124492449  
-0.7999074612  
0.7182743632  
1.951268982  
0.508935591  
-0.7986110852  
-1.048183484  
-0.01567709066  
-1.973748424  
0.313542145  
1.565233707  
1.046971277  
-1.570424545  
-0.623711423  
-0.1535409787  
0.5942499662  
1.835789953  
0.5796811912  
-1.639617113  
-1.630994572  
-0.9854977488  
0.3696382805  
2.125314741  
0.8264821382  
-0.7494844359  
-0.9013568614  
0.4406445778  
1.989138932  
1.356156728  
-1.558746243  
-1.767855841  
0.11652005  
1.766930426  
1.482142351  
-0.6937632859  
-0.04684622119  
1.955250719  
1.140620294  
-0.6327396462  
-1.314107084  
-0.9735400905  
1.686699063  
2.235055079  
-0.2809261484  
-0.7060639643  
0.5040857544  
1.028454727  
1.898768014  
1.989974094  
-0.3600866296  
-0.9848083514  
-1.032539846  
-0.04106226146  
1.984040266  
1.566586816  
-0.7272206004  
-0.8721771062  
-0.02519480671  
1.725778116  
2.411231578  
0.2930881752  
-1.233606835  
-0.570860771  
0.7168534152  
2.338126685  
0.3126758594  
-1.93858259  
-1.942218325  
-0.0369884555  
2.13498564  
3.308792799  
2.221003706  
0.4717522924  
-0.2699368251  
1.676083814  
3.8362369  
-1.330233184  
-8.54793357  
-9.261821614  
-7.009636732  
-3.8989972  
0.1341970543  
-4.142114624  
-4.655081175  
-2.997716461  
2.581821619  
4.016873411  
0.0815229533  
-1.504013689  
-0.09073068387  
0.7198879387  
3.022496556  
2.443999081  
-1.698930548  
-1.026288665  
1.616430739  
2.441902345  
3.495133959  
-0.07100468958  
-3.521914982  
0.5117987592  
2.775876592  
3.456482812  
2.332650961  
-1.194156381  
-3.99157417  
-0.2659898939  
4.245208873  
2.296149873  
-2.970017449  
-1.797770705  
1.194995976  
3.312831467  
2.385201705  
-2.31087274  
-2.826084442  
2.207957241  
3.922926883  
0.2716811279  
-2.731979309  
-0.7452208287  
1.450435101  
3.855371584  
0.6584731842  
-3.977695746  
-1.230299829  
4.114227085  
-0.05146932495  
-3.085826219  
0.5756595525  
3.940665404  
3.633317943  
-1.689667535  
-3.737031944  
-0.6336936954  
1.250128498  
2.413943833  
-3.082368704  
-4.788304193  
-2.23110895  
0.9547952191  
2.065851333  
4.898052033  
-0.02276812747  
-2.987892926  
-0.02196983606  
3.735101566  
4.466248453  
0.07125549479  
-2.263151584  
-2.178837436  
0.04586895944  
4.064347874  
-0.7225901508  
-3.503700388  
-0.798519324  
4.832936799  
5.028639683  
-1.100426773  
-2.168707114  
0.04134805825  
3.682915498  
4.491523354  
-0.08373093016  
-3.157676107  
-3.002804909  
-0.02364520318  
3.647236816  
1.472130176  
-3.72992424  
-0.7809579806  
3.63514648  
2.987245552  
-2.869547758  
-0.7742257444  
4.351145185  
3.958146038  
-1.145995772  
-3.348345206  
-1.852812909  
1.710405638  
5.120216812  
5.038906899  
0.1039932717  
-1.599668293  
0.2232946304  
3.573215058  
-1.668961381  
-8.591169916  
-10.80095757  
-9.327699332  
-2.63502266  
-0.4460116197  
-5.540105713  
-7.105142812  
-4.956677025  
0.6712023401  
2.931749256  
-2.727824923  
-4.862219304  
-1.225072475  
3.616273432  
3.726337824  
-1.122902266  
-4.387194093  
-0.4623058757  
2.872413982  
4.862351042  
0.4316969095  
-2.741545032  
-0.7959182952  
3.929506415  
6.385799197  
3.458970058  
-0.09097899344  
-2.61464022  
1.209147114  
4.726022349  
-0.5250657872  
-4.11807881  
-2.93562837  
0.4311167026  
4.173539036  
5.0185528  
-2.672478829  
-3.52506112  
2.376526419  
4.714164981  
-2.473960158  
-3.407173766  
2.148006891  
3.97932377  
-5.020614752  
-3.291012021  
2.849912116  
2.513392041  
-3.499740178  
-4.228126755  
-1.165582417  
3.786303479  
2.562720092  
-3.394164152  
-1.13964641  
3.614627869  
3.659437997  
-0.7551571287  
-3.147185605  
-2.143519295  
