1.804728981  
0.1909114199  
-0.4415865064  
-1.019921923  
-1.61729826  
-1.440487527  
-1.710341071  
-0.4153763788  
0.7552712768  
0.6598027027  
1.132328012  
1.293970622  
1.386452145  
2.488126948  
0.2489397854  
-1.120049196  
-1.052050574  
-1.931671611  
-1.885187679  
-1.742554522  
-0.9743845869  
-1.092662549  
0.7524512157  
1.192164699  
2.115003239  
2.667495117  
2.297677338  
1.792662493  
2.471292687  
0.1157503077  
-0.9278839666  
-1.142041726  
-2.007335702  
-0.3490083037  
-0.6329855217  
-0.5620591278  
-0.4921222733  
0.3620455151  
0.5531932489  
1.038755828  
0.2721543568  
1.350362553  
1.243831142  
0.8935490663  
0.5725002114  
-0.8389280489  
-1.050945851  
-1.133342205  
-1.337565864  
-1.197024341  
-0.4072059233  
0.5392030933  
0.2418142231  
-0.3278035319  
0.2265860344  
0.6779080563  
1.09334461  
1.482146563  
1.776527983  
1.918485707  
0.4755402066  
2.034109946  
1.834047778  
1.569402555  
0.1002206398  
-2.266892253  
-2.806841119  
-1.723075922  
-1.360816115  
-0.9162469084  
-1.414761161  
-1.162207925  
-0.8185710848  
-0.8309149462  
0.4328708452  
1.040841682  
1.736384511  
1.620706032  
2.258197569  
2.172263836  
1.713849697  
0.3410801852  
0.62540363  
-0.590527603  
-2.093951125  
-2.135252029  
-2.516708229  
-2.850275284  
-1.665472327  
-0.468929933  
-0.862268849  
-0.3403533197  
0.1290021187  
0.8848602623  
1.205908537  
1.064145181  
0.8580123231  
0.7064969481  
-0.1098933962  
-1.094606444  
-1.590609592  
-1.019051364  
-0.9524190008  
-0.2074787128  
-1.565127336  
-1.420075544  
-1.44330678  
-1.887501957  
-1.319577645  
0.1487166605  
1.242311968  
0.5345921599  
1.589912461  
0.521235842  
0.8060767173  
1.363866445  
0.8290185312  
0.1265957924  
-0.8345822521  
-0.6436071071  
0.993054401  
0.2773312978  
0.4941225266  
1.0459923  
0.3896491664  
-0.1694524717  
-0.5211743875  
-0.5349087107  
0.7517323824  
0.414184229  
0.628694161  
1.108998851  
1.327350967  
0.6118359102  
0.4285651966  
-1.122229004  
0.3501850033  
0.3442289035  
-0.1392478311  
0.2720900421  
0.7369647505  
0.3704813365  
0.4785506334  
0.8002440228  
-1.384225702  
-1.613507358  
-1.697445941  
-1.330353837  
-0.6180128857  
-1.084496903  
0.1757928825  
0.4177782508  
0.5561969459  
0.2500434225  
1.796431165  
1.184540106  
0.9763776441  
0.4070152173  
0.7069970035  
0.3162243539  
-0.123552616  
-0.4060133045  
-0.8625918176  
-1.293830097  
-0.4911423451  
-0.8201774117  
-1.514982401  
0.2506145167  
0.7260884069  
-0.2106704984  
0.09757850769  
-0.6539860613  
-0.5144057014  
-0.5706938179  
0.03372300441  
-0.4978682103  
-0.6924497041  
-0.7999473714  
-0.431013584  
-0.5296420819  
0.4445667949  
1.264196854  
-0.01305830731  
0.7859465912  
-0.4452041937  
0.7730314299  
0.8671021303  
1.0589216  
2.261752711  
0.3144286286  
-1.307762819  
-0.3565197643  
-0.1479833326  
-2.023710726  
-1.382508197  
-1.378543242  
-0.7139081645  
0.1741122211  
0.8733412712  
0.961412225  
0.465288082  
0.6160623112  
0.5668851032  
0.6553144522  
2.008138025  
2.761247714  
-0.3925991921  
-1.564919721  
-1.755831533  
-1.866270074  
-1.55558563  
0.07798321081  
0.7986180317  
0.3460273048  
0.7626127838  
0.4487616095  
1.130465957  
1.047809921  
1.249104034  
0.955048825  
1.662952861  
-0.5665330354  
-0.7261546217  
-1.136297783  
-0.1221385608  
0.5896124036  
-0.6329302214  
0.7125467419  
0.7531190425  
0.7917448129  
0.1307702312  
0.5637655807  
0.7635037756  
0.6318699078  
0.05405787986  
-1.105577954  
1.050322616  
0.2813037243  
-0.3230941984  
0.3373400074  
-1.394779206  
-1.749999362  
-0.972445979  
-1.364946462  
-1.008980388  
-0.6081315505  
0.660161469  
2.389112386  
2.097263813  
2.761375404  
2.187844666  
2.497758082  
2.136932881  
-1.791669891  
-3.301765966  
-4.03497748  
-2.757417637  
-2.200722914  
-2.07764191  
-2.68660611  
-1.92262396  
-2.417753311  
-1.238171908  
0.8594391353  
0.1667714496  
1.167040954  
1.595861306  
2.681206556  
0.9774761299  
1.423545202  
1.128210895  
0.4011380729  
0.2886027423  
-1.694402248  
-2.557240926  
-3.570758818  
-1.212900946  
-0.5771675964  
-1.156884413  
-1.937154087  
-2.522672763  
0.93236488  
2.305539482  
2.416737607  
1.797090587  
2.413689532  
2.448056835  
2.86549596  
3.379241694  
1.812561042  
0.0208750519  
-1.131314067  
-2.249427438  
-1.772938234  
-3.276872039  
-3.470663852  
-0.7952414993  
-0.393802004  
1.125509146  
1.994872801  
1.91844165  
1.189420127  
1.586687972  
1.801730122  
1.333643489  
1.797282489  
0.9225887457  
-0.8312774558  
-1.778016054  
-0.7627373341  
-1.833176956  
-1.189111555  
-0.3018161432  
-1.158269923  
-1.325564162  
-1.654666304  
-2.326953952  
-1.982476618  
-0.7119223255  
0.6802875091  
1.10589892  
0.7158102884  
2.12852312  
1.703468028  
1.379435387  
0.5477420781  
-0.4312465075  
-0.9199195002  
0.4881433096  
1.442325991  
1.668255293  
0.01616926906  
-1.477715237  
-1.726576211  
-2.699466166  
-0.6752637442  
-2.362054077  
-1.487493341  
0.07279282903  
1.863420915  
2.700304941  
2.503327855  
2.127203615  
1.318491226  
1.021097205  
0.9633730261  
1.424465878  
-0.9362565641  
-5.022706556  
-4.508354326  
-3.073902692  
-2.344230903  
-3.348636271  
-4.522222863  
-4.8703621  
-4.152523319  
-0.3373800474  
0.5714907394  
1.04250626  
2.257566593  
2.355478874  
2.638114759  
2.819447416  
1.040888671  
-1.144024488  
0.3237372309  
0.09623539639  
-0.4399975865  
-0.746522498  
0.1504644337  
1.098605836  
1.217975568  
1.379980287  
0.1590030797  
-1.026112694  
-0.9832640596  
-0.6011448853  
0.01594055042  
1.191413103  
0.7575079495  
0.5859688784  
0.4054970778  
-1.120146662  
-0.6657615106  
-1.208473095  
-1.604244479  
-1.34647613  
0.3666092254  
-0.09070910658  
0.8906003749  
1.588054844  
2.646812843  
2.377119118  
2.734789332  
0.8089701759  
0.234345943  
0.1961871959  
-1.298493159  
-2.670875214  
-2.077391508  
-1.416524514  
-1.736718181  
0.6179906211  
0.04978310173  
0.683314346  
0.9657755208  
0.9464959343  
2.612820309  
1.84982469  
0.776937103  
-0.7982721893  
-1.096335156  
-1.769883515  
-0.3767964305  
-0.6195868219  
-1.418700056  
-1.93633659  
-0.6270788814  
3.720725616  
4.312509698  
4.565847273  
3.066538785  
1.331684448  
0.05355225522  
-0.8697502611  
-0.7877795435  
-0.6324734036  
0.06865972992  
0.4005938107  
1.275714194  
0.8631515761  
-0.3214132246  
0.4608513595  
-0.6469416124  
-0.7121196654  
-1.145225809  
-1.895897876  
-2.151916674  
-2.744534478  
-3.059491633  
-0.32817731  
0.1114540109  
-0.5501458301  
1.122531273  
1.365375951  
1.777266004  
2.333154596  
0.9836263976  
-2.234774842  
-2.072839969  
-1.36323764  
-0.9119275281  
0.6029015886  
1.764072755  
0.8482825733  
1.004932281  
0.8747573014  
1.335664865  
-0.6484765273  
-1.394471102  
-0.3580767699  
0.1165239551  
-0.9190398565  
-0.9211749327  
1.142199211  
1.84729272  
-0.2358068424  
-2.30334452  
-1.6412904  
-1.177757141  
-0.359799315  
-1.071538734  
-0.07904861232  
2.452347912  
2.520042976  
2.358049966  
0.8395447166  
1.405589503  
3.522514483  
2.592777399  
0.5488006778  
-2.75084121  
-3.44524149  
-4.960132794  
-3.148312269  
-1.662273762  
-1.476663994  
-3.331339563  
-1.86596305  
0.2542899532  
0.6622702283  
1.380321769  
2.510539292  
1.135568787  
0.1020650987  
-0.5193727386  
-0.1992216225  
-1.576551429  
-1.866105928  
-1.181784442  
-1.999483307  
-1.127883058  
-0.5624737141  
0.2662014701  
2.220714233  
2.631870876  
3.021318632  
3.062831166  
1.483103314  
-0.4228973757  
-2.195971904  
-2.756802087  
-2.664951779  
-1.753735227  
-0.8758089546  
-0.3573672091  
0.4718407405  
1.252163517  
1.991667802  
1.240341191  
0.3636355316  
-2.091731378  
-2.734838979  
-3.291321784  
-1.206018208  
0.181494749  
0.4889243521  
-1.193060516  
-0.5282980274  
4.407574972  
4.785534712  
4.158286193  
2.567334511  
1.927338726  
1.690931093  
1.495512215  
0.2387676512  
-0.2711845044  
0.3851875119  
1.553347176  
2.539705766  
1.662519393  
1.006278911  
1.266694926  
2.814869876  
2.028505975  
0.8929352583  
-0.6288929408  
-0.7211222845  
-2.336782189  
-2.754641764  
-2.260196375  
-3.326562022  
-3.663778671  
-3.065559512  
-0.936272642  
-0.5251410087  
-0.09618389143  
0.5201099995  
1.737191983  
3.395347901  
3.706423582  
2.718388487  
-0.5896102434  
-1.987793386  
-1.35101871  
-0.2691422005  
-0.4319708429  
-3.165125659  
-1.306252115  
-0.2688712647  
-0.1252795069  
0.01030348235  
1.547226999  
2.82673759  
1.52480656  
2.117126606  
4.137320108  
2.169337309  
-1.414482668  
-2.740379482  
-2.200971983  
-1.308494191  
-1.654192835  
-2.550429979  
-1.696357701  
0.8183564949  
1.536966289  
1.332710098  
1.33814688  
