-1.817685815  
1.613604481  
0.2007677846  
-1.032151268  
-2.7182787  
-2.728035958  
0.9847103879  
-0.2365450244  
0.49713183  
0.2292540095  
-0.5396278062  
2.883853048  
1.473286485  
-0.40564774  
-0.9994379904  
2.577892424  
2.020459525  
0.6989468275  
0.2909117969  
0.1121240816  
2.268785688  
2.19483991  
-0.7749117779  
-1.579098707  
-2.06807902  
0.7678676385  
0.8678014681  
-1.310188824  
-3.288837666  
-2.280696218  
-0.746553424  
-0.225474869  
0.4987363025  
-0.6490151488  
-0.5769231845  
-0.7605052364  
1.698468724  
0.2033411983  
0.2538137035  
-1.679414514  
-1.319515108  
-0.3573837862  
2.714480017  
2.952993707  
1.776838228  
-0.5681456754  
-0.7671717426  
1.700972691  
1.463156718  
2.337747816  
-0.4754198309  
-1.139183053  
-1.713162091  
1.345086505  
-0.3309396923  
-0.8473557749  
-2.274939259  
-1.648497282  
1.261090862  
0.9354040531  
1.393830564  
-1.052504427  
0.686368734  
-0.7369459528  
2.764922153  
-0.6597398046  
0.06562863743  
-0.7401276026  
-0.2380935824  
2.83700946  
1.156852779  
-0.04947744398  
-1.773320781  
-1.501543403  
-0.04304740047  
-0.8656175065  
-1.355979527  
-3.271652269  
-2.696785599  
0.8590519774  
-1.080411488  
-0.351704755  
-2.180859088  
-0.1843833993  
1.278446855  
1.847293555  
1.236731805  
-1.621087134  
-1.061661054  
2.702781363  
1.472458928  
1.066242174  
-0.1155639001  
-1.342288011  
2.440369676  
1.531119774  
-1.071421892  
-1.880936866  
-0.2881840071  
0.5576365101  
-0.7969472466  
-2.931763045  
-1.560497757  
-1.188035836  
1.908261846  
1.362850974  
1.636494823  
-1.182984356  
0.2987557626  
3.115695619  
2.110137384  
2.017688087  
-0.6311890213  
-1.096659009  
-0.6279619265  
3.682660208  
1.041033956  
-0.1475612762  
-1.202571639  
-0.4183134041  
0.2350647593  
-1.90075717  
-0.8769941759  
-0.9967038721  
0.09881856544  
-1.265981549  
-1.959647378  
-0.1383188112  
3.215139703  
1.822507312  
1.835435406  
-1.995648624  
-0.854848138  
-0.01335576373  
0.5502439241  
0.3275134681  
-1.995958877  
-1.349111534  
-2.465074518  
-1.220817137  
-2.371036001  
-4.534706338  
-4.105772163  
-3.399647116  
0.04036251099  
-0.5984048713  
-0.8292132336  
-0.4076237868  
-0.7881334566  
2.329654786  
1.321082709  
2.289920383  
0.5554302961  
2.227272565  
2.662703909  
1.750627861  
1.805967474  
-1.00214321  
-1.551969041  
-0.08026732188  
-0.84482722  
-0.7291616969  
-1.857568815  
-1.988790658  
-0.05562686941  
3.024265693  
0.5916475151  
-0.7246534933  
0.2618703605  
3.97376538  
2.971537425  
2.256789991  
1.4285775  
0.2576347303  
-0.454905737  
-2.196482201  
-1.75336948  
1.537607515  
0.04354616579  
0.6876540494  
-0.9062696163  
-0.3610913158  
0.140308122  
-1.337160959  
0.07354917911  
-1.721217884  
-1.107996087  
0.4234142486  
0.5688954795  
0.4876284752  
-1.792541507  
-1.224067303  
-0.4536668704  
-0.7120958016  
-2.11565657  
1.138099411  
1.033965424  
-1.19536573  
-0.3858996996  
-0.4185683702  
3.952307782  
2.191096729  
0.05984820901  
-0.8058587622  
-0.7479980852  
1.361728452  
-1.046695373  
-0.2866157349  
0.4652685156  
3.171692432  
1.730198624  
0.4317095404  
1.393005739  
2.222677937  
2.600110147  
0.6766991986  
-2.851159698  
-2.914330767  
-2.019653622  
0.6721614851  
-0.4083767483  
-2.013998937  
-3.923221226  
-1.531738936  
1.290068285  
1.526935495  
1.605869637  
0.04150702388  
1.936371932  
1.32958146  
1.044825249  
-0.3927468389  
0.2397031362  
0.196151968  
2.366233192  
1.355513663  
-1.555874894  
-1.077516089  
-0.9775524494  
1.018517145  
-0.4614356991  
-0.7394060848  
0.3829860016  
3.88996  
0.9218400937  
-1.007287543  
-1.76332078  
-2.198558401  
1.098802498  
-1.1366513  
-1.200826718  
-2.089674289  
-0.02619567507  
0.5920492705  
0.5162171403  
-0.5735116952  
-0.7544088959  
3.034210511  
1.179360465  
1.12657452  
-1.13030818  
0.6206961044  
1.610820906  
0.1265626538  
0.1935549297  
-1.900484271  
-0.7889719966  
-0.08471045451  
3.563609747  
0.2588715311  
1.143849493  
-2.00675542  
0.01597289185  
1.725017278  
0.1398504244  
0.7662443871  
-1.47601122  
-2.221697213  
1.27745018  
0.4269476614  
1.27241994  
-1.93004242  
-1.843892019  
-1.617606979  
2.195433785  
0.2631680291  
-0.4899396872  
-2.312361126  
-1.160191105  
1.772463499  
0.3063125722  
-2.661648109  
-0.7218353676  
1.868239299  
2.664369776  
0.02112251659  
-1.538092455  
-1.437524249  
-1.226741963  
3.51053365  
0.6399002563  
-1.117339989  
-3.548639597  
-2.81965437  
-0.7302701757  
-0.829319063  
0.5983289869  
-0.5119520645  
0.9718896653  
2.401609838  
3.125857671  
2.460614531  
0.5939333541  
-1.095337783  
-1.205331864  
1.924738498  
3.294350089  
1.322070598  
-1.069708885  
-0.1166995385  
2.473073703  
1.465612592  
0.3490242724  
-1.963284963  
-0.5141039901  
0.3346805503  
0.8097053361  
1.22714546  
-0.8514030462  
-1.430240791  
-1.752984667  
1.166185036  
0.1476099838  
-1.297273706  
-2.499489808  
0.04558129243  
-1.154473978  
-2.786053942  
-0.6684488541  
1.030625878  
-1.115267303  
-1.360264524  
-1.583952819  
-0.09476161388  
0.6115587974  
0.8996646235  
0.7278804828  
1.514934754  
7.885405229  
0.3623478416  
-0.1743012359  
3.742347055  
1.901904337  
0.3644215711  
-1.714190274  
-2.835883091  
-2.646859003  
0.219999368  
-0.1655996086  
-2.016670451  
-2.469456125  
-2.636090541  
-0.3539783455  
-1.014156253  
-0.6797613179  
-1.523086207  
-0.718795258  
-0.1443176421  
2.941685649  
2.004914932  
1.467176234  
-1.722975371  
-1.053914748  
2.567349499  
1.383777214  
0.5162079418  
-0.9464900409  
1.396225112  
0.4910870366  
0.01781654719  
-2.200429647  
-0.719773837  
1.516349617  
1.523121069  
0.8989344973  
-0.8044301657  
-0.1522500366  
1.618874064  
3.343476821  
3.357982072  
2.140161472  
-1.179085522  
-1.810637188  
-1.688477597  
0.4156151306  
-1.344761725  
0.4575708877  
-0.1195964175  
0.0579035703  
-0.3488942049  
2.325859435  
3.14413792  
0.845004206  
0.5869710147  
-0.5058387738  
0.511120019  
-0.7163968255  
-1.856969484  
-2.811159124  
-3.454400617  
-0.6766390333  
-0.9491995881  
-0.2404318446  
0.25380191  
0.9970390341  
0.6836126452  
2.67263318  
0.7927477558  
-1.562325778  
-2.652318636  
-2.223992947  
0.6684554668  
-0.2883099396  
-1.777146164  
-2.241467639  
-1.178532585  
0.4255252736  
0.5944614745  
1.064204267  
-0.8860271321  
-0.2063984301  
-0.2928869179  
0.839778427  
1.467373177  
-0.2918897544  
-1.374142017  
-0.67626664  
2.83387383  
2.891173867  
1.487811197  
-1.03128657  
-0.2641204839  
0.03474617159  
-0.007230691124  
0.6186804459  
-1.947771297  
-1.006637977  
-0.6182973706  
1.180366879  
0.1236302116  
-0.9561623719  
-1.15356699  
-1.298731817  
-0.7642915492  
0.5759630653  
-2.257700367  
-0.9741399155  
0.2798073949  
3.448349566  
1.039375772  
-0.4081995082  
-0.2771341971  
1.265698538  
0.7594247891  
2.478544903  
1.675504744  
0.3691255617  
-0.8752109667  
-1.160936515  
-0.6303135309  
-1.490280988  
-0.4028305221  
-0.958245649  
-0.7323367393  
0.6760521695  
-0.5016309988  
2.384179443  
0.8304203337  
-0.38201121  
-1.343647898  
-2.399866018  
-0.6224964434  
-0.06155599213  
1.465897093  
0.08000276991  
0.2456613402  
0.6188933594  
2.725300032  
0.6621706325  
0.8665916493  
-0.3010313278  
0.3777955464  
0.6167762945  
0.1770675871  
-0.6814318085  
-1.857785744  
-1.17034401  
1.168916993  
0.7987215784  
0.5438864128  
-0.8841538933  
-1.778655505  
1.195689057  
1.364595882  
1.618533579  
-0.2673002332  
-1.097871453  
1.264366872  
0.5223174452  
-1.356426726  
-2.434730654  
-1.422952552  
-0.1152007325  
0.3293739734  
0.2756358965  
-2.271573096  
-0.9264628284  
0.2033526423  
0.07969562238  
-1.044220269  
-0.5929218519  
1.293184756  
0.2106080284  
0.9466271915  
-0.5144563712  
0.4630111062  
-0.3737869654  
2.254796059  
2.503773021  
1.376665125  
-2.991427687  
-1.883057157  
-0.3669755004  
-1.262887195  
-0.5984945597  
-2.924525679  
-2.097354298  
0.2502257228  
0.7049775731  
-0.4055020943  
-0.5860411358  
-2.190635352  
0.5614591031  
0.4130985262  
1.076205313  
-0.8009277551  
-0.2325489739  
2.173757321  
2.109830037  
3.017129799  
0.7821970877  
0.03822538844  
1.014294948  
1.578947723  
1.825040175  
-0.2477707148  
-0.04349348778  
-0.3537971804  
0.3207084043  
0.6269530517  
-1.183668008  
-2.694061686  
-3.446736491  
-0.7967677143  
-1.437343761  
1.109384189  
-0.1547454292  
-0.2600881355  
1.695762073  
1.148633627  
1.567973843  
1.367085171  
0.8972307129  
0.9980311767  
0.2665055888  
-0.2564464912  
-1.117940955  
-1.08717499  
-1.263661442  
-2.528015103  
-1.17018017  
0.9332323464  
2.018172848  
0.01200639042  
0.2687020904  
2.368423259  
0.277966963  
-0.6716928962  
-0.9878393598  
-0.7324495406  
