-1.965934719  
-0.3501932162  
0.8221846792  
-0.2392824821  
0.2031264566  
-1.256057398  
-0.05272264533  
0.6353036534  
0.5941266576  
-0.08661850015  
-1.604230032  
0.1250505803  
1.58704961  
1.083258871  
0.4788494195  
-0.3414281716  
1.621643082  
0.9423483478  
0.7114205079  
-0.4901149646  
-0.5387819028  
1.530268104  
-0.0464317117  
-0.6521902024  
-1.843121179  
-0.03852697269  
-0.3525724512  
2.119971192  
-0.3359955061  
-0.4797853258  
-1.532529305  
-0.6923372971  
2.519204714  
0.217922396  
1.337579659  
-2.183720796  
-0.1488016001  
-0.8515314102  
2.109416582  
-0.6064172882  
-0.6143616687  
-1.799154363  
-0.9600215123  
0.7117921057  
0.6555044577  
-0.2610516232  
-1.097815074  
-1.267383025  
-1.187039239  
2.173543199  
1.088725218  
2.525994092  
-2.204460112  
-0.9748638379  
0.7376779371  
1.331722553  
-0.02518920132  
-1.035554306  
-0.8880983127  
-1.644222223  
1.848376217  
0.613428035  
0.2290382956  
-1.963031309  
-1.470726707  
-0.06695904618  
1.176078712  
1.514556847  
0.4567669674  
-0.6013128642  
-1.03296906  
2.136888574  
-0.3057201057  
-1.441875879  
-0.1430160716  
-0.4136247456  
1.373317543  
0.4335399316  
-1.695528404  
-1.286004374  
-0.2359422718  
2.69108895  
-0.937144228  
-0.9753028722  
-1.708587422  
-0.9999813917  
1.033789251  
-0.742730525  
-0.02904854608  
-0.6847372106  
-0.4210626994  
1.474916907  
0.5739861799  
-2.284512366  
-1.328111166  
0.9751165444  
1.802066351  
0.6721105804  
-1.759874352  
-1.335305571  
0.6131907013  
0.9974508295  
0.8629559765  
-0.2647843379  
0.1195840716  
0.8569428553  
2.471147682  
-0.01842662605  
-0.8515215986  
-1.353138416  
-0.6209817349  
3.077507659  
1.440442248  
-0.3131850432  
-1.382256297  
-0.6206438742  
-0.2058916158  
2.206101165  
-0.884080678  
-0.9346022521  
1.828732453  
2.446978075  
0.8803698407  
-0.9757361498  
-0.7208137315  
2.667971296  
0.1737242853  
-1.076449726  
-1.230441475  
0.3296878617  
3.72475326  
-4.038418662  
-3.184793929  
-1.301609013  
-1.223498959  
2.041592243  
0.07041194437  
-0.5465941459  
-0.8062440356  
-0.2407399584  
2.001668014  
0.3907159007  
1.109828571  
-0.8384116817  
-1.504585538  
1.339124488  
0.9848620334  
-0.1092132202  
-2.247608267  
-1.827821082  
0.5319706864  
3.04196  
-0.8241503469  
0.6071590296  
-0.4495654946  
-1.676237254  
2.96546065  
-1.362724734  
-1.826229268  
-1.725470748  
-0.6630607581  
2.233988714  
1.473855566  
-0.8970548728  
-0.2980339128  
1.083970297  
0.6294045003  
1.010726141  
-0.7305400016  
-1.555532098  
-0.4574900695  
2.018122561  
0.6516529435  
-0.5100952675  
-0.6298436782  
0.0572396993  
-1.028722394  
-1.801662232  
0.4476379177  
2.876193192  
-0.1838028161  
-2.248467402  
-0.6898793076  
0.2652694405  
3.886414728  
0.08955561836  
-1.948609694  
-0.7887538503  
0.2060520984  
2.747128264  
-2.562882083  
-0.7880353288  
0.04245834703  
2.142382577  
-1.82194341  
0.1074734014  
3.104390795  
-0.6352179588  
-1.307225758  
-2.379550337  
-0.2208046945  
1.542858925  
1.752611251  
0.6474111079  
-1.30339036  
0.7107742561  
0.6012019181  
-0.3028501388  
-0.3306614658  
-0.6775948898  
2.768964555  
-1.552627942  
-1.570432021  
-0.4361729059  
-0.6843963763  
2.691600126  
2.638804404  
-0.4217032424  
-2.807438819  
-1.377764192  
0.06388000626  
2.851611257  
-1.123435362  
-1.331683911  
-1.06168627  
0.3392484359  
4.38177544  
-1.449280436  
-0.173497974  
-0.8131063439  
2.204180282  
-1.024782906  
-0.8698302529  
-1.723697798  
-1.380205541  
2.58289663  
1.996526296  
-0.4710805092  
-1.308869653  
1.593367636  
1.925942222  
-0.282717462  
-2.637849218  
-0.1354469396  
1.506215698  
1.511348182  
-0.5326486964  
-2.42558564  
-1.92825697  
0.3844873146  
3.499686174  
-2.11214664  
-0.1578310033  
-0.06981764629  
1.518265951  
1.872103691  
-1.466958224  
-0.531529482  
0.7876443107  
2.046276686  
-1.170405835  
-1.871981786  
-1.273295768  
-0.03158423367  
4.307916045  
-0.7794706009  
-1.367711908  
-3.178703701  
-0.06627084288  
1.183933125  
3.260280613  
-1.77956728  
-2.5853585  
-0.5898591971  
0.5341085534  
2.729429465  
-0.8833055224  
-2.59942578  
-0.2227087939  
-0.2252463394  
3.400671793  
-1.466132767  
-0.8887202223  
-2.131553925  
-0.9597285345  
0.7730487613  
2.802854458  
-0.5329772989  
-0.7394859759  
-0.09297856  
1.808692893  
0.746098912  
-0.5953498983  
-0.9456222395  
1.608471369  
3.691970174  
-0.1958772842  
0.4411094902  
-2.448406586  
-1.11382014  
0.7695844313  
1.916672302  
-1.713852877  
-1.724147987  
-1.236976476  
0.3060776002  
2.597463506  
-1.85191621  
-1.671962744  
-0.7875741484  
-0.04925312032  
2.653483419  
-0.348267958  
-0.9115304472  
-0.8620464898  
-0.08300186338  
1.584835825  
1.832317614  
-0.5584882713  
-1.158433049  
-0.2188273679  
2.472949341  
1.340122126  
-0.7090472119  
-2.085453589  
-2.248789841  
-1.446635996  
3.249821594  
0.394535245  
0.7815919369  
-0.4636301567  
-0.2138884931  
0.7937614901  
0.4575879211  
-0.378008016  
-1.658230626  
2.650822929  
-1.249476375  
-0.8096898469  
2.250216278  
0.7659429594  
0.4172602162  
-1.493713231  
-0.0108437663  
-0.08139417932  
2.469061039  
2.503603245  
-0.7788167286  
1.905374738  
-2.434197467  
-1.136119216  
-0.08016720177  
1.685684283  
1.92071295  
-0.2119912032  
-0.82200975  
-0.5204064013  
-1.012182019  
1.917537243  
0.09659738103  
-0.05934917338  
-2.669388158  
-1.851103869  
-0.5469999014  
3.856311295  
1.740514245  
0.1667496842  
-2.650647052  
-1.538359681  
0.02494549391  
0.7684632729  
-1.228348864  
-3.190378086  
-2.306155998  
0.7480914626  
1.469313278  
-0.5599839795  
0.1294341818  
1.486055805  
1.198674685  
1.170300989  
-1.999715943  
-2.134031504  
-0.86748747  
2.517738046  
-1.099272758  
-0.7015721236  
-0.9160729163  
-0.2035011791  
1.93997612  
2.836168311  
-0.1960184631  
-0.8103300822  
-1.900074675  
-0.6005368576  
1.490490598  
2.569223953  
0.1822267131  
-0.3601646594  
-0.8845492931  
0.002983945957  
3.578179196  
-1.024736409  
-0.6318542238  
-1.748123703  
-1.957791228  
0.9332940025  
0.37759503  
-0.04055393621  
-1.668203468  
-0.9476179088  
0.2543131993  
2.086961136  
0.7181115202  
1.740884793  
-2.041709965  
-1.551325224  
0.8044305207  
0.6679678923  
-0.4610360117  
-2.580506994  
-1.873814244  
0.3968028513  
1.496943443  
-0.7206890256  
-2.339406221  
-1.034159951  
0.7396223052  
2.493334121  
-1.454421947  
-0.7140497261  
-1.345702037  
-1.251566877  
1.651833242  
1.818461188  
0.3381546809  
-0.8976306338  
2.286123745  
1.660554739  
2.654020219  
-1.709258406  
-1.269656097  
-0.5153572323  
0.04434293331  
3.50327137  
1.137908485  
0.6136807694  
-2.331594569  
-2.005533401  
3.281349264  
0.1663385238  
-0.1065941594  
-2.046264216  
-0.5050071505  
3.565311072  
0.2144295047  
0.558056581  
-1.581951153  
2.895034128  
1.667055759  
1.418990532  
-2.377921287  
-2.149708167  
0.3517194672  
2.597482097  
-1.155163156  
-0.2000125611  
-1.582703717  
-0.368526058  
-0.4570719311  
-1.333955957  
-1.088796413  
2.43420575  
-0.3412950527  
0.7576656665  
-1.902896775  
-1.256304822  
-0.1969230295  
0.8462431923  
-0.7442895445  
-2.048639586  
-2.366730207  
-0.03492071719  
3.831939084  
1.378680876  
0.5624064823  
-1.531586773  
-1.183279472  
0.5519296695  
2.303782581  
-0.009068545145  
-2.873435745  
-0.4979980413  
0.5413391819  
1.967085834  
-0.06577170562  
-0.6334941135  
-0.3990389003  
0.1784145518  
0.8716519871  
-0.3635287643  
-2.326518522  
-2.10713486  
-0.787565503  
2.550148403  
-0.1895703281  
-1.286889182  
-0.4741762695  
-0.07058103633  
3.374602461  
0.9892449283  
-1.223105763  
-0.9645902792  
0.09162738489  
0.3279893514  
-1.216135171  
-1.478717412  
1.744192238  
1.142591718  
-0.3683963346  
-2.207332949  
-2.076509828  
1.028354452  
3.062996631  
0.4298038925  
1.857209382  
-1.636096749  
-0.4389991706  
0.2936279013  
2.272783273  
-1.141670895  
-1.605305426  
-1.825086947  
1.523507511  
4.129493657  
-1.152060195  
-1.523509362  
-1.483140135  
0.08677266332  
1.057590378  
-0.4022949432  
-1.982889221  
-0.7779252987  
-0.4033271621  
0.6443619172  
-0.6710131019  
-0.2136152606  
0.3771904368  
0.7274879271  
4.454551389  
-1.74769019  
-1.960479834  
-0.02512754781  
1.27662571  
3.268460219  
-0.2090410203  
-0.8408337138  
-1.891299684  
-0.01250549318  
3.911089973  
-1.828702519  
-1.775379789  
-1.710253618  
-1.273668944  
0.9389818265  
1.670163785  
-0.2867906628  
-1.007264488  
2.20085547  
0.9535248301  
0.1877538671  
-1.193853545  
0.3389900814  
1.334502509  
-1.478563312  
-1.354361654  
0.6391899763  
-0.0931200797  
1.049415243  
-1.502706334  
-0.1809781605  
1.684902063  
0.5324848022  
-0.4329657255  
-0.6298961653  
2.477521857  
1.078561264  
-1.296538449  
-1.912164649  
-0.5607768372  
