-0.6275973812  
-1.058651062  
0.4088932026  
0.7371917387  
-0.8724393102  
-0.5040785129  
-0.9235998299  
0.6589534449  
0.9237332221  
1.520750173  
0.8572637357  
-0.05523708506  
1.104134585  
0.9783513114  
0.01110444016  
-0.6543635601  
1.591587151  
0.2994414901  
0.2840882284  
-1.759571471  
-1.223070884  
0.6226538661  
0.1279306652  
0.3019708028  
-0.1433625944  
-1.356760571  
-1.635371776  
-1.120339618  
0.2826584002  
0.6700100147  
-0.2767116566  
-0.8940546112  
0.1279034127  
0.3686001994  
0.232473349  
0.4867160623  
0.4665998139  
-1.572186883  
-0.5652421249  
0.1670680002  
-0.05516890288  
-0.4781577926  
-0.7274057082  
1.562015747  
0.6664297393  
0.2794144458  
-0.1144640582  
-1.23922148  
-0.6241338905  
-0.1683979795  
0.454424181  
0.8363878954  
-0.9199990016  
0.1058723447  
0.2932362933  
-0.0397744643  
-0.3490450604  
-0.8572263554  
-0.7113879904  
-0.8185803339  
0.9460549303  
0.0176913422  
-0.2228803891  
-0.6126532138  
-1.624145059  
-0.4080463415  
1.351006282  
2.365315287  
0.6128760553  
-0.1177613171  
-1.456750122  
-0.3272723344  
0.8388956682  
-0.395840925  
0.9733194605  
-0.3467924045  
-0.2905229187  
-0.7189955397  
-0.2684931878  
-0.7481671441  
-0.533478162  
0.198358493  
0.3041754279  
0.4430918204  
-2.21261371  
0.005828745153  
-0.5740564075  
-0.6083576288  
1.248126623  
0.05664380817  
1.302360797  
0.4200204455  
1.327183889  
-0.04774764384  
-0.589942373  
0.5882804387  
0.2671765135  
0.5312439973  
-0.4131574541  
-1.44227408  
0.8279386778  
-0.09965481231  
0.3163367611  
-0.9503525447  
-1.378695281  
0.7220739781  
0.5494011714  
0.2977681279  
-0.07998058103  
-0.9097289126  
-0.2485025864  
0.6208571588  
0.8524804623  
0.1819682577  
2.075822256  
-1.391805735  
-0.6411480348  
0.05475998541  
0.4462405803  
0.6821380969  
-0.5310083372  
-0.4204033786  
0.9350550451  
-0.5266818157  
-2.232100497  
-0.2082700543  
0.3570916633  
0.4980732582  
-1.789149264  
-1.029224672  
0.2241429611  
-0.9728053549  
-0.03161640728  
-1.056531215  
-0.6340903254  
1.750362993  
0.4094981743  
0.8350542118  
-0.9540747141  
-1.398504435  
2.182430093  
0.3454915865  
0.4468885459  
0.05684095707  
-0.6437124918  
0.5461096354  
-0.003603424883  
0.084663366  
0.1319637209  
-0.5094209461  
0.3559360384  
0.7112233205  
-0.2985312636  
1.026262124  
-1.072090389  
-0.5298599229  
0.6469233351  
-0.06437729058  
-0.1463592401  
-0.5753221527  
-0.2969653165  
1.470519532  
0.5994829996  
0.1321021336  
0.4052018104  
-1.281830565  
0.4178760446  
0.8285955261  
1.424480383  
-0.4490512616  
1.294663134  
1.257746543  
0.1528829055  
-1.331167068  
-1.708030635  
-0.6231000969  
-0.1611927871  
-0.7060567361  
0.0468580656  
0.03920809939  
-0.0293883851  
0.4318494642  
0.276711893  
0.1223112514  
0.5432646884  
-0.315752923  
-0.1263289267  
-0.4473980397  
-0.484370697  
0.4556441433  
-1.552951529  
1.947989249  
0.6017180318  
0.07415945284  
0.258341387  
-1.068310552  
-0.4719036253  
-0.6765510136  
0.1550042878  
-0.2922836449  
0.6662253131  
2.609802471  
0.2634182248  
0.5274049556  
0.8667118082  
-1.19260994  
1.344599247  
-0.5263373266  
-1.025790722  
0.1850989328  
1.861213376  
-0.09178159751  
0.009822674166  
-1.234230239  
-1.925757337  
1.72487318  
-0.001712262838  
-1.263593986  
0.09142517851  
0.4313897746  
1.751985961  
-0.5377082691  
-1.071048759  
-0.2056749626  
-0.5167414133  
-0.1252637983  
1.116975061  
-0.7236422111  
0.9959698162  
-0.1921341834  
0.5316776766  
-1.920846643  
-0.8869946297  
0.06534306915  
0.6627228401  
3.685855777  
0.7595271921  
-1.03554491  
0.4747759529  
-0.9188956661  
-0.3314311971  
-0.8817752224  
-0.1038714858  
-0.0008714075168  
3.077586451  
0.7040383836  
-1.725747938  
-0.9983718553  
-0.6599407888  
1.42661717  
1.022081871  
0.4302814167  
0.4473707257  
0.8882505021  
-0.1814226119  
0.5724305311  
-0.4863967467  
-0.8622577542  
0.3663039312  
-0.140105157  
-1.101462741  
1.205008705  
-0.8385607699  
-0.5101028965  
0.7705819027  
-0.9693704111  
0.2302493618  
0.6065757269  
-0.2854908997  
0.4042563469  
1.487471053  
-0.4691523744  
-0.5051788679  
-0.8327055203  
0.04097916981  
-0.1784407205  
-1.188508219  
-1.324131141  
-0.8662486418  
0.3644083158  
-0.4450155542  
-0.3021497741  
-0.5048201634  
-0.6632750556  
-0.6223577009  
1.588293354  
0.9510005888  
0.6599799805  
1.103532966  
0.6016128416  
-0.02946337539  
-0.3815886917  
0.8236582194  
-0.3412019125  
0.05021309219  
1.815263212  
-0.6515029272  
-0.5720956246  
0.06517600025  
-0.4828578263  
0.01888298273  
-0.6703528384  
-0.7290511318  
0.7843623345  
-0.7770543745  
0.1746905298  
0.750135632  
0.1389551358  
0.7100384889  
-0.950694861  
-0.4685203853  
1.698038599  
-0.4055638983  
0.3846532751  
0.2563018903  
-1.842002888  
-0.8921921561  
0.9742611249  
-1.091316968  
0.9110827651  
0.04283545134  
1.444806462  
0.2113418314  
-0.120145867  
1.202778122  
0.2458880069  
-1.27783958  
-0.2827283472  
-0.3547988308  
0.3020305878  
1.447442272  
0.1975629748  
1.36850247  
-0.687777357  
0.2835090517  
-1.035599936  
-0.6634936523  
-0.3219246854  
0.1919944367  
0.06724676028  
-0.7771126826  
-0.2909974595  
1.327424748  
-0.9579232318  
0.5394546984  
1.898386656  
-0.735337168  
-0.2428677712  
1.54823644  
-1.407392861  
-0.8496136514  
-1.635887427  
-0.292241216  
-1.993795776  
-1.373924648  
-0.1768574053  
-0.7605805899  
-0.950034271  
1.64938178  
-0.3022819568  
-1.088250841  
0.4365002174  
1.254743666  
0.09995719987  
-0.2036094729  
-0.8888968798  
-0.535707825  
0.8145929692  
-0.267141502  
0.848453805  
0.1523234007  
-0.1238920207  
-1.373342434  
-1.17412568  
0.5083064815  
-0.2868951285  
0.9498549772  
0.4908094994  
0.4617534382  
-0.02824650583  
0.0607405997  
-0.5972911625  
0.2763391814  
-0.9378930431  
-0.544608791  
1.005074025  
1.230031219  
0.6158898559  
1.787380671  
3.664886196  
2.221695055  
0.9171251658  
0.3475503917  
-0.7787422412  
-1.784874239  
0.7509200883  
-0.0514194089  
-0.7386710595  
-0.6832039944  
-0.0627394626  
0.5475507938  
1.879215768  
-0.8367506658  
1.147444002  
0.4654713762  
-1.827025774  
-0.04324312427  
-1.533924861  
-0.3783476196  
-1.327952189  
-1.908149718  
0.8357342474  
1.364358575  
1.045161612  
0.2832323669  
1.17287084  
0.1303026019  
-0.3918143669  
-1.319225226  
-1.442391553  
-1.420484546  
-0.4978401238  
0.8701114823  
-0.6105221407  
-1.742656792  
-0.5711052571  
1.02191497  
1.168710041  
-0.008422188709  
-0.3372711397  
1.612836723  
0.1405204479  
-0.7552264574  
0.7330151802  
-0.1904766889  
0.2420167188  
1.170970202  
-1.170877801  
0.8883410115  
0.6803457639  
0.7808480309  
0.437047487  
-2.098387422  
-0.5266948059  
0.9499601795  
-0.9661864501  
-0.4183258986  
-0.08861178761  
0.6971037867  
1.295985035  
-0.08693234847  
0.3865895404  
-1.209717285  
-0.8393291226  
1.310226799  
-0.01241575223  
0.6178661592  
1.182006053  
0.397194966  
1.102861683  
-1.085357861  
-0.41127701  
-0.7736716273  
1.489050369  
0.3099657527  
0.3417795988  
-1.519299237  
-3.572194409  
-1.103167263  
-0.3653353844  
-0.3232757754  
-0.3118675197  
1.192567844  
0.6524487977  
-0.5723968166  
-0.8620772166  
-0.2360810055  
1.587413792  
-0.6663096551  
-1.076228158  
-0.2227943091  
-1.945608685  
0.4112332509  
1.568590321  
0.8524346964  
0.5262003784  
0.3312015358  
-0.2848441729  
1.231935827  
0.1068534485  
0.06908792124  
0.1995153015  
1.727086059  
0.1241204037  
-0.689145112  
-0.8263143601  
0.5304256529  
-0.3548121803  
1.42904343  
0.01111291939  
-1.767988726  
-0.915018076  
0.9652144223  
2.067834993  
0.1897656587  
0.01584955096  
1.626602099  
0.6785291686  
0.7281492236  
-0.02067056686  
-1.292575832  
0.1305501395  
-1.94809586  
-1.271125285  
-1.624389005  
-1.254534254  
0.3909646235  
1.636686529  
0.4051500536  
-0.404028236  
0.09763606506  
-1.253285318  
0.3161701428  
1.729886854  
-0.01975104658  
-0.7787364416  
0.3757066514  
1.1139329  
1.812022933  
-1.454443216  
-1.108827673  
-0.4816728296  
-1.29609996  
-1.48891738  
-0.4714726988  
-1.152955378  
0.6467766237  
1.318775238  
0.7434967987  
-2.218791227  
-1.018283137  
-0.5958925902  
1.302909022  
2.368982404  
0.06275846648  
-0.4026424737  
-0.5831923529  
-0.7445311412  
0.1606900133  
2.190106213  
-0.3770289739  
-1.189180154  
-0.4761103478  
1.248182624  
1.171611264  
-0.3035687012  
-0.7870634918  
-1.112159599  
-0.4952983784  
0.5895027124  
0.307462957  
0.1976352415  
-0.933557197  
0.1704525147  
2.385809416  
0.2602400645  
0.1284113005  
0.7849885425  
0.4295981206  
-0.7847863467  
-0.7801209711  
-0.4005884734  
0.2235292675  
1.391065098  
-0.8912883301  
0.08325327948  
1.574511908  
-0.5701790441  
-0.5696696892  
0.5790015136  
-0.4090089433  
1.984273197  
-1.278811711  
-0.5312265774  
0.5345021175  
0.2659266079  
0.3354583344  
-0.9873826194  
-1.343720429  
0.2089140479  
