-0.7931311256  
-1.132418119  
0.8968700498  
1.650802612  
-0.2975462672  
-1.381471674  
-1.419027167  
-0.3178063719  
2.899133705  
2.03875844  
-0.370826211  
-0.1805518259  
1.001888097  
2.1569506  
-1.088902326  
-1.358430815  
-0.1590298653  
-1.078366323  
-1.675887751  
-1.874337944  
-1.138041731  
1.133067086  
1.312139607  
0.08030405614  
-1.66535099  
-0.7863974056  
1.391707358  
2.443551472  
2.830435125  
-0.3241626648  
-2.128039896  
-2.028336646  
1.189723219  
1.259365116  
-0.3678787544  
-0.790462296  
-1.726620018  
-0.6703858125  
2.113249381  
1.972111111  
0.4281119351  
-0.8108361827  
0.5241289191  
0.0215703259  
-0.1554143497  
-1.373474384  
-2.436751317  
-1.495289602  
-0.6026776963  
2.161388055  
2.585555078  
1.777216489  
0.3625271439  
-0.2483999789  
0.5658630969  
3.73410517  
2.366710119  
-0.5047785362  
-0.0954726871  
-0.7957587072  
1.259498433  
2.732499802  
1.434265025  
-1.239531736  
-1.330534847  
-2.75042947  
-0.302872979  
-0.2349121084  
-1.266619984  
-1.040449743  
-1.066257368  
0.002340006589  
-0.7682342658  
-1.871283382  
-2.824825776  
-1.396316306  
0.4742788759  
0.4177353915  
-0.7279853914  
-0.1933505791  
0.8802892556  
2.147660281  
1.600532627  
-0.8309547092  
-1.447922056  
-0.8253970443  
0.849271415  
0.0169975328  
-1.729922979  
-2.604521565  
-1.23979393  
1.620752988  
1.532043127  
-1.729278939  
-1.231416391  
1.732741539  
2.294036754  
1.771532843  
-0.1090034153  
0.4865997643  
0.7233598848  
0.9395448863  
0.3858702687  
-2.082035476  
-1.079663026  
1.066648418  
1.80924807  
-0.5535464061  
-1.657671609  
0.4890912226  
1.279685333  
2.831362244  
1.003768413  
-0.737339854  
-2.34037063  
-3.329113805  
-0.8605381339  
0.3542599796  
0.4547642266  
0.7091877905  
1.553556321  
2.40303011  
1.046029973  
-1.427461629  
-1.188572633  
-0.7062705667  
-0.5621036434  
-1.442039057  
-3.096307222  
-3.553198678  
-0.2695892838  
0.616347298  
0.6385167106  
1.027032477  
1.81043487  
2.401035929  
3.527607423  
0.7369758647  
-1.01329427  
-0.6596203096  
0.4545271985  
2.091820971  
-0.3803616515  
-0.9395646765  
-1.073350733  
0.520718902  
2.562506558  
-0.6323027924  
-1.000522718  
-1.854962211  
-0.895025597  
0.4484906364  
1.950701645  
0.06969576936  
-0.7963382838  
0.004261954618  
1.402809352  
2.58042519  
0.8105727297  
0.3338738813  
-0.5051643265  
0.4242464161  
0.2344096973  
-1.105318386  
-2.784262476  
-3.093023605  
-0.9546192269  
0.8759329426  
-0.4906671451  
-1.153226234  
0.8265115214  
3.753793305  
0.7202306647  
-0.8812094587  
-0.8930157185  
0.4409675708  
-1.82700395  
-1.603620618  
-0.5135891631  
0.4944496332  
0.2837680575  
-0.4415195721  
-1.31625506  
-0.1782323192  
1.33180768  
0.8289305092  
-0.04907176037  
-1.827886814  
-0.5743774158  
0.5819587345  
-0.6563264779  
-1.809282759  
-1.030957141  
2.867382211  
2.068184558  
-1.339778705  
0.3117586385  
2.79146992  
2.088259297  
-1.740456708  
-0.2006087921  
1.001083584  
2.705897779  
2.850557177  
-0.8335488232  
1.409065119  
-0.02304925909  
1.210030268  
-1.211808746  
-2.329855485  
-0.6491150212  
-0.6089729849  
-2.405140699  
-2.87676619  
-1.246540484  
1.296568186  
1.982407717  
1.708887028  
0.09313494747  
-0.3422645889  
1.73898278  
3.614550153  
1.139815734  
-1.124130131  
-1.526601222  
-1.118696222  
-0.0180407624  
-0.322386593  
-0.3982346042  
-2.845356983  
-0.9749849698  
1.179518125  
-0.5795804448  
-1.253171785  
0.8392607218  
3.359285157  
4.512460212  
1.217503591  
0.1945960532  
-0.1402308672  
0.5396319582  
-1.697753309  
-4.698160784  
-4.025962952  
-1.993248746  
1.096052395  
-0.6981609205  
-1.711940527  
-0.1661753915  
1.264239274  
4.891621928  
1.173435156  
0.6591564949  
-1.268231683  
-0.5165083292  
-0.6642089014  
-0.4819927708  
-1.278686476  
-0.4987063995  
0.9946507111  
-0.2940697241  
-0.2848936003  
-0.2610700291  
0.236919565  
2.490405422  
2.117463183  
-0.1461541486  
-2.07466523  
-1.743536841  
0.223032325  
2.341275314  
0.4538950318  
-0.09616285624  
-1.589997448  
-1.89236043  
0.3760912779  
-0.9480596234  
-3.263017661  
-2.216451856  
-1.267073486  
0.1587897861  
-0.8777882266  
-1.789741603  
-0.8371737924  
0.9629113524  
1.906206864  
3.21458303  
2.71049466  
2.346398538  
0.2446982904  
1.387981694  
1.685182603  
0.7423621301  
-2.555324907  
-2.58274355  
-0.8048686996  
-0.1046404475  
-0.1034986795  
-1.976278379  
0.4351039739  
0.9457343653  
1.721681423  
0.432608011  
-1.541471565  
-1.706584207  
0.9614024674  
2.588028046  
0.8303057298  
0.1026731734  
-0.4990257337  
-0.9933016525  
1.290173638  
0.9582775345  
-0.657079782  
-2.319603717  
-1.201451212  
-0.1243762158  
1.661060833  
1.098886802  
-0.432667867  
-1.003408173  
0.3207378849  
0.53929501  
1.996257755  
-1.617128561  
-0.5052035105  
-0.9935202726  
1.334194342  
1.57915237  
0.9957544181  
-1.288691468  
-1.606676172  
1.333397168  
0.4424243972  
-1.316140649  
-1.321816898  
0.239311663  
-2.01864067  
-1.824107386  
0.9342469599  
1.53295813  
0.8654140382  
1.291707808  
-0.1122573044  
0.04940302476  
1.991734396  
3.296945804  
-0.1660602951  
-2.50586746  
-3.888056354  
-3.996851084  
-4.609559603  
-2.542362864  
-0.6777882679  
-1.381470638  
-2.455281853  
-1.310187039  
0.04880178437  
2.052143006  
2.06134801  
-0.1373933892  
-1.6889221  
0.8619622625  
2.513012283  
1.310230901  
3.891182088  
0.7867798288  
-2.376819187  
0.6453787871  
0.329413095  
1.346825275  
-0.2023095773  
-2.738457141  
-2.110121293  
-0.05739611165  
0.9785761507  
-0.9837600999  
-0.6729173837  
1.306836243  
2.917435836  
1.61841588  
-1.119150453  
-2.581387659  
-0.7680466934  
1.912260408  
-0.1236215557  
0.4835693904  
1.767659538  
1.785880122  
2.731798064  
3.199048543  
2.66256762  
1.249353727  
-1.121522655  
0.143891411  
0.1252650169  
-0.9759639628  
-2.727466739  
-4.157722523  
-2.800293731  
-2.395747772  
0.5192208716  
0.7911738701  
0.3451548724  
0.4202317525  
-0.100824612  
0.2329018098  
2.029231894  
2.01673006  
-1.318318245  
0.03282098533  
-0.6224714483  
1.484590308  
-0.3274688732  
-0.5070251464  
-2.030111062  
-2.266137279  
-0.4231471676  
0.6498600745  
1.000951222  
-0.1864500872  
1.786400781  
0.1435958562  
1.850250371  
-1.614495591  
-3.291999281  
-2.175259679  
0.4235709614  
2.275727444  
1.57528343  
0.8222513157  
-0.8222743653  
0.9644442751  
1.455884417  
1.437236384  
0.6516861476  
-2.658761281  
-0.8960360229  
1.47797907  
1.078437862  
0.4690148272  
-1.656702376  
0.04722391374  
0.574392669  
2.27767987  
1.655142487  
-0.5864049928  
-2.41031785  
-2.554040894  
0.7468177693  
1.76173285  
0.06648833569  
-1.989189806  
-0.06587783879  
1.279899543  
0.8897430669  
0.3662353946  
-0.5340691185  
1.207213161  
1.985563328  
0.9847072445  
-1.991123701  
-1.715710274  
-0.2734063669  
2.909162834  
1.441805218  
-1.45188728  
-3.061112864  
-0.278174675  
-0.7443802373  
-2.934761832  
-1.267671814  
1.227101092  
1.777339357  
0.9796274462  
-1.745081262  
-0.7725738477  
0.0552690521  
2.684185514  
1.513956029  
-1.64631731  
-2.053421952  
-0.4041126773  
0.647929047  
1.767890931  
-0.06849409098  
-0.3950766707  
-0.4223521185  
0.3790101056  
1.914919084  
-0.8443379292  
-2.032724945  
-0.2885095319  
-0.2277807444  
0.850314324  
-0.5508032854  
-1.988162183  
-1.224854393  
-0.805743611  
1.064603196  
-2.055639528  
-2.845026856  
-0.6606777511  
0.1376997384  
2.30507089  
2.357242777  
0.2475670611  
0.382237055  
-0.5563363181  
2.555179271  
1.529737645  
-0.6508218887  
-0.4722986406  
-0.5319013052  
1.152918169  
0.2948395683  
-0.7122265832  
2.620659066  
3.823358166  
2.629368329  
-0.8099947435  
-0.1568717995  
-0.1368410193  
0.5593816287  
-0.223178101  
-1.507926287  
-1.703935763  
-0.7066101417  
-1.390813956  
0.9209926845  
-1.101172622  
-1.870482738  
-0.4635484323  
0.1606351953  
1.720788688  
0.08738597949  
-2.38360187  
-0.7592340888  
-0.7856212616  
-1.045246524  
-0.3116864847  
-0.948181737  
-1.322971822  
0.191188111  
3.916158173  
1.561581037  
-0.1645687999  
1.468851116  
2.722128731  
3.409431583  
0.6566528244  
-1.021116389  
-1.081175978  
-0.8074583482  
-0.1173930612  
-0.1447931145  
-0.8770694339  
-2.030867092  
-0.9967857932  
2.374504431  
1.328083747  
0.6068947181  
0.698704947  
0.8368603809  
2.031689848  
2.609945513  
-1.076062461  
-1.328026252  
-2.224842177  
-1.731484337  
-1.728117654  
-1.904856674  
0.6248600891  
1.414568797  
0.4453894374  
0.8594321635  
1.81448769  
2.229959027  
-0.6730876824  
-2.939118415  
-0.5021652358  
0.9128968208  
0.05991843422  
-1.446888378  
-0.8226620435  
0.6653773006  
1.457995173  
1.479623658  
-0.6157851518  
-1.433259769  
