0.6876798035  
-0.7748369026  
0.1808119882  
0.7580945365  
1.326790586  
0.7431970585  
-0.735756953  
-0.9664165703  
-2.166064095  
0.7688753899  
0.2321055819  
-0.5588605295  
-1.532696457  
-1.747323782  
-0.3718910464  
-0.03135506829  
0.3249981686  
0.7795400939  
0.04934471646  
1.162261226  
-0.4882993599  
0.09400034427  
0.4092257399  
0.5331036327  
1.07685705  
1.613536154  
0.3707675141  
-0.5463625571  
-0.3524671463  
-1.961931243  
0.5199881827  
1.532286401  
0.5637823236  
-0.1745444046  
0.8296908067  
0.1339729115  
0.1072951747  
0.01789929761  
-1.543214283  
-0.5830016914  
-1.093966679  
0.1439758541  
-0.4180100941  
-0.6036741382  
-2.035222406  
0.9846625709  
2.119918201  
1.096735967  
-0.2134486617  
0.9118240211  
-0.6137954827  
0.5440817236  
1.386160695  
-0.4301559282  
-0.4895918138  
-3.640680792  
0.06065735702  
1.171180427  
-0.2930212002  
-0.1841483343  
-0.3320642752  
-0.9731435595  
2.549624504  
0.9961544959  
-0.4628412467  
0.2172497803  
-2.07884501  
0.7937525171  
1.904294849  
1.356580521  
-0.1077326905  
-1.84570511  
1.748347136  
1.860151271  
0.3826540004  
-0.04220343559  
-2.23049516  
0.9508876217  
0.6685790513  
0.2201774413  
-0.3356693172  
-0.9536690195  
-0.2781444828  
-1.175028854  
1.409845522  
0.7370287968  
-1.594742788  
1.12555076  
0.6784469388  
0.4436893507  
-0.9663529307  
-2.229400802  
0.5863003042  
0.946862268  
-1.230746129  
-1.468557036  
-3.669070871  
0.7095172575  
0.5512382394  
-0.9820731694  
-0.8637641411  
-0.2175927486  
2.098363406  
1.271100464  
-1.008972044  
0.3270914134  
-1.169949155  
1.546693263  
2.09265469  
0.6072026199  
0.3685256534  
-0.2609761236  
-0.6705848621  
0.7096168544  
-0.1784849228  
1.042588389  
-0.6460306096  
-1.864152722  
1.797068203  
1.212121376  
-0.8150294363  
-1.426271926  
-0.4585119986  
1.462845134  
0.5747265816  
-1.483621941  
-0.1199017649  
1.473902023  
1.759195685  
0.3232809442  
0.4401996116  
0.3686794158  
-1.84557026  
-0.8431978827  
-1.582087155  
-0.4380849364  
-0.04815825946  
0.6847426977  
-1.348285927  
-2.958603109  
-0.4886090073  
-0.3705083222  
1.31525931  
1.134183829  
-1.463831133  
-0.5296337511  
-0.2873277434  
1.048886724  
0.4449116454  
-1.569660175  
-0.1087501207  
-1.982896116  
-0.000602641891  
-0.09150154174  
1.50254216  
0.9312973839  
0.2678384221  
-0.6934349727  
-1.091745737  
0.4961682914  
-1.634260547  
-1.311789234  
-1.164987546  
0.5251557755  
1.392324061  
1.568993468  
0.123851144  
1.422704851  
0.8153885158  
-0.4311587848  
1.627505887  
0.8923742719  
0.7047675772  
1.487710434  
-0.01185913349  
1.148212869  
0.1732486388  
0.1254402593  
-1.047236122  
-1.613932212  
0.9817366173  
1.318096913  
-0.5185779984  
-1.802917849  
-1.813532457  
-0.8638680973  
-0.3737749618  
1.076502531  
-1.262647066  
-0.7739831096  
-0.1259592862  
-0.1266589984  
-0.6411207466  
-2.515102263  
1.08824433  
1.628362959  
1.187279818  
-0.17630856  
0.06438363945  
0.5155958434  
-2.769055245  
-0.9511351962  
-1.108917011  
1.12217356  
0.9441675447  
-0.5703998127  
-1.1664054  
-1.34098856  
0.9790546973  
1.112618032  
1.199744133  
-0.05125157243  
0.6135260031  
0.8413711891  
-0.5156786409  
-0.02705543117  
-0.5960350959  
0.6668694899  
0.3253394857  
0.7052938166  
-0.3632678913  
-2.802467115  
-0.03002827586  
1.205843896  
1.878222479  
1.480442925  
0.4948326126  
0.351072546  
1.752145056  
0.2410903017  
0.08682446023  
0.2481860572  
-0.4828383242  
0.2517367224  
-2.367248416  
-1.67677897  
-1.186832889  
0.3179658118  
1.102570717  
-0.3459411166  
-0.8014977834  
-0.115814246  
0.7851972743  
-1.916795282  
0.1135816963  
-0.1090286946  
1.121718619  
0.9475192399  
0.5799705373  
-0.3246563716  
0.6819006116  
0.7952527602  
-0.09957661333  
1.15687788  
-0.3832984368  
0.03381633406  
1.894704153  
-0.2967340037  
-0.4510828395  
-0.854365036  
0.9428637654  
1.655307139  
0.8577895309  
0.01478234631  
0.6350271466  
-0.6344160804  
0.2962205628  
0.8068998742  
-1.27367493  
-0.5560145147  
-1.556877215  
-0.08973456327  
1.20272181  
-0.1848231277  
-0.5473287343  
-1.045811772  
1.822622923  
2.363331613  
-0.4808211702  
-0.7081910159  
0.3619931457  
-0.1198565835  
0.5282828168  
0.0267254454  
-1.345708031  
-1.085972009  
-1.115355968  
0.01960461098  
-0.6058681132  
-0.9909248348  
-3.15805213  
0.4338229271  
2.62973291  
1.491361167  
0.4853156282  
-0.07325949569  
0.7429616559  
1.094287016  
1.156162142  
-0.5431401415  
-1.116837155  
-3.170538103  
-0.2468130952  
-0.1644225962  
0.03579285941  
-0.8967662399  
0.1417137023  
1.206472747  
0.5691558827  
1.35432931  
-1.359748157  
-0.009447316779  
-0.4890325613  
2.180780094  
1.71251445  
1.023374729  
-1.226072711  
-0.170423938  
-1.227847668  
0.2040471161  
-1.470749928  
-0.8615719547  
-1.897742873  
0.5137585207  
1.860884852  
0.7149321508  
0.5548931536  
0.5244944042  
0.2515346727  
0.6593128903  
1.435729183  
-1.002252765  
-0.7942011595  
0.7366395306  
0.01264101943  
0.1255062797  
-1.811695889  
1.43787452  
1.773299316  
-0.208251632  
-1.069354757  
1.193917769  
1.67679274  
0.1078011679  
-1.616322949  
-1.326009473  
-1.567235954  
0.624725105  
0.9967506389  
0.4634150521  
1.340374801  
-0.259968442  
-2.039247128  
-1.704972571  
-2.482869913  
1.237163641  
0.6848025191  
0.7311876348  
-0.2347765021  
0.1563942454  
1.424675578  
0.9830409141  
1.401677822  
0.1447810284  
-0.7888166756  
-0.1306723655  
0.5317943027  
0.662595088  
-1.456646934  
-0.114193623  
0.2297990487  
0.8227655657  
1.133471629  
-0.348343454  
-0.7683396983  
-1.168309039  
1.056177036  
0.232481591  
0.1495497673  
-0.06437383312  
1.25342249  
2.035420512  
0.7680729193  
-0.7655761814  
-1.522633412  
0.1462717565  
-0.002453553927  
-0.1416117156  
-3.773199834  
-1.83072191  
-2.796944985  
-0.06752981971  
-1.099885899  
0.1644597367  
-0.2724965133  
0.1460874508  
0.3956246055  
0.6443784008  
1.789102263  
-0.2641666571  
0.2059618627  
-0.04032157814  
0.6352358169  
0.5028802201  
0.8356469717  
-0.4525613879  
0.6031235942  
0.2762476147  
1.105823362  
1.473532476  
-0.1935806038  
0.06926315426  
0.005381717922  
1.407192893  
0.8566149617  
0.9821431984  
0.08175543485  
-0.2491563969  
-0.9051167329  
-0.4579911607  
-1.399664849  
-2.61202718  
-1.223035781  
-0.5989694471  
-0.5208893025  
0.2775473822  
-0.194398107  
-1.070512012  
-1.755109244  
1.875514644  
2.631467914  
1.415230135  
1.071001583  
0.7876900801  
0.5839408489  
-0.3240005373  
-0.1854106226  
-1.659107873  
-1.366314134  
-0.8786207589  
1.548583313  
2.158953819  
-0.2842460775  
-0.1062556674  
-0.2759697533  
-0.2774979561  
0.3080887778  
0.8907039469  
-0.1944414855  
-1.058192031  
-0.5913534819  
-0.5338221595  
-0.3737048128  
-0.1629192486  
-0.4116288758  
-0.1258152723  
0.5355112172  
1.191562206  
0.2526373779  
0.3981769329  
0.6871976379  
0.6913903972  
-0.9954619947  
-0.8355877359  
-2.370168813  
0.7477723446  
2.242284357  
-0.7699760869  
-0.3615523172  
0.2437501241  
-0.4490584976  
0.6296055184  
-0.6356536888  
0.4320369788  
1.454558118  
0.3166138815  
-2.204242616  
-0.5972414721  
-2.037714204  
0.9379505557  
1.610241864  
-0.2654952376  
0.09445883863  
-1.258789005  
-0.5561705048  
0.001347212731  
0.6612333045  
0.334407788  
-0.01257938001  
-1.142749136  
1.059678112  
1.504363659  
-0.4670925053  
0.1550540815  
-1.493232864  
1.616443303  
1.395940939  
-0.12739652  
0.7433078023  
1.543050258  
-1.507512637  
-0.2648958249  
-1.259475725  
-1.21824245  
-1.8664288  
1.572641559  
2.087393306  
0.5429182162  
-1.273764444  
-3.063475682  
1.078750153  
2.767704229  
-0.2738924957  
-0.4521803451  
-0.4974172039  
1.051147403  
0.7107906719  
0.6363607072  
0.4969178642  
1.486016992  
1.651060802  
0.8469656013  
0.1489616792  
-0.5443007921  
0.06740919606  
0.2954860261  
0.1636675903  
-1.207448171  
-1.116397226  
-2.961683306  
-0.5159807632  
-0.2947651146  
-0.5613792542  
-1.305936004  
-2.065616311  
-0.502463327  
1.510389985  
-0.3295414743  
-1.390599617  
0.6318634047  
0.4613489448  
-0.03963753247  
-1.255893505  
-1.141738022  
-2.191940318  
0.1989223874  
0.2665866894  
0.6876996331  
0.4600506901  
-0.3381567779  
1.095763778  
2.587294448  
0.4909320057  
-0.2150641755  
-0.5335680242  
0.2115144161  
0.2864092194  
1.517684124  
1.177768605  
-0.7231644636  
0.3407034965  
-0.6616010301  
0.9503348047  
0.2628681941  
-0.6896494755  
-1.073538149  
0.5483972085  
0.7116700438  
-2.313204421  
-1.172033981  
0.935373735  
-0.04406067776  
-1.485712941  
0.2716244338  
1.099092768  
-0.3493916701  
-0.4619179913  
0.1563972653  
0.01246448389  
0.5874705287  
-0.4379059556  
-1.189908636  
0.9123045214  
-0.8742386913  
-0.5271011578  
-1.100378052  
0.6116464261  
1.547573766  
0.8030057832  
0.4129735647  
