1.025529871  
0.8467280989  
-0.0551107088  
0.4717688253  
-0.03413306742  
-1.88165479  
0.2682978853  
0.5044258829  
1.493069931  
1.918830481  
-0.0840729105  
0.5259372942  
0.3741191771  
0.6373895041  
-0.09198767366  
-1.346723142  
-0.5713794397  
-1.269921368  
0.02135523557  
-0.9351311386  
0.2586497753  
1.214627248  
0.21279387  
-0.9620413277  
-3.634113523  
-3.391171805  
-2.474641078  
-0.6218812849  
1.326281045  
0.8383844934  
0.06900232524  
-0.08605436176  
1.688994085  
2.250684954  
1.697459892  
-0.1579044509  
-0.148080456  
-0.4075813806  
0.9030500482  
1.246079739  
0.4569583416  
0.5512700263  
2.274359456  
0.3404020045  
1.012543671  
0.6841465562  
-1.512694136  
-1.750223031  
-1.224541171  
-0.1830510356  
-0.6728003842  
0.394935781  
0.6380020457  
-0.6905240648  
-1.820966169  
-0.1861625242  
0.8731377863  
-1.359448423  
-0.2863616094  
-1.661139269  
-0.05648813015  
0.9488101742  
2.004104268  
0.7675221309  
1.76997434  
0.3882137155  
1.735514082  
2.235053863  
0.08351359274  
-2.202873756  
-1.705896004  
-0.1988673774  
0.9310812248  
0.3323827351  
-0.1099177685  
-0.095815875  
-0.4719524767  
-0.02367801781  
-2.755112035  
-2.805784282  
-2.406372949  
0.5090435757  
1.20980445  
0.1098324014  
-1.037077155  
-0.7864177205  
0.5918515536  
1.40419455  
0.6438918592  
0.05098850912  
1.752908334  
1.672512819  
1.601043587  
-2.092146814  
-2.709946161  
-2.101428911  
-1.304082229  
0.3070516908  
-0.3986762572  
0.9170190606  
2.380918568  
2.566106677  
3.709186603  
0.285358697  
-1.48464484  
-2.115356586  
-1.826737242  
-0.14070932  
-2.926760281  
-4.551411212  
-3.320567287  
-0.3961277688  
-0.1901576417  
0.6985053037  
-0.03853076554  
0.6732617394  
1.782136276  
2.508609194  
3.606442092  
1.579072216  
0.6833555609  
-0.5000332405  
-1.402245291  
-4.208801181  
-3.263712193  
-1.573500395  
-0.5622188363  
-0.3315058926  
-0.7208968058  
-1.040129322  
1.015514252  
1.83919145  
0.6654645042  
0.556523214  
1.448508801  
2.712723527  
2.798378035  
3.157819701  
1.694973227  
2.843336238  
1.272008352  
0.4310558287  
-0.2526810041  
-4.943141387  
-3.922800269  
-1.14920571  
0.04971667363  
-0.3858368964  
0.01659554307  
0.9276830944  
1.536015518  
2.223542232  
2.676466992  
-0.1694128176  
-3.492768284  
-3.129768699  
-1.971370375  
-0.2138652293  
0.7488968734  
0.8658038607  
0.9631329334  
2.628492942  
2.827626816  
3.485410791  
1.720925449  
1.524157924  
0.1684637151  
0.5134155238  
-0.6483401655  
-2.309655799  
-1.76352484  
-1.365184085  
-1.342683694  
-1.744369034  
-1.140710987  
1.088905177  
-0.2374612807  
-0.07552205755  
1.126204306  
0.1841419283  
-0.1770567722  
-2.326622045  
-2.647522902  
-2.817173578  
-0.8590936349  
0.2003618045  
-0.4993256971  
-0.3793298643  
0.310930013  
1.217001845  
1.46559738  
1.827779412  
0.8777447985  
1.331791029  
2.03777976  
0.7768595122  
0.2861690034  
-0.0508622568  
-1.152984308  
-2.739176232  
-2.03601538  
-0.6923411883  
0.8241665298  
1.701343872  
0.5046796878  
0.574771013  
0.1812184784  
2.310954378  
1.585851132  
-0.2141264144  
0.4327365931  
1.248278941  
-1.065656904  
-2.379430549  
-1.25552176  
-0.4083396522  
0.1082683933  
0.6154485979  
-1.232367883  
-0.4466340235  
0.9744514969  
2.209241267  
1.638445195  
-0.2556723353  
0.8721482398  
-0.1810117695  
0.7901206431  
0.8551838192  
1.00987845  
-0.4285990017  
0.7584520484  
2.24112776  
0.1428093511  
-0.4895458986  
0.2154069812  
1.241527553  
-0.2486190427  
-2.169726938  
-3.15392895  
-1.338729534  
-0.6900914273  
0.008045399388  
-2.411489437  
-0.5049066505  
0.7502213167  
1.191673437  
0.8242799012  
-1.632731571  
-0.333361523  
0.3800447393  
2.126386918  
0.8207166755  
0.2428421023  
0.4968873916  
0.3056362118  
0.697786093  
-0.3631870058  
-1.228797992  
-0.3900123889  
-0.2417755658  
0.7930246001  
0.634706587  
0.362783048  
-0.5552097369  
-0.273186044  
-0.7465630224  
-1.458450522  
-2.592947125  
0.6140595352  
0.3607515829  
0.8262919514  
0.6716702425  
-1.145728869  
-0.9263308875  
-0.9002861581  
0.1112223331  
0.8510265183  
-2.647995142  
-3.131063359  
-2.137707022  
-0.1585972748  
0.550192316  
-1.013436096  
-1.493834384  
-0.900240988  
-0.6487289017  
0.4582300018  
1.709144515  
1.295061073  
2.851604263  
2.565595477  
2.636153988  
2.009530069  
0.1036594578  
-1.998876957  
0.7604865942  
-0.3139351707  
-1.068420874  
-3.793221002  
-2.112496964  
-1.206707927  
-0.7884506457  
0.6109773081  
0.05610362889  
-0.9885806196  
-1.114047796  
1.319175956  
2.703341436  
1.194564237  
-0.06079105038  
1.172463336  
2.21744487  
2.556417201  
2.370676002  
-0.5529791277  
-0.3342574232  
-0.6061788412  
0.6913186653  
-0.1714226503  
0.7456872891  
-0.0914610127  
-0.6163739901  
-0.2161175711  
1.426491122  
-1.359560961  
-0.8298007881  
0.0914488276  
1.286528838  
0.8405712227  
1.499497364  
0.4694018226  
0.2247261784  
-1.084905104  
-2.197040037  
-0.08814755341  
-1.159219269  
-1.22665342  
0.4663090767  
1.511769502  
0.8463955688  
0.8754522482  
1.289925022  
0.1451813386  
0.8606573279  
1.920412289  
1.811841708  
0.119670321  
0.5200241613  
1.874921858  
-1.050614232  
-1.131449994  
-1.062295391  
-3.511890775  
-5.415450029  
-2.983549309  
-2.752777618  
-3.130799648  
-1.375334641  
-0.6840709878  
0.2331350489  
1.244032156  
-0.1423453565  
1.48379675  
1.813659132  
0.498969912  
0.2283346213  
1.284729716  
-0.6963463283  
-0.6050420263  
-0.9010050242  
-0.3903352335  
1.016530779  
-0.9487094464  
0.6102957073  
0.8992824375  
1.55791927  
1.858352694  
-0.9825230448  
-2.68460989  
0.0150223307  
-0.01060575896  
-1.631780973  
-0.1725229809  
-0.9323956111  
0.4163476167  
1.187741045  
0.3694690581  
-1.73081382  
-1.357272023  
-0.5502751486  
0.7207289919  
2.179672158  
2.559310466  
1.68201431  
3.145876318  
2.30460435  
2.03779341  
1.445841988  
-1.450722156  
-2.759522008  
-2.553170732  
-0.6576362459  
-1.514825041  
-0.3487057459  
-0.1924362198  
1.09142259  
2.072387896  
1.634372851  
1.871646875  
-0.103457406  
0.4033202713  
-0.8192792069  
0.7505413329  
0.215901059  
0.2463263581  
-1.129896584  
-1.766814578  
-0.07223472509  
-0.166927933  
0.7832911782  
0.1113219012  
2.628646527  
2.63098432  
2.490758974  
1.046586239  
-2.490072849  
-1.353274017  
-1.715557557  
0.4857821175  
0.2944839472  
-1.683944052  
-0.9387252485  
0.1724631464  
1.923598898  
1.310415483  
1.346455794  
-1.332269274  
-1.929376016  
-0.936508523  
-0.5859994389  
-0.465266511  
-2.873709288  
-2.267379003  
-1.197585303  
1.260688431  
1.2793754  
1.021070304  
0.55192605  
0.2654754693  
1.569854426  
1.390720065  
0.8964906069  
-1.69435259  
-2.010721597  
-0.02956504064  
-1.006476539  
-0.009969466587  
-0.2635668839  
1.422684117  
1.606200429  
2.66393392  
0.3575395558  
-0.09301039742  
-0.1468694267  
-0.7505226049  
0.06875534722  
-0.006766773727  
-1.875514622  
-1.263899318  
-2.476882221  
-3.549160033  
-3.068574847  
-1.336085507  
0.3964546837  
0.6933382547  
-0.5510680916  
1.339155647  
2.485967627  
3.497565715  
3.901196782  
1.611309101  
1.484993961  
0.1346917011  
-1.345188636  
-1.925265019  
-2.726529001  
-5.241382111  
-2.61119785  
-1.685391177  
0.08004082061  
1.052472292  
-0.04420164391  
0.850536827  
2.29936623  
2.276427125  
1.687044208  
-0.5178990081  
0.3447565255  
0.4472220082  
-1.531688766  
-2.5096893  
-2.735554096  
-1.949194777  
-1.555694284  
-0.9141698739  
0.5978959963  
0.3958696099  
2.099037572  
0.7139550432  
0.5111907489  
1.490616631  
-0.2552853405  
-1.604200955  
-2.250054673  
-0.4551115253  
-0.2127290542  
-1.55896823  
-0.552005208  
-0.1037759236  
1.771232931  
0.3816359038  
3.152583082  
3.098293435  
3.933316636  
2.115437816  
-1.144453675  
-3.604231946  
-1.690606594  
-0.2218523794  
0.6255080791  
2.266212521  
0.6278623179  
0.3041971576  
-0.3014018091  
1.250659465  
0.46327684  
-2.25752807  
-2.811626782  
-1.96342757  
-2.228742245  
-0.3541320369  
-0.2156523867  
1.341803552  
2.445454947  
3.708258367  
5.381778417  
3.186345674  
3.024345372  
0.3584153164  
-0.20001167  
0.4917480958  
-2.025064956  
-2.267530923  
-3.580293996  
-1.635130439  
-1.002713226  
-0.78476248  
-1.540609977  
-0.8001270833  
0.7621372286  
1.658296258  
0.5366794506  
-1.029177024  
-0.111043572  
0.6755943433  
1.094117786  
1.969894527  
-1.542736319  
0.2700942996  
0.5105802195  
-0.5500324344  
-2.663153177  
-2.081017645  
-0.5684713638  
-0.1740377822  
-0.379542077  
0.3820547545  
1.834514816  
3.748918929  
3.316184093  
2.132649845  
0.08368846607  
-2.19916133  
-1.673381368  
-1.490273689  
-1.320991599  
0.3481600214  
-0.2030929325  
0.0278765634  
0.3453986156  
