0.5155913183  
0.9621527247  
0.705349804  
-0.2432126229  
-2.415225168  
-0.3442963244  
-0.2152839574  
1.262158684  
2.39586215  
0.4644089062  
0.5118960751  
0.4850268634  
0.8977413979  
-0.9928762159  
-0.4381323076  
-1.118246221  
-0.1128343852  
-1.136416315  
-2.031704644  
-0.8549225413  
-1.020245806  
0.5385589566  
0.6435383799  
-0.2058315432  
0.6341056829  
1.945510999  
2.715256775  
2.036922097  
1.92675462  
0.4954996408  
-0.9421448319  
-1.716208252  
-2.24790809  
-3.015076853  
-2.686935727  
-1.503954398  
-1.789443923  
-0.1970929849  
0.3723439934  
0.4849309923  
-0.5857280277  
0.1811693403  
-0.1956947881  
1.848140172  
0.8759635532  
-0.4670338843  
-0.3729007182  
-0.5216624282  
1.484827676  
2.469038647  
1.79260228  
-0.8350906735  
-0.9185530078  
-1.215617226  
0.2149160069  
0.9348561476  
1.014352714  
1.090430366  
1.180732056  
1.275223409  
2.19552178  
1.395119667  
-0.3366949223  
0.2684297688  
-1.077324497  
-0.9734422809  
-1.055939145  
-0.927572152  
-0.01586353427  
-0.5150785996  
0.3604581006  
-1.102919411  
-1.772987397  
-1.727993551  
-1.888633167  
0.02494556238  
0.9015569683  
0.3002231644  
1.321845386  
1.013555185  
2.466991797  
1.894219829  
0.4951197528  
0.005364607465  
-0.9711807177  
-1.786707288  
-1.468772403  
-1.430392618  
-1.531642576  
-2.017246606  
-0.46255188  
-0.545424813  
-0.3373612765  
0.3728575306  
-0.7188366074  
0.893168423  
1.605993839  
1.02726495  
2.634150118  
1.578172247  
2.054985174  
1.039677966  
-0.5601521786  
-0.760656977  
-3.019802962  
-1.703593433  
-1.919150751  
-0.7969144646  
-1.187358685  
-0.4905033507  
-0.04407529685  
0.5297825129  
0.4059016839  
-0.534103601  
0.1852704893  
0.1855430325  
1.007392555  
1.198932434  
0.7544747395  
0.7302266092  
0.6225411585  
1.564797815  
0.8442317855  
0.8853978385  
-0.6530538639  
-1.824395419  
-2.049077095  
-1.445497824  
-1.432062657  
-1.037681481  
-1.083982196  
0.02330163482  
-1.113770174  
1.652473991  
1.207416369  
0.09701361815  
-0.3771690699  
-0.0105202148  
1.502264414  
0.4927675289  
1.381144799  
1.334975723  
0.607918121  
2.347901795  
1.504662503  
0.270665688  
0.0476311128  
-1.422196618  
-1.092484297  
-2.034127987  
-2.146696859  
-1.728849134  
-1.490968364  
-0.4818947441  
1.293276604  
0.2221624173  
0.07942195962  
1.260434515  
1.652221214  
2.126183164  
1.960777087  
2.028679323  
2.387242824  
0.5448924466  
-0.3735072443  
-2.790446689  
-1.35967244  
-1.561930812  
1.365209687  
-0.1404408742  
1.048678701  
0.469084165  
-1.215583688  
-0.2025864435  
-0.0985566797  
-1.020887904  
0.6159873928  
-0.653842546  
-0.8112257579  
-1.430707215  
-1.296633278  
-1.203254973  
-1.658568128  
-0.03375818162  
-0.08623033311  
-0.7039895235  
-1.038484043  
1.609637922  
1.645793788  
1.660877023  
1.39542227  
0.1594689015  
0.4457769592  
0.4739243598  
-0.09437966504  
-1.010970153  
-1.080760288  
0.4584606472  
-0.5309659696  
0.40283911  
0.7133922115  
0.3681198714  
0.8681932209  
0.4097328743  
2.544815489  
1.631823935  
3.743585958  
0.7250041837  
0.2246680194  
-3.108004112  
-2.600225292  
-3.256222328  
-3.392874259  
-1.007371146  
-0.9124250146  
0.6553478565  
1.051216448  
0.7047789812  
1.824634617  
2.001198318  
3.183647982  
1.920264083  
0.2072551811  
-0.03877676566  
0.8935789125  
-0.5032558024  
-0.6071775713  
-2.046468335  
-2.463099479  
-1.015442139  
-0.974055825  
-0.712306787  
-1.402332174  
1.023196311  
1.686240198  
2.087132866  
3.081901241  
1.977174299  
2.349007838  
1.067628756  
-1.17659994  
-3.412952796  
-3.442420256  
-3.593326536  
-1.375459726  
-0.8844098516  
-1.759831916  
-0.07339309615  
0.5743635616  
2.040453838  
1.86633655  
3.389035404  
1.365838938  
1.02304672  
-1.145945796  
-2.907031891  
-0.602307785  
-1.923584686  
-0.7379473487  
-1.181379161  
-1.904440781  
-0.04373064343  
1.071632999  
1.882321213  
1.858623502  
1.171825354  
0.2193613086  
0.3272899604  
-0.5757487194  
0.7109727003  
-0.4584945297  
-0.2426765502  
0.6509402266  
-0.4663300273  
-1.276438985  
-2.188861692  
-1.640747428  
-2.084847008  
-1.850458326  
0.03168179247  
-0.6301257166  
-0.351428582  
-0.8864155612  
1.864889995  
2.05125783  
0.8713573657  
0.7649119733  
1.507957052  
2.758265018  
2.978443803  
0.9581813145  
-0.2033801608  
-0.1391636935  
-1.291548046  
-3.444668652  
-1.952809361  
-1.498725947  
-1.657461028  
0.3505762847  
0.4318132555  
1.224802285  
1.1745707  
1.631417569  
2.144075398  
2.285044196  
1.903493105  
1.068341039  
0.166607685  
-1.68328554  
-1.494349637  
-1.737787293  
-1.759052903  
-1.314159153  
-0.8916306498  
-0.6765956191  
-0.4919854171  
-0.5568801344  
1.11171572  
0.6243069172  
0.9804408143  
1.542056701  
1.780974649  
1.117593969  
1.363491533  
0.5184885129  
0.1218021463  
-0.9761787165  
-2.192421021  
-2.55548152  
-1.83907264  
-0.1434533139  
-1.863584453  
-1.105779306  
-2.492516592  
-1.453733542  
-0.6888279064  
-0.7086869535  
1.330204023  
2.600655895  
1.632868351  
2.572909336  
1.638307771  
2.365826266  
2.012489522  
1.841016981  
1.87500066  
-0.03064260735  
0.6670883132  
-2.25166683  
-5.221277654  
-3.143635578  
-3.215230572  
-1.603263271  
-1.340287432  
-3.124303277  
-3.027293319  
-0.9746550683  
-0.2951280235  
1.03702648  
1.515744979  
0.3308091278  
1.693510603  
2.920709987  
3.964459186  
2.566335648  
0.2619306998  
-0.8785798905  
-1.422503591  
-1.2390139  
-1.316642446  
-0.9596529294  
-1.191841479  
0.6751337984  
0.7516404619  
0.6069766798  
-1.195409125  
1.229642573  
1.287195551  
0.2605175296  
-0.8193101531  
-0.5834832958  
-0.9973115302  
-0.7244721899  
-0.984309842  
-1.126429676  
-0.9085190092  
0.8650376561  
2.626982291  
1.588978487  
3.446790363  
1.820455492  
0.627767575  
1.557799148  
1.653783958  
-0.7720197709  
-0.3901464729  
-1.090339138  
-2.698863894  
-3.207255009  
-1.797132088  
-2.215002192  
-1.073718443  
0.001271221969  
-0.4920316042  
1.529453764  
1.942949004  
1.919313697  
1.903097791  
2.147274234  
1.311929848  
1.902867927  
-0.1132156174  
-0.7034139732  
-2.377303699  
-2.265135357  
-1.269387759  
-1.097619001  
-1.321264611  
-1.666156157  
0.461100303  
2.285317374  
3.288076617  
3.536158833  
1.737834963  
-1.427248939  
-1.712302522  
-1.245162255  
0.2061221537  
-1.449915691  
-0.4355871624  
-0.5554053383  
-0.04637309576  
-0.1786243383  
-0.2076478646  
-0.986483687  
-1.02093494  
0.9272253287  
-0.3836273793  
0.8229816869  
-0.970263467  
0.7081302929  
1.683087986  
0.4945468956  
1.467242338  
1.048155449  
1.701187912  
-0.3976649953  
-0.6011690545  
-1.487395919  
-1.481415715  
-1.361891221  
-0.7595948467  
0.2745775768  
0.4905445601  
1.389932739  
1.383069643  
0.4360409772  
1.529855295  
0.1484891381  
-0.3152370706  
-1.197885194  
0.8060929805  
0.6626117947  
-0.08053512674  
-0.0501478958  
0.1902616345  
-0.6864279447  
-0.6209121261  
-2.709640145  
-3.23588074  
-0.7579841048  
0.1071230111  
-0.5039481662  
-0.3898687643  
-0.6173576127  
0.5939290966  
0.4982057038  
0.6851680937  
0.9486943902  
2.288984498  
2.305930901  
2.020518111  
1.482058126  
-0.2389331266  
-1.368534505  
-2.835588112  
-0.6605067426  
-1.095929613  
-0.7162324709  
-0.7069799313  
-0.1602600672  
1.208975113  
2.286823104  
2.310317127  
0.1912145252  
-1.17572219  
-0.3075835109  
-1.841962115  
-2.798452697  
-1.72527955  
-2.160664961  
-1.725395092  
-0.3594501719  
-1.13417301  
-1.365678726  
0.06616137019  
1.115854784  
0.6568205521  
0.0724108445  
-0.1021057779  
1.368272205  
1.366981538  
0.9338126432  
-0.6268628459  
-1.009894012  
0.8052250489  
1.748857531  
1.77767848  
1.859789867  
1.533196507  
0.8212393215  
1.973177418  
-1.160212996  
-2.057612464  
-1.292231246  
-2.549732153  
-0.6673593382  
0.7079873183  
0.9323614843  
-0.1931628995  
1.754858201  
2.504442987  
3.113363845  
1.545435794  
0.5807350945  
-1.023620335  
-1.751921508  
-1.177122566  
-2.142223465  
-2.893462739  
-2.568452139  
-0.8919961959  
-1.502375419  
-0.7292362245  
0.8884526511  
1.915984696  
0.3029522582  
1.764935604  
1.584835538  
0.797721588  
0.718500806  
0.410808911  
1.950227853  
0.07458552774  
-1.222767604  
-1.901821  
-2.9466038  
-0.666299275  
-0.6029369688  
-0.1967847726  
1.560339233  
2.138725964  
4.017618547  
2.001896321  
1.972268001  
0.9897802404  
2.101337918  
0.6915377268  
-1.65594796  
-2.331357859  
-1.942986256  
-0.757337968  
-0.8386162659  
-0.9003995445  
0.2806878027  
0.3046534251  
1.494336053  
2.134117525  
2.566263853  
2.604037819  
1.104570007  
0.4343277797  
-2.750632951  
-1.715170993  
-1.039463363  
-1.261349631  
-0.405948999  
-0.4010641149  
-1.071564386  
-0.6162940365  
