-2.841242491  
-1.935801044  
2.370328784  
-0.1926863128  
1.812395147  
-1.147239081  
0.2545806971  
3.303199713  
-0.2105012834  
0.1665353438  
-1.981614295  
-1.094785225  
2.548997789  
1.419095144  
4.760994396  
-0.3745289544  
-1.121271579  
-1.354787482  
-0.4107681097  
1.266234385  
-2.591950635  
-1.663943689  
-0.5598235974  
2.455000954  
-1.060151934  
-2.049400456  
-3.683203483  
-1.028372296  
3.163794835  
1.273604437  
1.524081554  
-0.7835299568  
0.1510991575  
-0.9656489569  
-0.9488797131  
-1.393706265  
0.1362593495  
-0.06507624064  
0.1596037135  
1.729869696  
0.4724108226  
1.432899106  
-0.8645591651  
0.6910002991  
-1.010699272  
1.154679331  
-2.018942254  
-2.15492466  
-2.53796617  
0.2934872341  
1.135844515  
3.283588778  
4.360927043  
1.031153772  
1.021783  
0.1179314748  
3.393985536  
-1.74967676  
-2.04767816  
-2.927817007  
-0.7811550767  
0.3662493668  
2.382989647  
-2.276098067  
-2.504246859  
1.021062444  
-0.39168701  
0.9825998119  
-1.377141453  
-1.091534644  
-0.9364715234  
0.5584375432  
4.329305386  
-3.115200639  
-2.440824379  
0.2203624481  
-1.563884578  
1.675383627  
-1.781344053  
-1.675185693  
0.07638237093  
1.19173644  
3.664209846  
1.383550459  
1.423799677  
-2.227003096  
-0.06356188279  
3.149330343  
-3.638179634  
-3.633033938  
-0.9756577911  
-1.260774073  
0.4161952573  
-1.771005163  
-0.6695637689  
1.241926917  
-0.1360159658  
1.006509196  
-0.6239315774  
-1.501742074  
1.839900101  
0.7640143275  
2.146522062  
1.66951016  
-0.134118261  
2.77625248  
-0.08802925501  
1.402460356  
-1.589679803  
-1.62268608  
-2.650030411  
-1.247398136  
-1.014512983  
0.4402602581  
-0.3279789617  
-0.1768423948  
2.234539044  
2.315662501  
4.994976481  
-0.6227277165  
-1.030672933  
-0.4125977111  
1.976787771  
2.791942596  
-2.482331541  
-1.936487684  
1.909930109  
-3.691212097  
-3.018256941  
-2.807484995  
-1.025038265  
0.2538561534  
0.4500371642  
2.132695349  
-0.6715060158  
1.051736385  
-0.1384419009  
0.2747278643  
1.841382964  
-1.311466459  
-0.9902175621  
-3.059878688  
-0.799996439  
0.4997987651  
-2.279407103  
-0.5099399067  
-1.62689984  
1.38917718  
2.416950738  
0.7787017278  
1.416433224  
0.8025318504  
3.559088907  
2.415881363  
1.94925484  
-1.910449859  
-1.019422882  
3.577249435  
-0.7738298604  
-0.467090903  
-2.535193942  
-0.8169575513  
-0.899807974  
3.245522245  
0.6392216569  
-2.051284724  
-1.451322031  
1.028572692  
0.7848875113  
-0.5291718102  
2.233227664  
-0.565900601  
0.7052308945  
1.645167442  
-2.270038459  
-0.7228717216  
-2.956534008  
-2.500453097  
0.6323295811  
1.100816407  
3.598053116  
-1.086529239  
-1.976999288  
-2.867614744  
0.4828865761  
3.281484751  
0.5976755863  
-0.3942767001  
-3.772021705  
-2.281426448  
-3.453356359  
-1.211310364  
0.5934191751  
0.4402161417  
6.389565122  
1.23750113  
-1.353891106  
-1.556816679  
-0.1326601429  
1.998765152  
0.5472834144  
1.88331744  
-0.4359990251  
1.06861354  
0.8669193952  
-1.156834093  
2.023711888  
2.162660478  
5.047747599  
0.3676678761  
-1.896224441  
0.5998773165  
0.562856156  
0.9523007766  
-1.598923269  
-0.8080062042  
-1.355333625  
0.6667594719  
-1.304347238  
-0.6529853192  
3.23800132  
0.4544057746  
3.642167551  
-0.9107008842  
-0.3017531771  
-0.4479635373  
-0.6408462324  
-1.709005647  
0.2916458815  
-0.2051046634  
-0.5344019877  
1.399422237  
2.101707817  
3.26493259  
0.7932033937  
1.810628539  
0.3608982302  
3.197827413  
-1.026696397  
-2.626774632  
-2.39675518  
-1.504982993  
-4.294947715  
-3.76685841  
-1.858710225  
-2.890634441  
-1.542568717  
-3.107256585  
-2.079329025  
-0.6833549899  
0.2624067406  
3.021377084  
2.702587102  
6.103704737  
1.73478615  
3.218293282  
-0.6239017837  
-1.027113652  
1.449882341  
-1.771222901  
0.371251056  
-2.030218861  
-1.875737973  
-1.887206176  
-1.675506031  
-0.3077687988  
0.1392615677  
0.2850458321  
-0.2145174506  
2.056715664  
0.3526299129  
3.554135807  
0.3568856084  
-1.618848248  
-2.384226523  
-0.853139927  
3.696730533  
-2.460919347  
-3.79315792  
-2.57278259  
-2.102620928  
-2.364863408  
-1.521282001  
-0.9100584862  
0.9260083684  
3.483689016  
1.940413925  
4.974634095  
1.387464903  
3.567609152  
2.198925284  
3.10483553  
-2.215800805  
-1.800911809  
-5.09743555  
-0.7566048935  
-2.542283755  
-0.2599898357  
-2.70384312  
-1.806264347  
1.243149542  
-1.313988863  
3.499422774  
-1.745704257  
-3.244822504  
-3.547583784  
-1.944418732  
4.09856525  
2.16540044  
1.57984789  
0.225834037  
3.437992021  
1.156998982  
5.35129244  
0.8135354586  
2.626067868  
-0.8129102228  
1.039755941  
-1.605150666  
2.719010919  
-1.011682881  
0.4176157476  
-0.7782831231  
2.964722746  
-0.6784751469  
-0.7806724955  
0.04498020618  
-0.09691818388  
-0.1973598991  
1.837794032  
-1.147111079  
-0.9301164587  
1.959387064  
-0.5055910105  
-0.8522376181  
-3.307313919  
-3.104769996  
1.59670681  
-1.349769034  
-2.657633191  
-2.436094676  
-1.434078827  
-1.383089237  
0.8448304945  
0.9915614573  
4.873674496  
2.377724149  
7.878871344  
3.36446882  
1.287566848  
-4.705199577  
-5.401755019  
-2.341787438  
-3.109767288  
-0.03320110981  
-3.484389766  
-1.72668119  
-2.642968839  
-0.6226169652  
-2.523700364  
-1.967999326  
-1.98323438  
-1.227774786  
-0.3704130411  
2.238507321  
-0.1815648575  
-1.571929739  
-0.489284438  
-0.3613092684  
1.181886447  
0.01731838884  
0.1445399288  
-2.856074345  
-1.524861309  
0.9086678823  
0.3040076917  
5.004023387  
0.988688234  
0.8247215873  
-0.2690840191  
3.08953851  
0.2931352615  
-0.5290841835  
-1.755856388  
-1.433245918  
3.534383717  
0.9212357885  
2.798052606  
0.9439509862  
3.91783346  
1.894203738  
4.973777351  
1.359659682  
2.474531115  
1.267394781  
4.398019701  
2.053245415  
3.765889901  
-0.2509637357  
-0.3113323721  
-2.542726739  
-1.445359189  
-1.096761795  
0.6911154978  
1.661245102  
-1.117398044  
-1.350559117  
-3.130837608  
-0.7505840264  
-2.386585809  
-0.4934096017  
-0.4448073303  
0.292201956  
-0.2464555164  
-0.9879224155  
1.454300489  
1.119746235  
0.3706126428  
-2.634072602  
-0.9913275252  
-2.060915293  
-3.062682283  
0.4316529614  
-2.370569928  
-0.3296581007  
-2.160243043  
-2.978252157  
0.7887811818  
0.324297755  
4.595659482  
2.465182161  
3.737217889  
0.9340111873  
1.271444163  
-0.5062919753  
0.9634946951  
-0.8933361454  
-1.421751811  
1.525865838  
0.7056050988  
3.195267755  
-1.005744696  
-0.8161158022  
-2.159474761  
-1.886519673  
-0.5539311625  
0.08397193673  
2.36651435  
-0.7290267815  
-2.139709089  
-2.213188734  
-1.191023229  
0.1743923019  
-2.966916866  
-2.334254402  
-1.813373623  
0.727147525  
-0.5610907535  
1.314515348  
1.874726481  
1.101157348  
-0.6236738181  
-0.5178391443  
0.7154407484  
1.003598526  
2.756846108  
-0.3802412543  
0.7313200619  
-1.655241986  
-1.076982953  
2.291829323  
-2.193324475  
-2.80509747  
-2.157520623  
-0.7408036551  
2.440079155  
-0.2690233962  
2.065113137  
0.6020335055  
2.263753007  
-0.9053270532  
-0.9428074822  
-1.343682951  
0.09990851686  
-1.090209838  
-1.328666386  
-1.316712035  
-0.09330716592  
3.397213778  
0.1336747898  
2.869740705  
-2.716808344  
-1.47284928  
1.345599965  
-0.4233925188  
3.790883263  
-0.6953372398  
-0.06439508851  
2.451456782  
-1.412532334  
-0.345607297  
-2.98742096  
-0.7370140117  
2.835717409  
0.8376857662  
3.865039643  
-0.8760442985  
-1.278486281  
-0.1359596238  
-0.09322495767  
1.939530036  
-1.454919767  
-0.6947275912  
-1.009655022  
-0.7751336474  
3.991206078  
0.5419756691  
0.1459381199  
-0.6601539446  
2.691234141  
-1.460340069  
-2.245204464  
-1.174548989  
-0.178895686  
-1.16445462  
-1.534886724  
-2.992194643  
-1.352032696  
2.675864322  
-0.4175130189  
1.762593057  
-3.296897484  
-1.322562692  
-0.740132019  
-1.041873679  
1.548350262  
-1.088192906  
-1.948168944  
2.02058831  
-1.564910603  
-2.264946948  
-0.3035350202  
0.004148418393  
0.3232828185  
-1.893929847  
2.819965138  
-0.5500801759  
2.327013574  
0.7429856927  
2.007844731  
1.534672401  
0.153945837  
-0.008548398058  
-1.627665086  
-0.09954682083  
0.5847729476  
0.5932648573  
4.22543702  
0.9074540768  
-1.801298723  
0.7319783492  
0.3784748893  
2.103483746  
0.8595499723  
2.147146328  
0.1970570929  
1.844222443  
-1.04281119  
-3.472037836  
-2.375790012  
-1.700235995  
0.0541838925  
-1.584142353  
0.8532401778  
-2.379947997  
-0.3797350459  
1.449959655  
-1.717051735  
-0.2706065624  
2.558230086  
-0.2779966034  
3.583577878  
-0.3128444927  
0.7399270455  
-2.000238569  
-3.264860516  
1.438066277  
-0.2805874333  
2.564095315  
-0.6172233446  
