-3.018592794  
-2.052755422  
3.06653593  
2.337678245  
-0.5190639415  
-2.520165858  
-1.020192414  
3.285221575  
3.242449512  
-0.8534192664  
-1.701510009  
-1.860025742  
3.298194129  
1.533769306  
-1.557075691  
-3.128069534  
2.881158781  
3.522716386  
-0.4726846194  
-3.694750191  
-2.111752924  
2.831774163  
3.161863507  
0.1639964898  
-2.22471135  
-3.08298561  
-1.704988112  
1.749222603  
-0.5404419631  
-2.420190943  
-4.305189956  
1.886959854  
3.364205262  
1.725035365  
-0.8251995944  
-2.854324614  
-2.227795531  
2.453353103  
4.093799138  
2.375672528  
-1.024998128  
-2.549575773  
-1.816771919  
2.991722844  
3.040086507  
-0.5673678036  
-2.622273902  
-3.756362249  
0.6716265346  
3.47212583  
3.333359679  
1.026196392  
-2.294728447  
-4.006152898  
1.973757394  
2.702228163  
-0.3811394229  
-2.897499656  
-3.661455405  
1.677655532  
4.726834838  
3.605435437  
-1.329076725  
-3.794931772  
-3.153615649  
1.898717976  
2.554641326  
0.6695247856  
-2.681766209  
-3.012871645  
0.1070850974  
3.592167045  
0.4869786709  
-3.07037753  
-1.907161498  
1.628878902  
2.198960106  
-0.8494372587  
-2.796462679  
-1.979114341  
2.420348518  
4.18096722  
1.538728977  
-2.480494045  
-3.089867914  
1.68197872  
3.356429892  
0.6271612177  
-2.334383958  
-1.378366607  
1.888796673  
2.405475065  
-0.7843876046  
-2.259961773  
-1.746196686  
2.002237862  
2.840611025  
-0.8815866232  
-3.307046426  
-0.4289245426  
2.800346324  
2.331412423  
-2.218607712  
-3.549523235  
-0.7287522318  
2.681324488  
3.788083978  
0.5078226811  
-2.13367782  
-3.757585103  
1.855268706  
3.942758111  
3.656465224  
-1.683764756  
-3.197898807  
-1.378591758  
2.036679236  
2.349026359  
-1.022698978  
-2.332247935  
1.788175621  
2.33508322  
-1.700517727  
-2.694650932  
0.3105638485  
4.061899574  
1.783836391  
-2.659754494  
-1.663278708  
3.458541803  
4.420409864  
-2.855784957  
-4.458500063  
-4.566874124  
0.7486516304  
2.512128909  
1.590622781  
-2.970446711  
-4.142836936  
-1.217875223  
2.188536635  
2.024354358  
-2.582502713  
-4.340247698  
-2.433322029  
2.637051544  
2.183486552  
-1.672674992  
-2.378011546  
-1.657353004  
3.380638643  
6.023564044  
1.338775598  
-2.013907685  
-3.828436569  
-0.6550793504  
3.363819458  
1.307148114  
-2.411368655  
-3.596902699  
1.176424939  
4.263433507  
3.168848171  
-1.399622916  
-3.845217817  
2.95039912  
3.570751805  
-1.466835478  
-3.484459268  
-2.127800772  
2.569084268  
2.149898089  
-0.947410675  
-3.002850745  
1.852923242  
0.2323388071  
-1.538954331  
-1.902509386  
2.288647619  
2.878394116  
-0.1215502564  
-3.521135062  
-3.65961368  
2.409545005  
3.926359984  
1.724171194  
-3.134659364  
-3.511584154  
2.226215534  
3.766284108  
-0.6184295928  
-2.37792996  
2.68146959  
3.299490538  
-2.069341164  
-3.298950975  
2.113819004  
1.147226047  
-1.624723518  
-2.169031527  
-4.290422415  
2.335253002  
2.385871843  
-2.448026188  
-2.688487279  
4.063559311  
4.93883836  
-0.4767534843  
-3.475905768  
0.07095653843  
3.942094791  
0.8627874457  
-3.203987365  
-4.211337704  
0.9748426294  
4.016184776  
3.073464325  
-1.072395703  
-2.990294499  
-3.398186167  
2.848402906  
2.710239771  
-0.6972107843  
-2.97979031  
-3.797791484  
2.600734742  
4.008537718  
1.288911909  
-1.945241372  
-2.021616335  
3.379572382  
1.494479076  
-2.95110276  
-4.422251325  
-1.385455912  
3.27340577  
2.89861168  
-1.479465568  
-1.598821941  
1.513383229  
2.952588809  
-1.031886734  
-3.8362769  
-1.301216028  
3.471011365  
3.102431109  
-1.364004571  
-3.268229361  
-2.834024803  
3.153145815  
3.097559608  
-1.190920035  
-3.596667584  
-3.948904747  
2.070803015  
2.765024251  
-1.899594296  
-2.525992678  
3.183053084  
3.447861897  
0.660449392  
-1.94061938  
-3.509732717  
2.26060788  
2.586902943  
2.493146548  
-1.128133497  
-3.266625237  
-1.718152774  
2.485119585  
3.370796859  
0.8235611678  
-2.650103202  
-3.544631496  
2.695295399  
3.376073063  
0.6805794132  
-1.5605745  
-2.845264802  
3.751216674  
4.484016343  
-0.1224327449  
-2.893068356  
-4.081777208  
-2.627713611  
2.459143264  
3.993800698  
-0.6681468614  
-2.193512132  
-1.082111273  
1.546219634  
1.10119989  
-1.930394882  
-4.066916821  
3.26043774  
3.847369396  
0.4468277658  
-2.257274247  
-3.707269703  
-3.433910621  
3.521517812  
3.665195013  
-0.2340019561  
-2.733890048  
-2.954782556  
2.960480242  
4.365577679  
-0.5044293587  
-1.635464569  
-2.812073917  
2.422857921  
3.324453244  
0.6970963565  
-1.482652286  
-2.42504355  
-4.032162108  
3.079220077  
3.586290858  
0.3279205135  
-2.664670462  
-4.808699664  
2.97807751  
3.460432466  
-1.101422901  
-1.78955107  
-2.789453731  
-1.45247959  
3.626854405  
2.2616762  
-0.9660843583  
-2.563758778  
-2.320809849  
3.188179065  
1.72390763  
-1.304813188  
-3.040310634  
2.468314381  
-0.4618903775  
-3.378215193  
2.938937404  
2.224794511  
-1.228360975  
-2.040798234  
-2.949424393  
1.176300932  
5.072652715  
2.713124245  
-2.405243856  
0.4482873686  
-3.000639091  
-1.033699302  
-0.282328238  
3.119821979  
3.185567517  
1.06088956  
-2.132829846  
-3.874269874  
-2.805612398  
2.802873738  
2.850950873  
-0.5299428184  
-1.968699348  
-2.320227812  
-1.435385653  
2.586423468  
1.765724031  
-0.811314537  
-1.382019117  
-2.595046559  
3.150444385  
3.017609087  
-1.064439814  
-2.041121754  
-2.9520098  
2.274068723  
2.883176577  
-0.8596330991  
-3.811645674  
1.902222272  
3.013522119  
0.4016297521  
-1.440220851  
-2.253787608  
1.499813904  
3.829815672  
0.9468958147  
-1.425349105  
-3.174785344  
0.9075926477  
4.133193404  
2.521234009  
0.8313918815  
-1.220600092  
-1.712688437  
-1.448821381  
2.7922671  
2.971911722  
0.2107330102  
-1.783560507  
-3.108273513  
-0.5122765042  
3.08354862  
0.5060409838  
-0.7831703072  
-2.024539425  
0.08544164464  
3.426082175  
1.93174818  
-0.6003763562  
-1.691820053  
-3.830779482  
2.664452949  
3.999527298  
2.92532217  
0.5413481105  
-1.225318148  
-2.613847029  
0.4774150401  
1.037512472  
-2.267951477  
-3.421333156  
-5.050466992  
-0.00598879712  
0.6034169731  
-2.472720312  
-3.389827553  
-3.503026308  
1.683244044  
3.851025425  
-0.77664997  
-2.243968415  
-3.048910523  
-3.232353808  
2.921375398  
2.558489091  
-1.202144723  
-2.876760991  
1.199740353  
3.40142447  
3.993708493  
-1.356390587  
-2.526057535  
-3.008269811  
3.287011549  
4.40781736  
1.861950211  
-0.8890818257  
-2.281803048  
-2.863206371  
2.641537322  
1.694639996  
-0.5798416392  
-2.759262735  
1.268009056  
3.955939216  
2.028807208  
-0.6789233482  
-1.613086814  
2.496972435  
3.252759294  
-0.2013094909  
-1.929097455  
-2.004520152  
1.894366227  
3.732982275  
0.8159626825  
-1.123986853  
-3.472957834  
2.005335926  
-1.427045172  
-3.267962783  
-3.538353074  
2.721742533  
1.851334287  
-0.9941417341  
-2.179297033  
-2.528638526  
3.787563738  
2.954214722  
-0.6666997159  
-1.141553645  
-3.367613416  
0.8603177682  
3.761470796  
3.762548647  
-0.8432652632  
-2.727134397  
-2.989808127  
1.87376928  
2.161663093  
0.758539082  
-1.577460037  
-1.687291142  
0.6755225105  
2.114124597  
-1.458273199  
-2.189217894  
-2.701204536  
2.260151798  
2.260452671  
-1.632881839  
-2.044427851  
-2.10734004  
3.704859232  
3.624906479  
-1.251174047  
-1.798988154  
-2.322524904  
0.1283362242  
3.127829687  
2.269279005  
-0.7489562436  
-2.680433128  
3.313836653  
0.2151649498  
-1.942826411  
-2.045519156  
2.922718435  
3.578641645  
-1.546218388  
-2.381343  
-3.52556619  
3.068211356  
4.112787495  
2.773067798  
-0.9850105017  
-2.368965947  
-2.435390356  
2.33968044  
1.442753574  
-0.3838553981  
-2.071580927  
-3.973884897  
1.761061385  
1.877687924  
-2.830454217  
-2.304510987  
-3.199979172  
2.108567677  
2.164251007  
-0.9037638922  
-1.965077231  
-2.734913223  
3.144950945  
2.94111752  
-0.5857587195  
-2.324457481  
-3.338127148  
4.021213696  
3.854791902  
-0.8942551958  
-2.520611154  
-4.327878943  
2.196348827  
3.31219687  
0.8211022584  
-1.44740966  
-2.407884964  
-1.702263729  
2.911909107  
-0.8766064503  
-1.999816174  
-2.810102758  
-2.486040835  
4.228587353  
3.777405507  
-0.5418160619  
-1.531088572  
2.212972724  
2.456432545  
-0.5557274889  
-2.513839709  
2.752768349  
4.761387122  
1.001076451  
-2.54500291  
3.680074538  
1.827547478  
-0.6323704514  
-2.724105847  
-4.773892187  
2.413944455  
0.9735388783  
-1.900425938  
-3.520149812  
3.545700073  
2.060492515  
0.2401872267  
-1.594700417  
-2.859078459  
