-0.5856025562  
1.111913408  
-0.8195855272  
-0.7439568232  
1.076985737  
0.3426131533  
1.554415944  
-0.899658331  
-1.882028176  
1.072776118  
0.6329451855  
0.7519388158  
-0.4011012992  
0.2191149256  
1.021440145  
2.205806779  
-1.287173578  
-1.316075547  
0.5436811776  
0.111280718  
0.7239543573  
-1.59074928  
-1.034588571  
0.7051270279  
0.9891405258  
0.3438888874  
1.30852224  
-2.403183755  
-0.9397593097  
0.09774219367  
0.5017170409  
1.399557771  
-1.261850506  
-1.108265941  
0.2360222967  
0.09164511518  
0.8975960601  
1.125590359  
-1.96425887  
-0.374229724  
0.5962684069  
0.592567804  
1.344401597  
-1.269714225  
-1.534264183  
0.229230627  
0.7130634987  
1.200697802  
1.860710213  
-0.7795619851  
-1.098307547  
-0.03397641866  
1.056905953  
0.858941361  
-0.9149000773  
-1.930787148  
0.1569704794  
0.5601351208  
0.3176412067  
0.7980435323  
-1.95455949  
-1.944063236  
0.5155105503  
0.8671523278  
0.3025813814  
-0.3800744164  
-1.053685668  
0.08800672659  
1.779207522  
0.5199605742  
1.114733764  
-2.257898913  
-0.223854089  
0.5994929866  
0.05530316507  
0.2006208783  
-2.280712008  
1.363229901  
1.068315656  
1.193795153  
-0.07745730115  
-1.948371305  
-0.6817678954  
0.9521954827  
1.503697775  
1.021284099  
-1.676577218  
0.03746610048  
0.7426353665  
2.274579673  
0.5956389065  
-2.163595971  
0.2244119811  
1.053939302  
0.4952582304  
-1.070496764  
-2.037665337  
2.41476897  
1.581661594  
0.2152577506  
-2.237013819  
-0.8700683651  
0.5434172148  
1.032514296  
-0.09320209001  
-2.442278801  
-2.980121649  
-1.845959586  
0.1403016989  
0.04408216055  
-0.6182302368  
-2.408908703  
-2.699813361  
0.6288685097  
0.2030949125  
0.7674726086  
-0.9166995482  
-0.3993957876  
0.6998170363  
0.4701291014  
-1.051672289  
-2.037125715  
0.6578694091  
0.5922519061  
0.8522798515  
-3.372615154  
-1.235047438  
-0.267777788  
0.9027111464  
-0.947448626  
-1.831075727  
7.871190184  
4.783686616  
3.527904866  
3.57318357  
2.363960842  
1.946241162  
2.181952248  
3.561482564  
1.472270837  
-1.964424443  
-1.337421175  
0.6961756934  
0.7744561821  
0.8635856054  
-2.581717248  
-1.480984472  
0.375346867  
-0.1740366012  
0.5733666601  
-1.262129366  
-1.618483329  
0.9166757116  
0.9037239481  
0.7350402868  
0.9088790351  
-1.247659711  
-0.2001585617  
0.1443300629  
0.6277773441  
0.312330777  
-1.675847388  
-1.50256206  
1.544011936  
1.116127399  
0.4456659646  
-2.054809453  
1.32964058  
0.01786175278  
1.100707568  
-1.425973847  
-2.112116394  
1.721351748  
1.086004706  
-1.059234599  
0.6419743405  
-0.09445499368  
1.512917149  
-0.9516583294  
-2.018373883  
-0.9588670023  
-0.2354858798  
0.1995266277  
0.88334746  
-2.928909803  
-1.075442653  
-0.09950342114  
0.236258093  
0.876466653  
-1.673069448  
1.677763638  
0.7453262802  
1.424679609  
-1.11399648  
0.9131408375  
0.9520439769  
-1.697480128  
-0.9898740003  
0.0522320848  
0.3743648721  
1.354834947  
-0.3347058913  
0.3288381649  
1.088920001  
0.7074357772  
0.3251078355  
-2.46984793  
1.713960199  
0.7139315752  
1.869974776  
-1.802128746  
-0.6006116021  
-0.0386650734  
0.4734933914  
-0.01806615409  
-2.016588112  
-2.175108688  
0.8943770871  
0.9071826893  
1.33410607  
0.03529047927  
-0.2580808733  
-0.1438890198  
0.166177849  
1.017676702  
0.4009002334  
-0.9983727624  
-1.09334609  
0.611353133  
1.954402292  
-1.800087537  
-0.6244936837  
0.8706732582  
0.6866293444  
1.765491578  
-1.25575417  
-0.443496872  
0.6226689628  
-0.09604329947  
0.5470078498  
-2.167255809  
0.04723863428  
-0.3747210851  
1.026905522  
-2.336149203  
-1.682956454  
1.00624807  
1.226031392  
1.847916605  
-0.7510116212  
-0.3324718376  
1.600112839  
0.00618916021  
0.4671021715  
-1.764804582  
-1.241139571  
0.5793119938  
0.3718397391  
-1.161066144  
-1.797840992  
-0.6223301068  
-0.51593044  
-0.4823255174  
-1.059017431  
-3.543273612  
-2.064809758  
-0.1734231746  
-0.9988652427  
1.148393447  
-1.979477779  
-2.377459579  
-0.7247043914  
-0.04272713434  
0.02946515999  
-0.568332256  
-2.67612918  
-2.239255479  
-1.130492819  
-0.1217405569  
-3.751077517  
-3.626045613  
5.323704  
4.783649607  
4.121651726  
3.763986786  
1.562195193  
0.9838486918  
2.10358289  
2.422446808  
2.330371073  
-1.558235521  
-1.301598996  
-0.7426092062  
-1.489257893  
-1.492797946  
-2.659984456  
1.193982344  
1.341315843  
0.8336578751  
0.7496958375  
-1.121824132  
-1.475245492  
0.5657415965  
0.5055181812  
0.5246578763  
-0.409518603  
-1.246041148  
2.54245113  
1.738053929  
0.9227426154  
-0.111975793  
-2.34040639  
1.067982902  
-0.7113036268  
0.8637321039  
0.01821365939  
-1.988111058  
-3.980642316  
0.4856095118  
0.2588064502  
0.6022224977  
-1.636224609  
-1.673987548  
0.4789636101  
0.3501955197  
0.2335504875  
0.5232712698  
-1.665604406  
-0.1432798617  
1.775314148  
0.6496618648  
0.02627254919  
-0.53749386  
0.1589600624  
1.422447908  
0.1153893232  
-2.895394221  
1.483267521  
0.5481835079  
-1.655647862  
-1.135697438  
1.106158917  
0.7549982118  
0.2924005245  
0.6127509155  
-0.8947396525  
-1.117209868  
2.38046889  
9.938585068  
7.946769376  
0.3193349246  
-1.107162342  
-1.975550568  
-2.602266249  
-2.074509805  
0.3732762636  
-0.9586996335  
-1.011451322  
-2.59008682  
-1.859183816  
0.5624558232  
0.3154145285  
0.3492034464  
0.1939394291  
-1.679676309  
-1.438205511  
1.307760467  
0.5886959505  
-0.7414732754  
-1.68440262  
-2.240007317  
0.7120349581  
0.7214108577  
-0.168910108  
-0.8972700992  
-0.6721503427  
0.913788217  
-0.07619054132  
-1.227312646  
-1.04312213  
-0.5658466624  
1.170062791  
0.5355277651  
-0.01143382275  
-1.911799975  
-0.1280706676  
1.444182597  
-0.2571389142  
-0.5966994556  
-1.700486786  
-1.771490138  
0.01850741742  
1.557942621  
0.1891110823  
0.1551299207  
-1.725876346  
-0.9524528002  
-0.5147460487  
-0.9438390281  
-0.7051916711  
-0.05629337788  
-2.943887806  
-0.4779170356  
0.9852932825  
-0.3176213065  
-0.2726126807  
-1.664002399  
-0.6687686192  
0.6095070873  
0.9914642439  
-0.3316148101  
-0.3151339363  
-3.532059577  
-2.852502858  
-0.08813136995  
-0.4262773646  
-0.3007287211  
-0.9871464145  
4.526008277  
7.425918099  
6.157431627  
5.670729197  
3.315004026  
2.066570387  
4.666529264  
2.872656279  
1.8500404  
1.175785746  
-1.300691152  
1.20823688  
-0.3027992442  
-1.056629748  
-0.06274513879  
-1.540573014  
-0.6016445983  
0.8327415807  
-0.1427282522  
-0.2003619088  
-2.301764611  
-3.085839945  
-0.3847547096  
0.2408321026  
-0.3062179702  
-1.438727386  
-2.530946234  
-1.858859995  
-0.1556774959  
-0.1760442375  
-0.6736714779  
-1.606375318  
-0.1827173419  
1.185816864  
-0.7508767367  
-0.4140866457  
-1.275385625  
0.01558540801  
0.6181171163  
-0.3249836419  
-0.2446560393  
-1.817666266  
0.001576649362  
0.4948359154  
0.01187833212  
-0.4003495588  
-1.025105537  
0.376281144  
1.424572331  
-0.2144539445  
-1.966165663  
1.547331299  
0.58013269  
0.03782595078  
-2.747028042  
-0.7849166239  
1.388024272  
1.037822313  
0.01744782197  
-1.217017847  
-0.003597124655  
1.215810751  
0.6489736853  
0.9941462814  
0.7011116987  
-1.851699078  
-2.730246166  
0.7381712542  
-0.1170282809  
-0.146870744  
-1.634506879  
-1.285590168  
-0.5259851019  
0.5094304651  
-0.5879578978  
0.8293497966  
-0.8954134944  
0.7894027212  
0.3006216291  
-0.8622079639  
-1.947991727  
-1.434922596  
0.5880803728  
-0.5734704717  
-0.9412649528  
-1.414869251  
-0.8149700422  
-0.8763686555  
-0.6209886774  
0.07842512843  
0.2334604978  
-2.745126958  
-0.5376498735  
1.889529861  
-0.3378601826  
-1.025767147  
0.5880297546  
-0.4089511073  
-1.328066769  
-1.779076758  
-0.9370389177  
-0.2542056855  
-0.136409211  
-0.8113397408  
0.3904326218  
-1.758400201  
-2.005487265  
-0.4373677414  
-1.052221561  
-2.032962712  
-1.916410312  
5.661169936  
7.838004947  
6.923522242  
6.66995811  
4.440445722  
3.096275667  
5.589897952  
3.948688166  
2.813467523  
1.740389159  
0.540394619  
1.323031531  
0.2851734611  
-0.2927188728  
-2.462229465  
-1.554222217  
-0.1366648913  
0.560040972  
-0.8653052964  
-0.6688053027  
-1.318075087  
0.7543251857  
-0.1985200978  
-1.267289353  
-1.467920007  
-2.920210615  
-1.447750081  
-1.094020899  
-1.071594397  
-0.009060078663  
-1.816673317  
0.8838112696  
0.730467005  
0.03512402364  
-1.048607132  
-2.822548862  
-1.956389547  
1.202111887  
0.03245832797  
-0.5688181873  
-1.000868303  
1.671711173  
-0.5669335208  
-0.9543181689  
-1.524337129  
2.805718314  
-0.4080475907  
-1.036381685  
1.144429651  
2.562240083  
1.047818083  
0.7073470226  
-0.8218769182  
0.6736507809  
1.192784413  
-0.1893963104  
-1.755746117  
-0.5787763866  
0.6990220798  
-0.2299702583  
0.5443383465  
