-1.13671388  
-0.007062507623  
1.677130681  
-0.7098937815  
0.03403645469  
-1.294170701  
-1.562566067  
-0.9552867351  
-0.533572868  
1.224570034  
0.1826351812  
1.685272115  
2.513072377  
0.9778619536  
0.7150173241  
0.4176599069  
1.594767896  
-0.6965932069  
-0.7142105302  
-0.4588406316  
-1.275199162  
0.6828035939  
-0.7875687981  
0.5429924436  
0.2797827944  
-0.7006629374  
-0.8622863202  
0.1536481448  
-1.049160459  
-1.541582529  
-0.02648770097  
-0.4909522013  
1.355545397  
-0.2463873163  
0.02246975286  
0.6300098758  
0.09746825065  
-0.565636539  
0.06079192465  
-1.377827782  
-1.853854068  
-1.245868215  
-0.2581015047  
0.3635812533  
-0.1206831147  
0.94424613  
1.021627246  
1.453370317  
0.8792610284  
2.818707274  
1.309880721  
1.097950713  
1.215482687  
-0.4013893252  
-1.100024025  
-1.236035609  
-0.4444338794  
-1.080190085  
0.1566899522  
-1.386933618  
0.736174831  
-1.021268014  
-0.8880088436  
-2.55097599  
-1.828265231  
-1.633773907  
-0.3476665768  
1.407651493  
1.022767156  
2.373863963  
0.7865112386  
0.9898388814  
1.042638317  
-1.319123971  
-1.434140367  
-1.444393967  
-2.235201594  
-0.7993775202  
-0.5913900904  
0.01167063936  
-0.6865639723  
-0.0002770404191  
0.5119318736  
1.02622393  
1.536017982  
-0.6237947428  
0.6476221077  
0.3854033893  
-1.391585037  
0.1458693948  
0.355821176  
-0.2017655873  
0.6804522144  
-0.1444100999  
0.5661630582  
0.3365437636  
-1.19524887  
0.4440992575  
-0.273339564  
-1.693457987  
-0.09994062664  
-1.566376558  
-0.5540246438  
0.07381863928  
0.7849008004  
1.013652318  
-0.8792546915  
-0.4881867958  
-0.5688858744  
1.236437222  
-0.2530323645  
0.8133731899  
0.6050144563  
1.860806538  
2.034073599  
0.9043854122  
0.2323121745  
-0.440507613  
0.7427938801  
1.188218873  
1.865328874  
0.06137445965  
-0.2981828514  
-1.160451504  
-3.31939924  
-1.520730441  
-1.178814292  
-1.185277764  
-0.4533215185  
-1.701966964  
0.1431015791  
1.245461437  
1.828861917  
2.215422421  
0.7035494456  
0.4279788936  
-0.6099366114  
-1.173225258  
-0.6240723014  
-0.2348067959  
0.8407483832  
-1.498053783  
-1.907572331  
-2.190174606  
-1.274883044  
0.7700338305  
-0.7271580262  
0.4904458258  
0.8767670937  
1.13433298  
-0.2283609729  
0.4823554226  
1.127491185  
0.8370406794  
0.932334155  
-0.1709074918  
-0.5071238343  
-0.6299017467  
-1.633009982  
-0.1879530708  
-2.002073991  
-0.1619254076  
-0.2924624357  
0.4449424246  
0.8556056468  
1.349178557  
1.538356715  
1.863153231  
0.6458820983  
0.9258029456  
1.034997233  
0.1800507541  
-0.7324086687  
0.4988984771  
-0.04777429814  
-0.532860134  
-1.879000595  
-0.3822303993  
0.9952115306  
1.472223907  
1.8812761  
0.4866722021  
0.02683009783  
-1.108261663  
-0.4494394705  
-0.4619005389  
-0.2415536369  
-1.130752378  
-3.828597386  
-2.134365113  
-3.137663201  
-1.940364774  
-0.5191614583  
0.5177352542  
2.146858297  
2.614745396  
3.431667036  
1.6145647  
0.7474878213  
-0.5460635149  
-0.6539402732  
0.7961093466  
-1.237388342  
-1.132304772  
-0.1515689133  
0.2208006112  
-0.5510989234  
1.09693545  
1.421339357  
1.738857192  
2.593336969  
0.8364540548  
0.2046632856  
0.450341999  
-1.241295021  
-1.732213409  
-1.776235649  
-0.1251913697  
-0.08392155548  
-0.9457418021  
-0.8692553434  
-0.8644467589  
0.9598620778  
0.5666328213  
2.002242875  
0.9866589703  
1.458061601  
0.3327377532  
0.2004020215  
-0.345061004  
0.3366945784  
0.4845756399  
0.07084484447  
0.6763846291  
1.244591833  
2.546091257  
1.240147887  
1.940953073  
-0.7571820724  
-1.968979857  
-0.9002795063  
-0.0593727981  
-0.2990538971  
-0.8737303409  
-0.008904192843  
-2.049522073  
-0.8856629835  
-0.6332790767  
-0.1721397836  
0.7311291825  
1.23488046  
0.4747825225  
1.490919239  
0.6770648612  
-0.3521794864  
1.638416199  
0.198235157  
0.4357634904  
-1.574852909  
-3.136604576  
-0.5846811266  
0.7450738346  
0.5528622723  
-1.519036527  
-0.844163219  
-0.7510404281  
0.6526606303  
0.8252233514  
-0.4096506821  
-0.6262060306  
1.156535725  
0.6003860632  
-0.2604551907  
1.517199382  
1.129568058  
1.088260026  
0.5376177624  
-1.874854898  
-1.561966644  
-1.414368282  
-0.8145644609  
-1.212144361  
-0.3301961439  
0.2560528357  
0.1266767005  
-1.617435684  
-1.601721958  
0.3708684051  
0.9454360911  
0.1618138845  
-1.651815079  
0.4571255892  
1.799553273  
2.241169465  
1.363116344  
0.818426062  
-0.4354119348  
1.351442871  
1.03039386  
0.6550132888  
-1.127326327  
-2.499684486  
-2.2814331  
-2.568113252  
-1.529934464  
-2.029012774  
-1.421915595  
0.626573511  
2.949235393  
3.036245439  
0.8257771332  
1.86991078  
1.397781601  
1.621490505  
0.8639898896  
1.389824942  
-0.06775596969  
-1.575588559  
-1.058062926  
-0.5528160159  
0.2743867278  
-0.3629956286  
-1.114873786  
1.231883213  
0.6727287753  
1.669704399  
0.5100562602  
1.197570664  
-0.005610429049  
1.051321001  
-0.5631223831  
-0.6360911035  
-0.9388629677  
-1.828909184  
-1.06639829  
-1.085929999  
-1.273214453  
0.23001582  
0.6928182309  
0.924109818  
-1.755760193  
0.8716114765  
2.024964405  
2.494419938  
1.394969828  
0.6745558964  
1.69522567  
0.6493778297  
-2.115682198  
0.6661377349  
-1.456673434  
-2.503915688  
-2.30546674  
-2.105290276  
-2.36799499  
-1.678516251  
-1.311162626  
-2.15204324  
-1.770425576  
-3.221392722  
-1.630034931  
-0.570989414  
1.294374895  
1.393081295  
1.696778872  
1.164684622  
1.937461664  
2.57239572  
1.814667957  
-0.1635979157  
-2.743733808  
-0.7435618676  
-0.3869217113  
-1.72579318  
-1.671833017  
0.3590072763  
2.026049896  
1.756367962  
1.04249537  
-1.268581985  
0.9181003007  
2.218632204  
1.540920954  
-0.4653618851  
-0.3535288106  
-0.1595583163  
1.380010357  
2.745071869  
1.087867383  
0.700566789  
1.35632566  
1.957128853  
0.3813761418  
1.058254441  
0.5072073212  
-1.071616642  
-1.316895445  
0.1963783212  
0.2826462736  
0.4410254346  
-0.5544068032  
-0.2181654331  
-0.9898843267  
-0.4782329801  
0.1476617049  
-0.7313012422  
-1.010484203  
-3.41822467  
-0.7331253748  
0.4071421785  
1.42768543  
0.9000259708  
2.60496113  
1.707127526  
2.852747671  
2.700698865  
0.7073813782  
-0.696059449  
-2.455833649  
-0.8462266504  
-0.9034299176  
-0.9579583921  
-3.980716072  
-1.857884863  
-0.5156061382  
-1.131764847  
0.6085337284  
0.2277502493  
-1.208647199  
-0.6339923098  
-0.5407708825  
-0.00773265677  
0.5048976095  
1.123228338  
0.2315869126  
2.112026457  
1.704937322  
0.3190892387  
-1.26230229  
0.06449606277  
-1.183792927  
-1.603469702  
-0.4524021318  
-1.956954319  
0.4225590221  
0.3259229128  
0.3605609031  
0.2789086954  
0.6416283861  
2.12702068  
0.7758685239  
1.292637417  
0.6551100196  
-2.487362744  
-0.896589954  
0.5140842011  
1.813322018  
1.769856048  
1.041740437  
-0.04072672576  
0.8926516057  
-0.5503552318  
-0.8850248065  
-0.9043148469  
1.068976251  
0.9057606522  
-0.285640795  
0.2292346096  
1.051867236  
-0.4928202308  
-0.4834894145  
-1.532087407  
0.04826269789  
0.5219325182  
2.462744023  
1.610926368  
2.157668217  
0.4187472992  
-1.3043882  
-1.965233211  
-2.0125132  
-0.4075628711  
-1.528460828  
-2.123513332  
-1.014909163  
0.1865552894  
0.1469923757  
1.308314737  
-0.4610854414  
-0.4882009175  
0.3023510248  
0.2254807951  
0.157272749  
-0.736963186  
0.7379648268  
1.946903757  
1.652609154  
2.020724164  
-0.6146897141  
-2.940646333  
-1.26976699  
-0.9408866412  
0.1980808331  
0.0753686814  
0.5324610269  
2.057960359  
1.708363492  
2.702017899  
-1.66843791  
-3.375753738  
-3.682178996  
-1.389752454  
0.3066103943  
-1.103732273  
0.2726327875  
0.1511487362  
1.254962289  
1.450623582  
0.09319478901  
0.5806249435  
-0.4685692851  
0.4992673836  
-0.5860233063  
0.8151053518  
1.082745653  
1.587612882  
1.106189721  
1.846659713  
0.5054000313  
-2.069381614  
-0.8582660872  
-1.864959225  
-1.307613031  
-1.704543441  
-1.452213692  
0.2134880992  
0.3324392336  
0.6962839135  
-0.1864632778  
-0.7678145151  
-0.6997647894  
-0.4245308576  
-0.2939483702  
-0.1764262303  
-1.602426937  
0.1675233054  
2.234612698  
1.99433119  
0.9421372464  
0.7325159037  
-0.4267058444  
-0.2632050079  
1.500898768  
-0.2240369052  
-0.01864152541  
-0.9092917739  
0.2573998058  
-0.7340607518  
-2.447472795  
-1.178366955  
-2.409634626  
-0.8408444033  
0.2824089134  
0.8266330363  
1.490473793  
1.587494935  
1.321788673  
0.8425533518  
0.3837247104  
0.8434914951  
1.872324724  
1.517355075  
-0.213821096  
-2.188455632  
-3.326476392  
-1.642389319  
-1.457219295  
-2.238541077  
-2.073648891  
-0.6322652949  
1.855048894  
2.684875717  
1.659956688  
1.516906866  
1.045029221  
0.3992650329  
-1.316773714  
0.3376008297  
0.02185399519  
-0.04277540915  
