2.144105997  
1.435520007  
-1.968507318  
-3.235198029  
-0.1530499372  
2.071831828  
1.981446851  
-1.209193234  
-2.856186574  
-0.3750378887  
1.119082613  
3.82377062  
-2.206047039  
-3.083883808  
1.774252531  
3.089651295  
-1.450445111  
-2.743637219  
0.1495067608  
5.176079549  
0.6993583693  
-1.104129455  
-2.885755069  
-0.8917663345  
2.48634188  
5.239437599  
-0.9785331394  
-3.656386196  
-3.523173051  
0.1693426605  
6.017190632  
0.324503265  
-1.984707544  
-4.260740738  
-3.479723847  
0.2520976646  
4.872834636  
-1.026826472  
-4.269822313  
-4.397405196  
-0.6530837705  
5.037082797  
0.7628360343  
-0.8659948654  
-3.296240305  
-1.975912946  
1.225875721  
5.712739956  
0.8602940241  
-1.420957835  
-4.30474293  
-2.184130633  
2.137736616  
3.155815904  
-1.296760688  
-2.989667515  
-0.7142780723  
2.778087684  
6.69158558  
1.081709326  
-0.5665871497  
-3.202094986  
-0.8866140305  
1.713543327  
4.19870554  
-0.3578068951  
-3.645438637  
-3.160853294  
0.688405432  
5.442561387  
-0.7618051177  
-3.508129122  
-2.903454429  
0.3631884969  
5.846014073  
-0.1241371421  
-3.284427619  
-0.01057238424  
1.898009124  
3.349290149  
-2.283339874  
-4.670095029  
-4.153443747  
-0.4960100423  
5.663238432  
0.250575117  
-2.690873899  
-1.242438393  
2.865418921  
3.801176603  
-1.971342217  
-3.485450037  
-1.137129198  
1.580724602  
3.843861437  
-1.425766377  
-4.914613287  
1.115657239  
5.323116661  
0.9348962085  
-1.889241561  
-2.954560846  
3.407058129  
3.971231413  
1.113949583  
-1.054870794  
-3.688426965  
-1.845978468  
3.033385938  
5.987955787  
0.6659592016  
-1.020666576  
-3.519652781  
1.147640218  
5.233373803  
4.336061421  
-1.89624568  
-4.426107263  
0.5459716294  
5.250865158  
-1.373299391  
-3.465027741  
0.180583478  
5.178812791  
0.3427702813  
-2.945086314  
-2.857162207  
2.077957141  
5.983340542  
-0.9088707242  
-3.509446319  
-4.296710178  
-2.787277056  
1.873932714  
-3.499817828  
-4.882181237  
-4.899940467  
-0.1576276573  
3.427129991  
-1.222626035  
-3.920109447  
-5.104776018  
1.261511747  
4.025232809  
0.4729247274  
-2.981714846  
-4.434705044  
0.03597785489  
4.435434875  
2.737593861  
0.524151123  
-2.997276397  
-1.863913702  
2.924627876  
5.057390826  
1.627268434  
-2.296052006  
-2.774920933  
3.472105372  
5.451542487  
1.573081154  
0.8394455774  
-3.285465861  
0.6966333173  
6.565959752  
0.5091922098  
-3.962367551  
-2.664278696  
2.953363802  
2.63294696  
-1.805886384  
-4.347187785  
1.349304842  
4.725575801  
-3.329017705  
-1.395722934  
3.30374071  
3.130981005  
-2.639517163  
-4.412157233  
-2.738671201  
-0.09193945761  
5.418529283  
-1.466640259  
-3.788149939  
-3.417133796  
0.5183894043  
6.463034797  
-0.7215635756  
-3.175117172  
-0.839672405  
5.3680475  
-1.456908242  
-5.227810632  
1.279841687  
3.825632645  
-2.538499603  
-3.810878278  
-0.5716078435  
3.159253182  
2.663371055  
-1.312010991  
-2.859102641  
1.215249566  
3.899519977  
-0.3522405624  
-3.005003403  
-2.349753245  
3.360083437  
0.9544145974  
-3.032294848  
-3.571230325  
1.509722433  
4.89167059  
0.9520792825  
-0.8463199138  
-3.552628733  
0.2401544134  
3.256089157  
4.602692365  
-1.70135922  
-4.967737111  
-1.012056005  
3.395197161  
5.561078008  
-0.6981090833  
-3.373765538  
-3.102192177  
2.935471817  
2.214083882  
-3.887791751  
-3.815760343  
1.128230496  
6.377198688  
0.7069797694  
-1.625924416  
-3.516702195  
-0.1276020333  
5.566515158  
1.541338189  
-3.377517081  
-0.1832323113  
2.114164288  
1.689625027  
-1.997198048  
-3.72905525  
0.1092677005  
2.620552378  
4.041952035  
-1.388458037  
-3.094388928  
-0.8887075899  
3.064897538  
2.331901278  
-3.040596894  
-3.213512215  
1.178821788  
5.286658335  
-1.406910966  
-4.286662285  
-1.266873766  
3.615522129  
5.574900263  
-0.4548458617  
-3.005021015  
-3.628185447  
-0.725028919  
2.643934602  
2.906665367  
-1.585206515  
-3.991553575  
-2.102635437  
1.801834812  
5.735575543  
-1.277633697  
-3.848463542  
-1.836422986  
2.146914049  
5.149048003  
-1.494647517  
-4.032169363  
-4.374350186  
-1.714020739  
1.514767115  
1.10378371  
-2.599691593  
-4.446880369  
-0.167746731  
4.029573444  
2.706646847  
-3.294032941  
-1.681818586  
3.078404948  
5.245168097  
0.4209717674  
-1.668175566  
-2.820753806  
-0.2725833434  
1.812974574  
4.092757888  
-1.927399499  
-4.663623885  
-0.8698899959  
1.955333269  
6.585011185  
-1.512060435  
-3.532805641  
-3.142772318  
1.434275912  
4.964835267  
0.07540196046  
-2.437599906  
-2.825300364  
-0.5960798684  
1.102624348  
5.555792398  
-0.5116005852  
-2.625310543  
-2.57764607  
3.101901105  
4.639861692  
0.4627736784  
-3.124958238  
-0.9559516285  
2.365960361  
6.215858295  
1.38322614  
-2.276848899  
-4.381637621  
-0.5464065162  
4.364572268  
2.158322278  
-2.656417064  
-3.99561214  
0.9896366111  
2.19481223  
-5.044275378  
0.3683988116  
5.66037048  
-1.799903417  
-3.47327299  
-1.101665639  
1.484076639  
7.06999355  
1.399617743  
-1.928159954  
-4.70010768  
1.003717294  
6.888125649  
1.10044986  
3.425748894  
2.09082507  
-2.662029754  
-4.781751858  
-4.912983358  
-0.9810062893  
5.743100873  
0.5289853619  
-1.653766352  
-3.342982316  
-0.9754941127  
0.7570226515  
5.286577821  
0.3756876173  
-1.797981167  
-2.826185471  
-2.38442999  
-0.0691703832  
3.87087928  
-1.322849753  
-3.154769954  
-1.617070468  
1.455150795  
3.702630652  
-2.617720467  
-4.538084923  
0.6490486602  
5.174439669  
-1.049004231  
-2.406761174  
-1.858113996  
0.9664814502  
7.080352938  
-1.346221824  
-3.26545673  
-2.216688104  
1.192883385  
5.842128731  
0.9158177663  
-0.332714773  
-3.321013133  
-1.850126784  
0.3361531678  
6.382350626  
1.455579277  
-0.2852427731  
-2.98359417  
-2.378598546  
0.8654172201  
5.589261326  
0.9153324055  
-1.718067778  
-3.218182983  
0.7437634692  
4.800656899  
1.022988175  
-1.434717888  
-2.881780757  
-0.83215028  
2.123210316  
5.522208494  
0.6933665965  
-0.9431381466  
-3.173789521  
-1.324593605  
2.446884029  
2.96395406  
-2.887592648  
-4.850099756  
-0.9014929217  
0.2933373078  
1.540005258  
-3.073358294  
-4.848876792  
-3.516379257  
-0.6703430687  
2.564466297  
-2.798557574  
-3.768688949  
-1.423634508  
1.537351904  
5.451716849  
2.957045765  
-0.1772787315  
-2.633047568  
1.007066506  
5.054430204  
0.7765008456  
-1.164974616  
-3.682136215  
-1.959351323  
1.35673382  
4.480444275  
-0.00029289596  
-2.332684588  
-4.161424264  
-1.028647646  
1.512053804  
2.269933894  
-2.016837557  
-3.320226574  
0.6599361429  
6.636927968  
0.8447585353  
-1.589841113  
-3.791453812  
0.6303469278  
2.690327277  
-1.149020237  
-2.744438084  
-1.526366928  
1.049536348  
4.675011065  
-0.3658152476  
-2.079170312  
-2.0226392  
1.374451236  
3.951251717  
-1.908749419  
-1.727798717  
1.688422427  
2.616712906  
-1.581741853  
-3.243066657  
-0.4203697941  
1.614458126  
3.998245777  
0.5148747895  
-2.938461728  
-0.4881981207  
1.53261321  
4.082082471  
0.5935547486  
-0.6051526865  
-3.140554633  
-1.25911631  
1.182463188  
2.53284285  
-2.408194422  
-3.680106777  
-1.179945729  
1.456477873  
6.364959362  
0.3749838688  
-4.059584001  
-1.581895927  
1.46576369  
3.274417306  
-2.385580841  
-2.494490876  
-1.164071564  
1.170966134  
4.961198168  
-1.225166661  
-3.02720128  
-0.3659741437  
1.957729603  
5.989831192  
-0.3341498846  
-3.389347719  
-2.725660754  
0.9721035288  
4.737702811  
-1.533633439  
-2.816917754  
1.300289576  
3.914057992  
-1.794530618  
-2.302235332  
0.4620520554  
3.124989723  
5.069027603  
0.8269512358  
-1.005422284  
-2.471451928  
-1.039016742  
1.074276914  
4.820124918  
-1.242622635  
-5.264818428  
-3.105219584  
-0.4643892395  
2.128334288  
-3.276826449  
-5.406138483  
-3.296737583  
1.693394542  
2.070577006  
-3.750185117  
-5.048570918  
-1.249269508  
0.6233162798  
3.432944505  
-0.9373153005  
-2.823709822  
0.1200309179  
2.297982021  
4.767325747  
0.5217726318  
-2.220336602  
-1.472963204  
1.14022665  
4.247901517  
-0.1302014135  
-3.323450419  
-3.208091566  
-1.310077275  
2.249499486  
1.805775872  
-1.800677806  
-1.670439172  
2.094925257  
3.79176326  
0.5028860602  
-1.572674951  
-2.540605841  
0.9822705822  
5.278252524  
-0.6420479495  
-4.112052157  
-0.5748667693  
4.235997705  
-1.590520721  
-3.97234067  
0.3771705536  
6.021057193  
-2.421904072  
-3.14353214  
1.548623935  
4.574598533  
0.9220680564  
-2.693101905  
-2.854478652  
0.6056770556  
3.157391994  
-2.366277967  
-4.133545669  
-2.58224728  
1.269358092  
4.613249925  
