1.54043994  
-0.05225107868  
1.324929487  
0.9489756058  
-0.301957693  
-0.8701637915  
-2.378483087  
0.5192349054  
1.423891235  
1.170235526  
0.858623012  
-0.7852525255  
0.1824581991  
-0.6985887455  
-1.52253146  
-2.250573848  
0.3462870177  
1.925157213  
-0.1022087914  
-0.4448939584  
0.4069076024  
1.333181481  
-0.2354768483  
-1.083316838  
-1.866221821  
-1.403044281  
-0.6314820067  
0.06850675265  
1.869884807  
-0.7962058311  
-1.368665766  
-1.722022468  
0.3309570632  
1.717697062  
0.2681008373  
0.05750686319  
-0.6816546075  
1.905001007  
1.118168266  
2.339128292  
-0.5610386493  
-0.5697059739  
-0.2835838065  
1.733113025  
2.331792942  
1.829305506  
-0.6343310734  
-2.409698923  
-2.210837159  
-0.7618323892  
1.108043925  
0.1016316291  
-0.247963019  
-1.257418438  
0.2444211291  
0.2705293233  
1.922132697  
0.1107056458  
-0.5612152905  
-0.8202437238  
0.420902012  
2.919659675  
2.364664165  
1.517919797  
1.433233705  
1.308876086  
1.635056387  
0.3617106561  
-2.205417168  
-4.447696514  
-2.803968936  
-1.504978344  
0.9185919677  
0.2290817274  
-0.7816201627  
2.04086765  
0.4243148185  
-0.5936861736  
-2.168429784  
-3.677645802  
-0.7854249371  
0.3837554291  
1.086453575  
-2.017813089  
-1.002942153  
0.1439437695  
0.2784284525  
0.799942384  
0.2675945336  
0.5247854394  
2.183397248  
1.117641633  
0.4234736963  
-0.4283772343  
-2.535704532  
-0.5008914443  
-0.9433007628  
-0.2442533577  
-0.6831990818  
-0.7075246535  
0.2109704557  
0.06913195138  
-0.3897316822  
-0.462315999  
-0.5393006032  
1.879685543  
0.6257288596  
0.0247574805  
-0.7748802326  
-0.4350984778  
-1.054902493  
-0.6902280455  
-0.3355039948  
-0.5148862954  
-0.9997755046  
-0.321792544  
2.431806552  
1.853150831  
0.1594405663  
-0.3020107194  
1.169443752  
1.206893907  
-0.9034875315  
-1.849220655  
-1.035727726  
-1.109277362  
0.6970590235  
0.4776608186  
0.8748567035  
2.033770099  
0.2988843661  
0.4796457536  
-1.799249578  
-1.526816033  
0.746595578  
1.884239677  
2.530350564  
0.08155427659  
1.082257272  
1.00963586  
1.204879177  
1.485916275  
-0.2482407695  
-0.9821359446  
-2.878709648  
-0.8826966354  
-0.863494328  
-3.038785601  
-0.9533037824  
-0.5286322592  
1.633614507  
0.5500571686  
1.685135121  
-0.2722828157  
-0.7465524529  
-0.2049980447  
-0.2760742625  
0.9939325258  
-1.07848828  
-1.128577603  
-0.3466517851  
0.8967553757  
1.011918118  
0.4383508096  
-1.310232598  
0.3378028873  
0.9994200921  
1.674660945  
0.9958982018  
-1.5809934  
1.032958288  
1.957989002  
-1.389579511  
-1.19213305  
1.993204986  
2.519840183  
0.1315255431  
-0.8040620197  
1.544776636  
-0.6895418456  
-1.182733596  
-2.697804053  
-2.424725963  
0.2759135279  
-0.8866249962  
-0.03566638725  
-1.365337238  
-0.6826743774  
1.963343148  
1.500188598  
0.8407573244  
-1.204938582  
0.6164034822  
-0.592248163  
1.144750194  
1.066995021  
1.544199772  
2.739096499  
-1.166226853  
-1.665486018  
-2.134743885  
1.136805994  
1.067360465  
-0.8405795754  
-1.371031083  
0.6168717181  
1.548736063  
1.60086806  
0.1099853172  
-0.5882523418  
-0.3910639714  
2.522243925  
-0.2150921439  
-0.641089806  
-0.1064150708  
-0.6491919406  
0.05351554141  
-0.8774687538  
-1.662336292  
-0.5580875259  
2.590732848  
1.161786744  
0.9397423199  
-0.4406022029  
0.2481240436  
1.661750766  
0.8864660033  
0.1233294176  
-0.6026359013  
-0.6534785057  
-0.477079292  
0.2206027308  
-2.428687528  
-2.568479901  
-2.540370836  
-1.680076016  
-0.1915639278  
-0.4221413655  
-0.9132405244  
1.265942118  
2.101919535  
0.9263297582  
-0.209985325  
-0.1597885902  
2.218223948  
2.38702454  
1.544068646  
0.02342136946  
-1.298086807  
1.355842192  
0.8572771492  
-0.8449522432  
-2.293624438  
-1.8004804  
-0.3297910531  
0.4610047317  
-0.4238814508  
-0.7623708482  
1.837979674  
-0.1267324734  
0.6824266565  
-0.8746707549  
-1.44471093  
0.9852830384  
-1.875472616  
-2.401693476  
-3.450349797  
-2.986971004  
-0.8168152023  
2.336403766  
1.519554442  
1.567468439  
-0.2481044916  
-0.9895302147  
2.494651352  
1.268486964  
1.260949314  
-0.7879703125  
-0.5882125662  
1.452182944  
1.460032106  
1.458119937  
-1.338370405  
-1.454443703  
-1.461473587  
0.847479432  
-1.19985142  
-0.6215595093  
-1.614860969  
-0.328319389  
-0.07014654357  
2.807099984  
1.11562818  
-0.7856393972  
1.010376396  
-1.847933905  
-1.046196042  
-1.607293681  
-0.6509052539  
-0.4015788122  
2.953878859  
0.6766575955  
0.3558745265  
-0.05090472727  
0.2153213387  
2.473711782  
1.542074916  
2.798768449  
0.06078923574  
-0.873658653  
0.4405449984  
-0.4838970868  
-1.269886435  
-1.341350476  
-3.232071386  
-1.503144859  
0.669683734  
0.5871327739  
1.259699225  
0.684887023  
-1.578896714  
1.014551136  
0.9095206742  
-0.4223436578  
-2.583202507  
-1.785876626  
-0.3106452849  
0.7457881558  
1.247818854  
1.185236334  
2.057683912  
1.323938542  
3.365403323  
0.1288072896  
-2.143491871  
-0.9249221058  
-1.293869853  
-1.056777762  
-1.107748558  
1.934292539  
1.612668481  
0.04825118561  
-0.3205228411  
-1.30155456  
-1.898194282  
-0.8389294598  
-1.402236985  
-1.716712503  
-2.0637012  
0.6971276966  
0.3790991671  
1.554293403  
1.783794064  
-1.859190177  
-1.736435466  
-2.109351393  
-0.8468380675  
-1.555192798  
0.3411083643  
0.1722358239  
-1.175067503  
-1.57650416  
-0.6465223218  
0.5330454208  
2.765164128  
2.46447128  
0.9310181946  
-0.7995107861  
-0.6819364885  
1.731262152  
2.017766236  
1.27038144  
-0.2755355665  
-0.4364171478  
2.256505204  
0.002112300015  
-1.28401265  
-1.526714295  
1.477472725  
1.82376623  
0.8370106133  
0.1552385072  
0.9931985222  
2.529136634  
0.827763703  
0.2753865965  
-0.8928911072  
-0.6352651306  
-1.913011807  
0.1921365867  
-0.7249258352  
0.2303143721  
-0.5493285763  
-0.527360464  
0.09280034807  
2.801958725  
2.27089251  
1.029956333  
-2.195640685  
-4.239386107  
-2.987529214  
-0.2859513602  
0.05318060632  
-1.875958608  
-1.20577268  
0.203449103  
2.427599661  
3.325109863  
2.046056736  
0.09436851416  
-0.6573301458  
0.9999424699  
0.7575093658  
0.9040136407  
-0.03882909549  
-1.025974008  
-1.861200993  
-1.528371987  
-0.3014813157  
0.3739656005  
0.7788281169  
2.47220841  
4.185310742  
2.276384436  
-0.9754432247  
-3.427781152  
-3.261956211  
-0.1331665269  
-1.644190487  
-2.096161981  
-2.902965734  
-2.511731797  
-1.904339531  
2.040252684  
1.613914307  
0.4903780291  
-0.5764156212  
-0.04190983842  
1.611158861  
-0.2405129979  
1.095854392  
-2.038075342  
-0.8071731549  
1.764191858  
-0.04694079785  
1.73659494  
0.9495531398  
0.4662198585  
-0.6160969565  
2.045573452  
2.339602991  
0.4399366389  
0.1695604661  
1.085216824  
0.8553100241  
1.325944973  
-0.08391276806  
-1.157303371  
0.6311168281  
-0.023185353  
-0.1093629656  
-0.3436156738  
-1.296334662  
-0.4545723631  
-0.362107247  
1.063980945  
-1.19895222  
-1.20264071  
1.425494088  
-1.052544926  
-2.552108238  
-3.401869683  
-1.155855694  
-0.01011850569  
-1.026318359  
-0.3533804981  
0.06409084376  
2.831672962  
3.209928372  
3.477223264  
0.8085063996  
0.3996066955  
-0.7210278939  
-0.8502620071  
-1.715009579  
-2.908807031  
-3.675225444  
-3.487569968  
1.158121172  
0.6732322369  
-0.04770286546  
-1.174573094  
0.3407148171  
2.341273395  
2.084728476  
1.450896698  
-0.9785103979  
-0.3035879479  
0.8263613343  
-0.3626832101  
-0.6483034374  
-3.171049043  
-2.99222037  
0.2823227997  
0.434222957  
0.7743204838  
0.09590985841  
2.376521563  
1.448392693  
1.206222634  
1.143484233  
-0.4836138875  
-0.09874415179  
1.603602762  
-0.3177731418  
-2.047856403  
-3.583876408  
-0.6603360217  
1.531975967  
2.558521211  
1.217864702  
1.933304509  
2.138156348  
1.135979707  
1.474820213  
-0.9534242765  
-2.768032403  
-3.176953941  
-1.656482385  
-0.07463733863  
-1.42046716  
-1.8684581  
0.2141430042  
2.064570821  
1.824638188  
1.394901492  
-1.261430879  
-2.025182973  
0.8365488816  
-0.2173644149  
-0.2765233419  
0.5776580436  
0.4001083427  
3.096657905  
3.711872699  
3.134622817  
-0.09057474909  
-0.3090043767  
-0.09843718307  
0.8406437114  
1.111619648  
-2.169696481  
-0.9077635665  
-0.6105197675  
-1.883053888  
-1.819638241  
-3.51221218  
-2.609421964  
-0.0398030663  
2.196696962  
2.8906217  
0.0694727321  
-1.011885579  
-1.998263452  
-0.5288110904  
0.5310651187  
0.9714257443  
-0.2768985536  
0.03302708876  
2.216596183  
0.4517866412  
0.2918005354  
-0.0504931982  
0.6904804677  
-0.3305595367  
-0.9724889284  
1.649759873  
2.405665643  
2.200886535  
2.304431745  
0.8190254224  
1.538261251  
-0.8424604649  
-2.016415699  
-1.332654948  
-0.5803135003  
-0.2016365134  
-1.68910141  
-1.439507083  
-0.9959176732  
