3.234384776  
2.18720328  
-2.112408988  
-2.086773445  
-0.5987638052  
-1.021221788  
-1.822107595  
-2.290791374  
-1.59125686  
2.398215985  
2.932797448  
2.722895037  
0.1270951441  
2.5625038  
4.414451929  
-0.1193925837  
-2.907936266  
-2.459948921  
-0.2877240919  
-1.012797025  
-2.207127916  
-3.34569108  
-1.557314242  
0.76695018  
0.3813417032  
0.7170621404  
-0.7710570132  
-0.475093169  
1.081814195  
2.364433834  
1.268007297  
-2.087431957  
-2.284265779  
-0.2982350073  
1.10046751  
2.302627123  
1.984609013  
-0.6818093895  
-0.8855853512  
1.225280043  
2.75244531  
2.458653452  
1.214856076  
-0.3833907527  
-0.8256741834  
1.209173985  
1.444963197  
0.8396742548  
-1.306106739  
-0.817704531  
-0.3808388286  
0.3413206229  
1.574514497  
0.6585183567  
-2.848683643  
-2.710979498  
0.1636671475  
1.88978438  
1.940308433  
-0.4835731703  
-0.5751788181  
0.9261542017  
3.916972028  
2.798715135  
1.897244638  
-1.658993911  
-2.904388617  
-1.285471517  
-0.1973757462  
-1.300038372  
-3.641514388  
-3.746398771  
-1.633857  
0.2536800565  
0.8823011713  
-1.411421868  
-1.721888622  
1.950071689  
2.90874089  
1.377946463  
-0.7411753598  
-0.3883847045  
0.6464845483  
2.411882539  
1.046072881  
-2.033977813  
-1.764151699  
1.241339635  
2.396379917  
1.581759418  
-0.6718074566  
-2.482214371  
-0.3111351483  
0.6461642636  
-0.7580392003  
-3.067933426  
-3.09143281  
1.530218645  
1.741137252  
0.07716334965  
-0.3875284978  
0.645870377  
2.60142693  
0.9755952577  
-1.102699733  
-2.27078643  
-3.980248303  
-1.712971303  
0.0509452281  
-0.7681126107  
-3.208818898  
-3.252609401  
-1.536127898  
2.455852757  
2.612098254  
2.209045789  
0.3301674345  
0.2557457431  
2.99694359  
2.238452035  
-1.731195264  
-3.012697315  
0.2008705866  
0.2434587631  
-3.368895972  
-4.526146644  
-2.119443836  
0.8387795478  
1.454521983  
-0.3911966923  
-0.3498797495  
6.211713307  
5.432412634  
3.863654999  
0.7212506555  
0.5488104451  
0.4855455922  
2.403076946  
1.444328176  
-0.3175990423  
-1.938447308  
-1.780350937  
1.959229269  
1.452642373  
-0.1645836638  
-2.659967896  
-1.720160115  
2.10170122  
0.9575737772  
0.6257470239  
-0.7608726824  
-1.558743147  
1.518702442  
1.507434845  
-0.07066107141  
-2.506185557  
-3.842019891  
-1.053167275  
1.890839082  
2.354391242  
0.6246527508  
0.171950259  
1.380732188  
3.529651904  
1.923059836  
-2.10120233  
-4.092195696  
0.3086392467  
1.488756119  
-0.2868029437  
-2.588799945  
-2.805552207  
0.8621693787  
-0.5772215691  
-3.115432785  
1.244488478  
3.172274813  
1.583765316  
-0.7822225678  
-1.748778952  
-0.922529661  
0.3497477464  
0.4468059667  
-3.278757023  
-3.234491114  
-0.58990295  
0.8419292415  
1.177463033  
-0.6712250929  
-0.02809614264  
3.654765738  
2.341671889  
-1.067505591  
-2.662569655  
1.502380934  
-0.2395346614  
-3.424392769  
-1.1511954  
1.626549769  
1.299689185  
1.408745094  
0.07044909222  
0.4382279064  
2.602739516  
3.312994719  
0.5616033916  
1.071336504  
1.066278172  
0.09270704767  
-2.974121849  
-4.343693773  
-1.075221744  
1.548807163  
0.4687027287  
-1.351305943  
-2.069721336  
-0.3038534241  
2.779238516  
2.156201891  
1.541684985  
0.5447659572  
1.14573638  
1.10689715  
-0.05343195982  
0.01883846615  
-2.639593218  
-2.337927294  
0.4358094735  
2.420782191  
1.460472156  
-0.537895991  
1.706393196  
3.773711729  
2.492197636  
0.1494790067  
-1.577993783  
-1.783280946  
1.19907957  
-0.3838288119  
-3.183217321  
-4.069711129  
-1.142307417  
-0.4256465487  
-1.935715698  
-2.535128136  
-0.4692767904  
2.878422783  
2.987122777  
1.882479988  
0.6709679839  
1.725191591  
4.829133327  
3.976481112  
1.077102363  
-2.76541298  
-4.338820639  
-2.347794546  
-2.189099987  
-3.660662098  
-2.107163411  
0.1449857377  
1.163600993  
1.021647282  
-1.513335261  
-1.795174005  
-0.9757903251  
0.5457397044  
0.3992494448  
-1.536935164  
-2.585049523  
-1.259745863  
-0.08986443455  
0.6988994485  
-0.3198272193  
-2.694418347  
-2.635106397  
-1.21189718  
-0.08142153116  
-1.585780891  
-3.776675403  
-2.205047474  
1.804413311  
2.795658393  
3.119605943  
2.61720853  
1.4975119  
0.5803922971  
2.893835407  
3.174509308  
3.137277376  
1.348866005  
0.2299598057  
-0.124561465  
-1.262703606  
-4.620411745  
-4.092987735  
-2.493874484  
-0.3807345268  
0.7876477351  
1.073865528  
-1.057691851  
-2.133649432  
0.9644581738  
1.787856663  
2.799786524  
0.4593802379  
0.8081228221  
3.535599487  
2.416340259  
1.675918448  
-0.5643056109  
-0.5649769885  
-0.2702246699  
-0.6705854514  
-0.9528983803  
-0.7178907771  
-3.641811252  
-3.979319572  
-0.8087534619  
2.077550255  
2.123017551  
-0.4177873685  
-0.9224279589  
1.229231166  
2.142879625  
2.450645716  
1.041091713  
-1.402333455  
-0.9372156139  
1.559044119  
1.594936458  
1.552301171  
-2.240431786  
-3.164922545  
-1.242260053  
-1.424693292  
-3.052849299  
1.950928851  
3.019674942  
0.7598879962  
1.036493203  
3.496000177  
3.612556119  
2.690955486  
0.18789964  
-0.7822932217  
-1.750957604  
0.3124458634  
-5.785310533  
-1.743813615  
-1.133067468  
-2.108934008  
-3.679371865  
-5.219793453  
-5.836674815  
-3.517189443  
-2.022319621  
-0.9911481795  
-2.554786792  
-1.766272679  
1.862533031  
2.996654988  
3.866492381  
2.982810807  
0.1828332947  
-1.471912717  
1.802496088  
1.600054973  
0.2080059615  
-1.560837996  
-2.148907122  
1.385889476  
2.760744811  
2.787197587  
-0.5720787999  
-1.625139138  
1.61535833  
-0.3919632949  
-2.986577131  
-2.185516127  
-0.5659543206  
0.966360024  
1.205441517  
-1.359102975  
-0.9903236498  
0.6055223697  
2.008976327  
2.710935561  
1.014592987  
0.3592719295  
1.113866054  
2.759252757  
3.834935918  
4.085257213  
1.938154176  
-1.11088163  
-1.250498109  
-1.031784071  
-1.465778943  
-2.061088013  
-2.895621424  
-3.751740327  
-0.5200466192  
1.704514221  
0.6885252611  
0.4232619424  
-0.5925447317  
0.8097609404  
2.642444844  
2.615198845  
-0.5702779556  
-4.090607334  
-4.889300942  
-3.112807853  
-0.348955049  
0.2175489839  
-0.5363158554  
-0.9620538605  
1.590229445  
4.389185007  
4.869365651  
6.277335964  
4.867897288  
2.370710663  
1.777503117  
-1.166076371  
-2.388485885  
-3.213896784  
-1.956488467  
0.7134548902  
-0.03438277827  
-0.1451355164  
0.8378572018  
-0.9106958021  
-1.427645142  
0.5116565163  
0.3336237781  
-1.835199799  
-3.038172067  
-3.101926334  
-0.1756999149  
0.2216702065  
-0.466075109  
-1.722959594  
-1.598069665  
-1.032266471  
1.818849752  
2.173630617  
0.3292090771  
-2.201202536  
-0.214708474  
2.713715989  
2.129109336  
1.333973366  
1.722677263  
2.221727616  
3.637439928  
1.969098204  
-1.376401765  
-3.38630843  
-1.123906228  
0.8181397265  
0.8569402581  
-0.9312950594  
-0.3878539676  
1.62696323  
0.7041766489  
-1.197893144  
-3.750316449  
-1.644886492  
-2.352673602  
-2.804984014  
-4.300594321  
-1.830215085  
1.994502441  
2.755403568  
3.330337262  
1.763643751  
1.380129067  
4.930656215  
4.850780066  
3.627869489  
-0.5375478333  
-3.177689718  
-3.711774916  
-2.553361047  
-2.847978598  
-2.063570939  
-3.936296252  
-2.286523773  
0.8864046648  
2.243723014  
2.06143697  
2.053438863  
0.8169440702  
0.7877667466  
-1.200548682  
-2.099071404  
-3.247162223  
-3.560268924  
-1.944013497  
-2.461520471  
-1.075260534  
-1.100372356  
-0.9176350178  
1.479613186  
2.349318631  
3.291038943  
3.005052415  
1.105008633  
0.9411534958  
0.8405369428  
-0.7335286612  
-3.183210439  
-2.55307776  
-1.779452377  
-0.2870258589  
-1.505520751  
-0.7459417713  
1.403868356  
2.374112144  
2.291073119  
-0.351310311  
-1.349008394  
-1.314215991  
0.4231718871  
0.01386432886  
0.1155459271  
0.1535106345  
2.876407043  
5.077786749  
5.100019232  
4.128176478  
0.2477065227  
-1.441350545  
-0.2112905891  
-1.345216338  
-2.543974121  
-2.993318627  
-3.266562491  
-0.8852131526  
1.320136031  
2.204304106  
1.894285863  
2.257171274  
4.66786275  
4.191993631  
2.846929338  
0.2362029987  
-2.060443807  
-1.076868187  
-1.374295076  
-2.480527123  
-4.910885273  
-5.238053736  
-2.429341667  
-0.5065653981  
0.1244826721  
0.3226356057  
0.1931745906  
2.677217115  
3.299294127  
3.573052311  
1.034007333  
-2.181234657  
-2.077341603  
1.13219398  
0.770145726  
-1.212623092  
-1.868915785  
-0.3846090747  
-0.612898822  
-1.556566971  
-0.6896583342  
2.876504685  
3.434869689  
2.328891737  
3.320822634  
6.373963129  
4.77645045  
1.613096526  
-1.400882678  
-3.137483745  
-2.698744568  
-2.739396739  
-3.855034513  
-3.349678181  
-1.057657117  
0.09089931039  
0.9229718866  
