0.9528668786  
0.2944081169  
-0.693774813  
-1.20056454  
-0.7634404765  
0.4580459607  
0.6327328085  
-0.754203067  
0.402680215  
1.037746768  
1.515279559  
0.955488048  
0.1063387666  
0.2731235413  
0.8710296376  
-1.284008482  
-1.377701904  
-1.237950528  
-0.665568963  
-1.492140136  
-1.572429842  
-0.7438947875  
-0.1303769201  
-0.2410962384  
0.8399939486  
1.78995248  
0.1440627606  
2.16660461  
1.810210548  
1.52504096  
0.02608906898  
-1.319251326  
-0.4876950228  
-0.9098714207  
0.1199483871  
0.7036591279  
1.180882838  
0.2959254639  
1.039536353  
-0.1425813073  
-0.4499708776  
-2.344657809  
-0.7236557328  
-1.637381773  
-0.07247532812  
0.03811476533  
0.1270537243  
-0.020656261  
-0.9456347274  
0.3595681273  
-0.6295982508  
0.2696835499  
-0.05073283776  
-0.1264393609  
-0.08420650646  
-0.0112881231  
1.852392987  
2.614472324  
2.036558049  
0.6662839847  
1.184991534  
0.8819724726  
1.626947356  
1.31040927  
-0.8738163571  
-1.869048042  
-0.6452730115  
-0.6053143377  
-1.062207346  
-3.410538189  
-2.939168027  
-1.272237289  
-1.249938837  
-0.2345048596  
0.5977666641  
-0.2121534507  
0.9402078946  
1.887339778  
1.308658432  
0.9590306338  
0.2617950816  
1.659305364  
1.24609784  
0.9271311689  
-1.149572029  
-2.135520601  
-1.072278788  
-1.33491842  
0.8477924004  
0.2987029822  
-1.772063676  
-0.689965853  
-0.5315754661  
-0.6508422811  
-0.9133924993  
-1.490612949  
-0.2976900663  
1.967613612  
0.6015540659  
0.7540978862  
0.9074418082  
1.450612645  
1.694926543  
-1.318815871  
-3.209297261  
-2.556550398  
-1.634369264  
-1.113088551  
0.23138302  
-0.5958812582  
-0.7379397765  
0.6028439405  
0.504222326  
1.780938094  
2.1056065  
1.261778738  
-0.6995429834  
-0.02132102279  
0.1277133046  
-0.1028636408  
0.2326230978  
-0.1667963242  
-0.2652985057  
-1.107568278  
-1.184382564  
-0.7283677118  
-0.8139405295  
0.3364067491  
0.4900270508  
-0.6458110933  
0.2738841392  
2.103072021  
1.070874396  
-0.4351322969  
-0.4392894775  
0.1086504207  
1.510359752  
0.8665349802  
-1.961064214  
-0.2665255962  
0.5791189647  
0.7382892548  
1.800898617  
1.560752202  
1.729427393  
1.046618345  
0.4233990807  
-0.1524991427  
-0.865860785  
0.1023328698  
-1.155527556  
-0.8393042534  
0.08975900176  
0.1318813904  
-1.35716958  
-0.4474882528  
-0.1165089673  
0.1514585171  
1.096472682  
1.239518808  
0.996233419  
1.297619948  
0.09839469989  
0.6760212342  
-0.4751330936  
-1.982492533  
-1.834019613  
1.612733215  
1.762849638  
1.658521109  
-0.4456080021  
-0.6621882089  
-0.8031132259  
-2.205348346  
-1.000235001  
0.7417258767  
-0.3340118946  
-0.3802946811  
-2.002129135  
-1.306329137  
0.01240796785  
0.3807402307  
-0.3587334617  
-1.862098014  
-0.9051549124  
0.4464719844  
1.341749096  
-0.5343034585  
1.385404885  
1.754980328  
1.863909609  
1.24602123  
-0.7424627551  
0.2127100572  
-1.041853861  
-1.303748192  
-0.7954526792  
0.2982783508  
-0.9673956966  
-0.8804637645  
0.6402755535  
-0.3147961858  
0.7343814287  
2.07564795  
2.338475725  
2.179781857  
0.6405287291  
0.9926054041  
-1.004680761  
-1.754823058  
-2.839455665  
-1.090586147  
-0.7325197331  
-1.423839017  
0.4827021786  
-0.6871506478  
0.169629194  
0.5466987542  
1.217272905  
1.641780746  
0.7768490703  
2.077236828  
1.407345969  
-0.264454401  
-0.2320798477  
-1.933104321  
-1.060037434  
-0.08516931399  
-0.4903099025  
-0.677519727  
0.8873099877  
1.50971678  
1.464445915  
-0.06569452969  
0.5333475889  
1.65043473  
2.327807974  
2.457831153  
-0.3052183298  
-1.45772085  
-1.336641015  
-0.4008900064  
-2.161574922  
-0.9697403075  
-0.9944800684  
0.02421361987  
0.2088303145  
-0.5953753536  
0.4974608806  
0.8013440459  
3.053507586  
3.158910279  
0.7107433846  
-0.7349931706  
-1.115769092  
-1.605980509  
-0.7696687053  
-2.119162279  
-2.603247192  
-1.414972329  
-0.7976411665  
0.7596719408  
-0.2254227561  
-0.5666820943  
1.017563344  
0.04596406769  
1.268693052  
-0.9714927747  
-0.4848467318  
-0.787090599  
1.425402549  
1.37813403  
0.4807361536  
-0.3178585567  
-2.374493161  
-1.287140194  
-1.868658049  
-1.759195206  
-1.86108243  
-1.723986606  
-0.6546829876  
0.3974679166  
0.3874053443  
0.2439463278  
0.2399680249  
-0.1722780682  
2.201276505  
3.167952213  
2.582051469  
2.547430826  
2.82797832  
0.7014182513  
-0.4120043223  
-2.083694949  
-3.507405161  
-3.040752835  
-1.506779506  
-1.197217612  
-0.9552451855  
-0.7844674128  
-1.049635182  
0.467877976  
2.053224642  
2.806925228  
2.171806012  
0.820922229  
1.353041152  
0.3258626428  
1.080629315  
-0.4141575414  
0.1483728398  
-0.1619746519  
-0.7521575541  
-1.077168771  
-0.3856224021  
-1.319318376  
-1.711211695  
-0.3858820238  
0.8384103595  
2.714947134  
2.63608112  
0.8889220447  
2.132949801  
1.260634768  
0.3656745544  
-0.1926229592  
-0.9402849285  
-0.373871424  
-1.638952938  
0.7661418139  
-0.1128848442  
-1.360777206  
-3.722223617  
-2.173359506  
-1.239869461  
-1.105578602  
0.1512988135  
0.2450835839  
1.236963017  
1.080186163  
1.369145773  
3.497189933  
1.181289805  
0.8037731762  
1.266311892  
0.05235672064  
-0.158930405  
-0.449362804  
-3.587826417  
-1.238971607  
-1.094602985  
-1.894700426  
-3.360896047  
-3.985956752  
-4.280491189  
-2.666932365  
-2.501511175  
-0.9751743667  
-0.6594753736  
-0.5463660357  
1.735998995  
1.853084272  
2.868996654  
2.35369076  
1.431943993  
0.1581730248  
0.5048665946  
-0.7157698171  
-1.127921276  
-0.6146169095  
0.5823553088  
1.584764131  
2.020157884  
2.007859336  
0.1575289754  
-0.3172328332  
-0.3492032197  
-1.002367787  
-2.276779804  
-0.4431521218  
-0.1352850213  
-0.2280485419  
0.2132064625  
0.1870999976  
0.9983915526  
0.6647557834  
0.8653406215  
-0.06835614304  
1.488133061  
1.390274341  
1.920406476  
1.170484573  
1.056429994  
1.866196391  
0.3203427362  
-0.6038442349  
-0.7014119311  
-0.8694937747  
-2.218392452  
-3.180379101  
-1.267999218  
-0.07622686624  
0.8047123268  
1.895609574  
0.5495535837  
1.601270467  
2.221777519  
1.925231397  
2.722829429  
0.2855745237  
-1.742002342  
-2.60391793  
-2.856246083  
-2.176774343  
-1.026620547  
-1.164584606  
-0.7136447423  
0.1834973837  
2.152753239  
3.223814037  
3.232594298  
2.711152501  
0.1033487235  
0.1796283366  
-1.134916333  
-0.7730662092  
-2.05538827  
-1.338112285  
0.7369810389  
-0.0722657694  
-1.083862377  
-1.962121253  
-1.160080534  
0.6353102607  
1.103828571  
0.9653573115  
0.6035420158  
-0.577628079  
-1.556440716  
-0.3796388464  
0.6428740913  
-0.6649868833  
-1.824519913  
-1.043179166  
0.760699441  
0.7276990007  
2.013599748  
1.137000418  
0.2777719742  
0.331583848  
0.3282237235  
0.6193915381  
0.5322393814  
1.477896924  
1.359607578  
0.01016789259  
0.1133807428  
-0.8340185683  
-0.124512575  
-0.03407251679  
0.2169441277  
0.777924312  
-0.9347140944  
-1.200669073  
-0.1452539307  
-0.1684206709  
-0.5568845624  
-2.159880914  
-2.143522359  
-0.5022289131  
-1.656115922  
-0.7647002667  
-0.08971767592  
0.7772440691  
0.8175978628  
0.8378858693  
0.8152786607  
1.337602669  
4.033317939  
3.623723075  
0.4578941545  
-0.2367705776  
-1.62478829  
-1.484836529  
-1.241131442  
-0.9282490311  
-1.969903627  
-2.624465815  
-1.387241625  
1.1511415  
1.523135743  
2.111329587  
0.5313043123  
0.501821008  
1.157693708  
0.2687676038  
-1.525724677  
-3.348814197  
-2.996696993  
-1.365867521  
-2.439827432  
-2.555591092  
-1.03052059  
-0.7662663962  
1.633823734  
1.729044559  
1.55688675  
-0.2238504487  
0.2392603222  
2.798259617  
1.900112863  
0.4093025605  
-2.117728843  
-1.761663919  
0.8955101665  
0.4125883461  
0.4385293483  
2.158934665  
2.786460545  
2.441533641  
0.8136011715  
-1.117679419  
-2.01636065  
-0.827787271  
-1.617586783  
-1.546995074  
-1.452175016  
-1.577138252  
-0.08069063391  
2.623752233  
4.266689698  
4.084775219  
1.920006487  
-1.403522994  
-1.982893153  
-1.140355661  
-0.3307167067  
-0.7419545355  
-4.072026194  
-1.287986046  
-0.6742608996  
-1.139986805  
0.1047603329  
0.975983161  
2.331155986  
2.42691845  
1.557370836  
0.6923870347  
0.4742682456  
-0.4182993387  
-0.08679837617  
0.9715511565  
-1.590308847  
-3.579736249  
-2.000859347  
-0.8821710515  
-1.131860268  
-1.188027416  
0.3577508168  
2.308670412  
3.194941549  
3.31181354  
1.263170847  
1.215561592  
0.6174660162  
1.045522462  
2.576658235  
1.057190913  
-1.286740143  
-1.926167876  
-2.491600102  
-3.113949109  
-1.57385529  
0.8771331575  
1.357087482  
1.200369396  
1.194481852  
2.277307257  
3.595100122  
2.950724053  
0.9282308257  
-1.017500157  
-0.6159935347  
-0.4202106625  
-0.7335644461  
-1.277399001  
-1.407198312  
-0.9703573432  
-1.239123475  
-2.184081136  
