-1.118831306  
-2.293184133  
0.8246514808  
0.854369183  
1.515158485  
-0.2236581155  
-2.494876526  
-0.699786422  
1.080266553  
1.865532204  
0.7810945324  
0.6287900019  
3.38963137  
3.077174605  
1.100146348  
-3.054785874  
0.3351329151  
1.324768334  
-0.6584892777  
-3.145623092  
-4.528752705  
-1.122168094  
1.062008822  
1.021634657  
-0.4338334051  
-0.5893111085  
-2.749667586  
1.096697912  
1.435505619  
0.3898158284  
-0.9177323573  
-1.522208181  
0.8209816882  
1.859588623  
2.326439628  
1.958266569  
0.102320618  
-1.920944361  
-0.4138869965  
1.01278458  
0.4794793039  
-0.1782157271  
-4.099959103  
-1.60593966  
-0.1115506331  
2.988711047  
0.1393944403  
-1.75116612  
-2.276766939  
0.9724597546  
1.690013883  
2.794599426  
0.544186716  
-2.134621457  
-0.9499947413  
1.301939693  
2.187846031  
0.4630396635  
-2.127126789  
-1.281324292  
1.985563637  
1.880062369  
0.7303126741  
-1.14547486  
-1.114795739  
-1.17174097  
0.4000411806  
1.349798787  
-0.09871732303  
-0.9546118905  
-3.354416204  
-0.5575154351  
2.298012265  
0.6817780948  
-0.9739923587  
-2.622129369  
0.05909621989  
2.739471184  
0.2815654277  
-0.3650496655  
-2.054104169  
0.6130805884  
2.762924042  
0.9114608707  
-1.69191996  
-2.390153351  
0.7395737569  
3.164440249  
0.5095305749  
-1.322646784  
-0.8970743879  
0.3204146183  
1.096535729  
0.1873791103  
-2.747915965  
-2.85182674  
0.09279117718  
2.081123177  
-1.327675251  
-3.145425282  
1.242461634  
2.460427832  
0.04434124247  
-1.156311332  
-3.236304538  
1.00423835  
1.645463324  
2.805819071  
0.3781999685  
-2.032398248  
-1.271925151  
-0.7830899274  
1.036184491  
1.535665043  
-1.290158345  
-1.602076528  
-0.01914099376  
0.8429162149  
2.804530934  
2.109282625  
0.485103299  
1.104881912  
1.080501231  
-1.166981153  
-3.206408672  
0.5005691402  
0.6404880315  
-0.3337700292  
-1.475074024  
-1.395668053  
1.115427226  
1.417049714  
0.002546740323  
0.05317714559  
-0.8094152823  
2.417321278  
1.09467092  
-0.05514165591  
-1.76060793  
-2.932702334  
1.403888119  
2.251341894  
0.9853068492  
-2.615660918  
-3.234085609  
0.8605011  
1.17595259  
1.826720398  
0.2300492803  
-1.49636666  
-1.327412686  
1.952466035  
2.22141962  
0.2994027477  
-0.4531047221  
-2.932893249  
-0.3400437258  
1.378050128  
-0.8480082137  
-3.240374082  
-3.290755275  
1.090481142  
2.292204344  
1.667746493  
0.1452193596  
-1.489962193  
0.9365322414  
1.926002771  
0.6974135286  
-1.241976406  
0.06659377209  
0.661640745  
0.6133047386  
-1.375853619  
-0.09257165293  
1.423865312  
-1.204058743  
-3.34237549  
0.6485742028  
0.8019435624  
2.921372437  
1.70241843  
0.1428866577  
-2.116351161  
0.1902057587  
1.896854016  
-0.5707218197  
-1.510490865  
-2.397067418  
1.074255651  
1.049745837  
-1.013267805  
-0.0161155279  
0.4689592445  
0.5629617623  
-1.131579567  
1.350421926  
1.848027278  
-0.3966796524  
-0.8918946773  
-2.382327713  
1.388292217  
2.080165593  
0.8990050725  
0.5061603055  
-0.4878453678  
0.6060614533  
1.507623755  
0.3592399648  
-1.862286142  
0.3215463375  
0.9399330797  
-0.5598403486  
-0.9845824155  
-1.678111869  
0.1335422689  
1.928492875  
1.103828185  
-0.253479662  
-1.718940223  
0.1732865769  
2.169410288  
2.002842636  
-0.446573245  
-0.4844581202  
-0.01495658516  
1.313809859  
2.241214167  
-0.1330055616  
-3.392213434  
-0.09084271715  
0.4597603735  
-1.923961322  
-1.291104525  
-1.691339703  
0.7086377143  
1.670170485  
1.966867514  
0.5116415484  
-1.451235742  
0.8176815022  
1.159571614  
-1.846509082  
-2.838244003  
0.876353607  
1.470793446  
-0.2905973339  
-2.067834584  
-2.339540392  
-0.4343109254  
1.309128329  
1.825274049  
-1.988246128  
-1.994519234  
1.323844886  
2.174676691  
-0.1408935545  
-1.696016924  
-0.5795059527  
1.014029101  
2.496886314  
0.4972652432  
-1.007726684  
-0.1819628714  
-0.5239966996  
0.6706880837  
-0.05685943239  
-0.5098106822  
-2.573253505  
0.5282733424  
1.658298192  
2.239499573  
-0.2628374911  
-1.830777448  
-1.176865213  
-0.1425848389  
1.434767163  
-0.6383288251  
-2.190749522  
1.242153975  
0.8121675835  
1.445963934  
0.841919316  
-1.554979265  
-2.610709731  
-0.1573780155  
1.65395833  
1.656290407  
0.4467726285  
0.01583882936  
0.4024528103  
2.184028377  
-0.1512324406  
-0.9573740235  
-2.206307041  
0.9944862337  
1.26653246  
1.172826212  
-1.322688369  
-1.973824419  
-0.5612893363  
0.9805685095  
0.8557070824  
-0.9312045493  
-2.043091469  
-1.508887866  
1.273483725  
1.166195583  
-1.217212787  
-0.6560280628  
-1.308583988  
1.324451578  
3.203196665  
2.101017051  
0.09394285469  
-2.368962875  
-1.6376981  
0.7654859321  
1.633851901  
0.05108187497  
-2.22935606  
-1.752692325  
0.8093254358  
2.256137266  
1.181401738  
-0.5077185159  
-1.902871249  
2.545670242  
2.924281113  
1.516136824  
0.3106992045  
-0.7655390594  
-0.539859309  
0.1615575377  
-0.5273036621  
-4.121056969  
-1.550827706  
0.9237708657  
-1.161491087  
1.516184737  
1.194854599  
1.94293292  
-0.6089689205  
-0.4837498166  
-0.2908982212  
0.892928391  
1.250782182  
-0.236478981  
-3.54591529  
-1.206639584  
-0.4329004123  
-2.475980536  
-1.12683809  
-0.4995777201  
1.426251552  
-0.6595413638  
-2.967913471  
-4.049580027  
-0.5843332509  
0.9125884375  
1.108599394  
0.9332495522  
-0.7436885833  
-2.49206177  
1.09742751  
1.501062994  
1.012974581  
0.7327513809  
-1.440251519  
-1.167428239  
-0.4046843404  
1.731209396  
0.2678068303  
-1.87889036  
-1.271060994  
1.887403916  
2.025614304  
-0.4584951232  
0.7850907798  
1.320716035  
1.87895453  
1.213111214  
0.5099800008  
-1.974784808  
-0.008781568292  
2.018450137  
-0.3748376298  
-0.8984105953  
-1.955631812  
0.2539208837  
1.909663459  
2.850668541  
1.577069347  
-0.4356753843  
-2.915784728  
0.1429725182  
1.202537744  
2.065236761  
0.2593614842  
-1.75417585  
-1.528029888  
0.8438337795  
2.145080601  
1.496126464  
-0.4835368475  
-2.586208167  
-0.06636548156  
0.8381019437  
2.365687287  
-0.08918341246  
-1.376443563  
-0.6789763304  
1.515034214  
2.225248766  
1.009739225  
-1.632324204  
-2.645506071  
0.9881469546  
1.34092171  
-0.02573994764  
-0.317213728  
-0.9348121817  
-1.744296678  
0.06006935818  
0.4533859469  
-0.1255455982  
-0.2367665328  
-1.239967728  
1.338837365  
0.835999224  
-1.139337354  
0.03622570809  
-1.448539966  
0.9337406878  
1.063739572  
0.1469227232  
-0.1226949903  
-1.914281949  
-2.100357669  
1.738588558  
1.519187177  
-0.02936269057  
-1.604158669  
-2.040721488  
0.2719748146  
-0.2521831374  
1.284667191  
-0.3521669739  
-1.415741485  
1.003675202  
1.916230164  
0.9939905274  
0.04694874398  
-1.534037129  
0.9971815194  
1.484343524  
1.927913478  
-0.1510526009  
0.144868165  
1.310370044  
1.9481042  
0.3662105474  
-1.067792672  
-2.066996632  
0.3903520036  
1.183061937  
-0.9156678433  
-2.190306676  
-0.4407039494  
-1.583082199  
-0.9788977301  
-1.400099671  
1.0220091  
0.3641941476  
1.117300462  
0.5528797278  
-0.1447536552  
0.09324090916  
1.327573046  
2.977468213  
0.07494391214  
-0.5092437013  
-1.93090535  
-1.093002387  
0.3288575446  
0.5956545825  
-1.219683663  
-2.336202036  
-1.232432412  
0.4419821018  
2.211188246  
-0.6174473115  
-2.070092088  
-2.679108279  
1.120477715  
2.417987738  
0.4592875072  
-1.692596211  
0.8573802798  
1.252790242  
0.2137149616  
-0.5744325865  
-1.525674351  
0.7246890571  
1.703111168  
1.189107877  
0.7451521479  
-1.253202823  
-4.684957876  
0.5651656903  
2.466264062  
0.1754841091  
-0.5806703769  
-0.05605119822  
-0.03219279433  
0.50325389  
0.09535068049  
1.721880267  
1.449264687  
0.5887046809  
-0.2438926416  
-1.291528926  
-1.163839756  
0.04443708591  
1.625592865  
0.2912180595  
0.1232371689  
-1.044916891  
0.8307363788  
0.008695020236  
1.369533768  
-1.19012014  
-1.442636514  
1.165395406  
0.7250132409  
-0.4448968757  
-1.771457253  
-1.480699798  
-0.1395610174  
0.7848388745  
0.2335781548  
-1.139901626  
-2.033592007  
0.5812438943  
1.501656102  
1.145543287  
0.6408035918  
-1.251534047  
1.76387648  
1.018480462  
0.4137119026  
-0.03096339053  
-0.04614902641  
-0.5884092907  
0.3891233078  
1.290211544  
-0.452880964  
-1.187399315  
-2.498245202  
0.3632512027  
-0.173030789  
0.2151790609  
-0.6175248968  
-1.259528441  
3.123969641  
2.208122119  
1.367093803  
-1.349524635  
-1.735008674  
-0.1807614807  
-0.8003032679  
-0.7396724442  
-1.650609331  
0.9270751953  
0.1534529523  
-1.735159629  
0.5564477646  
-0.5907266881  
-0.3512831484  
-0.4561678838  
-1.243264547  
2.990790986  
2.72841831  
1.586809195  
-0.685191168  
-0.3939378661  
0.9429844749  
0.8103728639  
-1.170970799  
-1.176740184  
