-2.54378878  
-1.37556803  
1.253425013  
2.728599578  
1.479020251  
-1.704042738  
-0.9377443551  
1.148416694  
2.049470718  
0.2029801184  
-2.563889957  
-1.557477895  
1.283487034  
2.650228087  
0.8425629933  
-0.7278057213  
0.3385754587  
1.645100458  
-0.2167571342  
-1.912045638  
-0.5459059955  
2.001933618  
1.736165812  
0.5268583324  
-3.10292963  
-2.807838137  
0.250089669  
0.78509073  
2.227825849  
0.2792027202  
-1.437213777  
0.9639620697  
1.416058522  
1.187243631  
-1.337011517  
-2.228276675  
-2.821847075  
-1.008908357  
1.606004937  
2.013433711  
-2.444269589  
-2.943424356  
-1.017524557  
1.456089029  
1.55240656  
1.383194229  
-2.277457513  
-1.160631713  
0.9233083888  
1.790150481  
2.915502903  
0.4122852836  
-3.705230154  
-2.072276956  
0.7043453085  
2.313251626  
1.866400203  
-1.303389597  
-1.533061794  
-0.4071903577  
2.441362542  
2.214614926  
0.6141593455  
-2.298929181  
-1.70893982  
0.1044238363  
2.748988802  
1.186135315  
-0.644321223  
-3.188571331  
0.3395482581  
2.225467114  
1.496974307  
-0.04737785683  
-3.313595691  
-0.6372260355  
1.081028127  
0.6507237432  
-3.326503938  
-2.312532022  
1.104770578  
2.574608747  
2.451295569  
-0.4071848331  
-1.604155413  
1.578988362  
2.010811605  
0.7454222204  
-1.644643501  
-2.538538584  
0.224612457  
1.579855276  
0.5728253732  
-2.290536691  
-3.200923318  
-0.3646403025  
1.033602301  
-0.09360580877  
-1.402326666  
-0.5748807906  
2.928887575  
3.97709188  
1.123818376  
0.006274221811  
0.2861289362  
2.740437249  
1.064582567  
-1.297777837  
-2.913895554  
-2.619738617  
-0.5272080067  
1.777314017  
1.126245637  
-1.041626246  
-2.882729948  
-0.5787769912  
1.422621315  
2.42937814  
0.06163500677  
-1.56028962  
-1.398120447  
0.891853895  
-1.199952395  
-3.806285006  
-0.5669409419  
1.708460036  
2.387307309  
-0.2886690172  
-1.924409949  
-0.2466252547  
0.9040428871  
0.7497564198  
-0.5320001031  
-0.4630341723  
1.415114595  
4.405418298  
3.167369321  
-0.2793917823  
-0.2705783405  
-0.02811082017  
1.685431511  
2.128908751  
-0.492424367  
-3.415643633  
-1.414126409  
0.9723706878  
1.363243298  
-0.852198105  
-3.237615402  
-1.387499711  
1.596488761  
2.960385078  
1.923591855  
-1.604365255  
-1.56822481  
0.7254679638  
1.65124032  
1.856445094  
0.4970556866  
-0.8660235132  
-0.429823248  
2.977884526  
1.956049675  
0.4155310793  
-2.545286855  
-1.715153495  
1.615836696  
0.06202387614  
-1.602771595  
-1.977711834  
0.4751203635  
2.380829022  
0.8823868293  
-1.642573172  
0.001441109456  
1.214740756  
-1.418030856  
-2.725906566  
0.8211308281  
2.120001909  
0.8791016256  
-0.3799765177  
-2.644881622  
-0.7211134674  
2.294194084  
1.999662637  
-0.9647367754  
-2.481560934  
-0.9951646596  
1.230425632  
-0.2254903691  
-2.67121702  
-0.9728791575  
1.204688313  
0.4854448665  
-0.4968824319  
0.1066637719  
0.2795496616  
-1.469914595  
-3.260086191  
-1.137610233  
1.662725686  
2.919257585  
1.041214703  
-2.935871148  
-1.071858391  
3.071186293  
2.259533319  
0.7011634062  
-0.1493810237  
1.182164221  
1.530789315  
-1.725384884  
-1.372369695  
0.003296403799  
3.734429412  
2.557331955  
1.188470801  
-2.746469121  
-1.900609343  
1.900745611  
1.242421588  
0.5977017165  
-2.168939604  
-2.130740399  
-0.4997181287  
2.380554466  
0.1655076218  
-1.968162119  
-2.120602228  
-0.00768441452  
1.417673273  
-1.514196372  
-2.563350661  
0.5722905269  
2.15547948  
2.197528793  
0.214888014  
-1.261080966  
0.3452675361  
0.4260676322  
-0.1065721722  
-3.837795896  
-1.976357209  
0.685711968  
1.976038743  
-0.2550055394  
-3.04803538  
-1.546171609  
-0.02160984617  
1.066437608  
1.110593081  
-2.702711617  
-1.244304511  
0.4960619636  
1.373386126  
0.361023994  
-0.7683417494  
0.8270564203  
1.595372284  
1.461347716  
0.1224623273  
-2.112675662  
-0.8594359249  
1.883435962  
1.456681145  
-1.491520386  
-3.20289513  
-1.804423375  
-0.2736420564  
1.458739543  
0.3171439375  
-1.773371227  
-1.918764283  
-0.2783856927  
1.425659036  
0.6313120182  
-1.645668916  
-3.059511621  
-0.7414091157  
0.718221146  
-0.7809072923  
-2.103495343  
-0.9700845982  
1.141784776  
2.60437206  
4.439166011  
3.283979321  
1.363375089  
1.488784563  
1.324887654  
1.844108311  
-0.5952838138  
-2.500407439  
-3.383594173  
1.3942595  
2.193502162  
1.015270462  
-2.650295042  
-0.7122221134  
1.016519289  
0.4023976271  
-0.5402201431  
-2.904378104  
-2.369277456  
-1.135927016  
0.999581182  
1.150743709  
-1.120171147  
-0.8668402433  
0.9529936904  
3.124648594  
2.524920397  
1.479531139  
-2.131848083  
-0.7128542301  
0.6027633644  
1.898686679  
1.18917413  
-1.469910243  
-2.132305806  
-0.4425632295  
0.9087158722  
0.4718818772  
-3.290159081  
-2.407138307  
-0.782362544  
2.638220556  
1.635848812  
-1.729200674  
-3.126945928  
-0.2056553319  
1.956742469  
0.8380495839  
-0.8582075832  
-0.3613270031  
1.251903365  
0.3508015055  
0.3484977248  
0.2207548532  
1.912793296  
-0.02597913755  
-1.393706741  
-1.30831184  
0.6374920512  
2.818194268  
2.656857691  
0.4387106546  
4.536815509  
0.8678749659  
-2.311238012  
-0.6299766373  
1.815336159  
1.592111996  
0.2934397872  
-1.682079725  
-2.109169937  
0.09761573118  
1.215936139  
2.061966835  
-0.504185617  
-3.366880689  
-3.535616021  
-0.351250554  
1.1814628  
1.339331676  
-0.846821841  
-3.027662771  
-1.96274433  
0.6297471722  
0.8527385652  
-0.2765175426  
-3.790590246  
-3.25913309  
-0.6439131379  
0.1217283038  
0.4369649057  
-1.21108635  
0.969668406  
2.602082093  
1.935704986  
-1.110186784  
-2.503430758  
-0.3165541926  
0.6107403597  
1.099777284  
0.1690504358  
-1.057259792  
0.0837197667  
1.874670562  
2.383533089  
2.007766977  
-0.6617192718  
-1.348833941  
0.3197813958  
2.169212777  
1.76853959  
-0.08921506009  
-2.572920265  
-3.652409408  
-0.7095533074  
1.094243222  
-0.1439416157  
-0.8232939333  
-1.766407778  
0.8590148307  
1.453076709  
1.313306721  
1.121912584  
-2.593463658  
-2.361442257  
0.1000150368  
2.661521517  
1.078367096  
-0.130093677  
-3.126381591  
-2.326994213  
-1.520353016  
1.827265269  
1.169257903  
-0.3400744078  
1.13252185  
2.701055344  
3.613446385  
2.84426958  
-0.1911332472  
-3.12951323  
0.372762199  
3.2300695  
2.249876085  
-0.02565077246  
-2.084266341  
-0.8958873408  
0.1076504076  
0.535480112  
-1.331099963  
-3.166873825  
-1.855616283  
1.304475798  
1.598690623  
0.4602031807  
-0.2501643381  
-0.4727501211  
1.105482901  
2.44279598  
1.490148031  
-1.091001804  
-2.427737063  
-2.186608995  
-0.02772618567  
0.987149645  
0.1153750923  
-2.289504109  
-0.1638814797  
2.072177997  
1.509200963  
1.045772945  
-1.547222383  
0.4840679444  
1.640744123  
0.7648719441  
-1.785071221  
-3.550463204  
-1.061292879  
1.035582876  
0.1820254942  
1.11815918  
-1.323501953  
-0.9021681217  
-0.5412998383  
-0.4054584639  
-1.386727417  
0.6138503062  
0.6942517481  
0.2256491114  
-1.475614907  
-1.243583142  
1.569732237  
1.811344976  
1.598525403  
-0.9130135083  
-0.8258936092  
0.7594506137  
2.254086753  
1.639624481  
-0.4543562312  
-1.472520404  
-0.6687376794  
-1.616351432  
-0.6212500468  
-0.4989658796  
-1.990970972  
-2.916674419  
-0.7643884541  
0.7348520751  
1.006496247  
0.5954356335  
-0.4974989302  
0.3289986091  
0.4891777471  
-0.3574313253  
-1.575229235  
-1.269878364  
0.2560779386  
1.95067372  
0.3472920638  
-0.5170118663  
-2.347300734  
-1.035529706  
0.008243080704  
0.3565565284  
0.8351220033  
-1.755508309  
0.6565505432  
1.486458927  
0.2955645061  
-1.122313404  
0.4007186408  
1.221436471  
1.189446312  
-2.58269827  
-1.8688734  
-1.124839624  
0.1703212257  
0.5867651397  
-0.05840635977  
-2.883897886  
-2.267726233  
-0.8057413794  
2.219396944  
2.515079049  
0.1656852507  
1.086141719  
1.305619086  
3.76785499  
3.73249471  
1.771156807  
-0.3708051178  
0.1645152921  
2.34341605  
2.137887387  
-0.3947006786  
-0.851162412  
0.08603901274  
2.201512332  
0.7960095938  
-2.550301772  
-1.122590384  
1.311279399  
2.435908579  
1.547112023  
-0.4441648368  
-2.368790263  
-0.6286028425  
0.2443548971  
1.138893385  
-0.6915754134  
-2.08991116  
-1.132979358  
0.94363268  
1.517975255  
-0.1679057742  
-2.835984388  
-1.306565685  
1.330791606  
1.811793616  
0.5745407114  
-2.504767337  
0.131145302  
0.9948090169  
-0.8241603958  
-3.158864169  
-2.110858111  
0.8794463382  
1.615094815  
-1.551055406  
0.3194226366  
2.435588102  
1.279143448  
-2.004188171  
-0.7118249299  
1.410395203  
1.180458544  
0.1989137304  
-1.150421743  
-1.505366417  
2.475671313  
2.746156822  
-0.6937320654  
-1.650542957  
