-1.812099251  
-1.51745166  
0.2347485575  
0.388851512  
-0.2277275606  
-0.4915240683  
-0.9392066961  
0.4081657044  
2.52471022  
2.491981516  
0.3053523965  
-0.2647626592  
1.818433417  
1.682604568  
1.007481127  
-2.114903061  
-0.5105718892  
0.9591141465  
-0.2241414463  
-1.258057796  
-1.654908377  
0.109085787  
0.6221634858  
0.3510411415  
-0.9400439776  
-0.6563457247  
-0.8288238548  
0.9903330857  
0.9806678596  
-0.7500500029  
-0.9336996381  
-1.343114103  
0.01064119765  
0.8243082274  
0.7942509358  
-0.8645227784  
-0.004163069923  
-1.261034519  
0.7065086723  
1.391868218  
0.3040591322  
-1.914903689  
-0.3397071319  
1.404943414  
1.021665446  
0.7288142202  
-1.353945193  
-1.422733013  
-1.849717545  
-0.5974059357  
1.251978347  
4.215283321  
-0.3847823287  
-1.346547106  
0.6464200969  
1.664589115  
2.077879841  
-0.366127494  
0.008269117594  
-1.125369611  
0.8010268169  
1.18621618  
1.843786153  
1.046298762  
-1.358292875  
-1.053458813  
0.2210669521  
0.8416858337  
-1.056763575  
-2.497738379  
-1.91850377  
0.1496658938  
0.4145727407  
-0.4762892729  
-1.739066964  
-0.5819339466  
0.3241352015  
1.707277551  
-0.4390653793  
-1.636697873  
-0.225649279  
1.749242809  
1.453682549  
-0.2553552253  
-1.253949712  
-1.199477507  
0.3907049335  
0.9016976739  
0.03117340379  
-0.864819207  
-0.9878967403  
0.1211857661  
1.048680852  
-0.6902164826  
-2.279086497  
-0.9834707959  
-0.03450036119  
1.120842624  
-0.2024089021  
0.1806421247  
2.187451583  
4.055789814  
0.08111929782  
-2.80505545  
-2.00920895  
0.2323849899  
0.4423752301  
2.063561017  
-1.056923755  
-2.662053323  
-1.223076437  
0.7374562707  
0.3497013986  
0.3330008714  
-0.09793187733  
-0.3596419209  
0.4978793162  
1.048102052  
1.513423685  
-0.631103483  
0.5153889588  
2.166256035  
1.194177039  
-0.9596521463  
-3.407608895  
-1.456825367  
1.355502363  
-0.615314791  
-1.860055344  
-1.29798146  
1.622138276  
2.257280892  
-0.607912113  
-1.122439709  
0.3418782038  
1.77496122  
2.79720001  
1.256757218  
-1.157303322  
-1.662964484  
1.2127542  
3.055305447  
1.265758158  
-1.640580814  
-2.963426949  
-0.2302663772  
1.080393772  
0.7630024901  
-1.02609674  
-2.112695979  
0.90885816  
2.106955847  
1.096189141  
-1.157337064  
-1.598559733  
-2.524454578  
0.1719156077  
0.8429056639  
0.6710817199  
-0.108291449  
-0.3758266604  
2.336333797  
1.695414121  
1.604079026  
0.3584717612  
-1.152378066  
0.2930123093  
1.262450552  
-0.07801022765  
-2.171365275  
-0.1307032155  
0.2659092695  
-0.7722651007  
-1.427093932  
-0.7723451879  
1.215517605  
0.3461803426  
-2.625759932  
-0.937025761  
1.065915814  
0.6069059034  
-0.7457129594  
-1.738756395  
-1.116180146  
1.042266021  
2.55863613  
-0.8931965902  
-0.7277296348  
0.1322010712  
1.043131908  
1.139174574  
-0.8315095309  
-0.9892522596  
0.6557922476  
0.5809989601  
-1.324756689  
0.2863958492  
1.696570345  
-0.20727729  
-0.9012844091  
-1.711016619  
0.5705028768  
3.587799963  
2.257670755  
0.4114679221  
0.7885393081  
1.794628786  
0.5568023809  
-0.937163414  
-2.306529849  
-0.3760490119  
1.351448984  
-2.239779741  
-2.920610928  
-2.601429322  
0.1265939555  
2.039067472  
2.258859586  
-1.486619146  
-2.070079112  
1.529393717  
3.392319423  
1.249476344  
-2.054854709  
-1.370091748  
-0.5565278987  
1.275261236  
1.634675383  
-1.33554396  
-1.652967713  
-0.2827396535  
2.939766501  
-0.4766121498  
-0.8442260135  
-0.1852503242  
1.474915731  
2.549743568  
0.6685768959  
-0.870397727  
-0.950532316  
-0.4270971133  
-0.17495084  
-2.818655181  
-4.384959797  
-1.363003987  
1.354588003  
0.03293977077  
-0.4430977816  
-0.703457168  
0.7297296041  
3.412428279  
2.533388015  
-0.8040026412  
-0.5628904461  
-0.05728982226  
0.2321307914  
-1.33600988  
-3.417768964  
-0.08216381627  
1.92918332  
2.118911101  
-0.2623478563  
-1.030158599  
-0.1022256597  
1.235828931  
2.635370092  
-0.5149812387  
-1.698828217  
-1.758638962  
0.2145572694  
2.395688444  
1.412652916  
-2.20208128  
-0.8455774556  
0.269282613  
0.3736452538  
0.7369770404  
-2.598748108  
-3.344618902  
-0.608509323  
-0.6553506312  
1.401961934  
-1.374865045  
-1.548538474  
-1.055656438  
1.305031531  
1.842938636  
2.78133252  
-0.1817254582  
0.3019757268  
1.899536464  
3.057354567  
-0.7086119555  
-0.2758119741  
-2.431136928  
-0.4275937645  
0.7901697437  
0.2900061153  
-0.5631433487  
-1.588418388  
0.1416394104  
1.064072799  
1.280132374  
-1.051449702  
0.1542065275  
0.1832445578  
1.255265883  
0.6139109055  
-0.03297927088  
0.007514007233  
-2.676614489  
-0.008582063424  
0.4580706801  
0.4617016717  
-1.267226829  
-0.663125346  
-0.4591923779  
1.091099137  
1.613597461  
0.5855279144  
-1.214205825  
1.127611055  
1.937932226  
2.020593937  
-1.258334894  
-0.8266710287  
-1.066550089  
0.2712449654  
1.57082748  
-1.213127377  
-2.710073001  
-1.981870847  
-0.1062377471  
1.109999364  
0.3309506963  
-3.815891779  
-0.8482221933  
0.5536342117  
-0.4649859247  
1.119734811  
2.468976957  
2.114029102  
-0.767105387  
-0.07344237128  
-0.7598921623  
1.399208277  
2.948811148  
1.424323956  
-2.206786378  
-1.623309628  
-0.5519706788  
-2.323648659  
-1.58854493  
0.1138864356  
-0.6447135579  
-2.92911093  
-3.18936832  
-2.431383768  
0.4507879797  
0.8456928142  
1.575049626  
0.09062050777  
-1.211635286  
-1.504836968  
0.8825926031  
1.729897528  
1.427453797  
-0.2541554193  
-1.942200164  
-0.01354410025  
0.8407737488  
1.313843368  
-0.420481378  
-0.549942237  
1.033426184  
1.094277092  
0.7115910965  
-1.70564494  
0.2715703437  
1.755087689  
2.958798089  
-0.4734674544  
-0.2279466681  
-0.7781154186  
0.3718904875  
1.412461044  
-0.5019123278  
-2.169683077  
-1.091139501  
1.54103307  
1.978441637  
2.732852858  
0.1333146039  
0.490498802  
-0.1898754537  
1.79383876  
2.26593791  
1.547915656  
-2.477891607  
-1.136433652  
-2.01643756  
-1.374516608  
-0.4633899219  
-0.9130019454  
-0.8939274657  
-2.242267589  
0.8449142845  
2.709691668  
2.737504889  
-0.9685661586  
-1.580460251  
-1.756725054  
-0.3928922931  
1.914184252  
0.08940982959  
-0.4885849846  
-1.371693191  
0.9640520005  
1.691235819  
0.618531356  
1.163542271  
0.8448653489  
1.153871534  
0.8051893697  
0.1958548196  
-0.8257359672  
-1.056665233  
-1.052903895  
0.9931358884  
1.310139711  
-2.726663278  
-0.5357309421  
-0.8951222249  
1.646849044  
1.307253199  
-0.9457475438  
-0.199924127  
-2.897993439  
-1.131084813  
1.892215446  
1.37836334  
0.03180286529  
-1.000250042  
0.7505945284  
0.9927465541  
1.013891486  
0.02254372349  
-1.052413316  
-1.617790868  
0.4587092621  
2.30667549  
0.2086154537  
-1.728921281  
-2.170067209  
0.2095290245  
1.338673143  
1.84501015  
1.932087019  
0.08790742839  
1.625748952  
0.9605984469  
-0.03292636878  
-2.625011218  
-0.1471678512  
0.9140003275  
1.341767246  
-0.5609713063  
-1.472367856  
-0.6170190375  
-2.275613507  
-2.62784074  
-3.258351311  
-1.032085208  
0.4288609209  
-0.3298293956  
-0.8776017307  
-2.096355509  
-0.1518049479  
1.562139275  
3.100067111  
1.5491544  
1.604229966  
-0.8015942496  
-0.6776662939  
0.5239236233  
-0.8889097789  
-1.791405168  
-1.634171088  
-0.9818266944  
0.8821383627  
1.623559224  
0.4716166198  
-0.2573393022  
0.5647256995  
0.8974344941  
3.50048781  
-0.3424623413  
-2.533208679  
0.1066421558  
0.3974583553  
-0.562106312  
-1.947282589  
-1.993228891  
-0.4501905022  
1.526302202  
1.067382811  
-0.4561771096  
0.1308866065  
-0.4406230587  
0.5966227394  
3.294315539  
-0.5460794106  
-3.299107723  
-0.533935289  
0.6804479818  
0.05567161872  
-1.582474023  
2.15761732  
2.671616391  
2.059809965  
-0.3504858322  
1.97503988  
0.1380649786  
0.116621239  
0.08563084614  
-2.049601649  
-1.197205331  
-1.203563104  
-1.034426904  
0.3079771026  
1.78428751  
-0.2247919177  
0.4508216927  
2.127111383  
1.068757164  
-0.1985341306  
-2.503814092  
-2.610197199  
-1.61576533  
0.2046630154  
-1.033799517  
-1.030941395  
-0.3395121715  
2.154884146  
2.531888169  
3.953407511  
0.4089421941  
0.6491820677  
1.276495649  
1.033870657  
-0.04177095257  
-1.574371021  
-0.6184426614  
-2.135749207  
-1.29603352  
1.327866867  
-1.916866332  
-1.669228193  
-1.741056796  
1.672822261  
2.20665015  
-0.1065516648  
-0.1233620484  
-0.9641358944  
2.130442922  
3.33655502  
1.670978176  
-1.486835119  
-0.7054358677  
-0.4029175922  
-1.978545018  
-3.386832692  
-1.520528974  
1.919363237  
1.135658109  
-2.151258581  
1.103101778  
3.037980846  
1.582724527  
-0.9489683236  
-0.3408275908  
2.48823246  
0.9930990386  
-0.6412999503  
-0.5089873492  
-0.4581867875  
-0.5249313484  
-0.3597730089  
-0.5063270942  
-0.7707555031  
