-2.590589322  
1.369090008  
1.051769376  
0.03721953092  
1.516199621  
-1.124935869  
0.3012097252  
-2.277865992  
-0.2672293369  
1.630878617  
-1.718907532  
0.004995903891  
-2.764736657  
-0.0642043391  
-0.2370559025  
2.329096004  
3.183748257  
-0.926863705  
-0.5214554144  
-1.145094809  
1.385966034  
2.77013414  
-0.301412794  
2.11795994  
-0.118166672  
1.828993857  
-0.5262114538  
-1.506014179  
-3.664773519  
0.2984322921  
3.326390358  
1.395384132  
0.3806340909  
-2.460390223  
-0.9310121069  
-1.95522988  
1.596472262  
-1.043136055  
-0.4527883851  
-3.438952596  
-0.9383002038  
-2.116359969  
0.8633902314  
-1.109176143  
1.171872104  
3.160870564  
0.4415995764  
2.676059772  
-0.1139703005  
0.4117825867  
-2.452284027  
-1.167480773  
-2.73916702  
2.034075266  
-0.5377589192  
-0.2922612919  
1.159119701  
0.377094657  
3.184214497  
0.3404986002  
1.120515827  
-1.501963656  
1.412148667  
-0.8656828512  
2.083450735  
-1.827177946  
0.6886955293  
2.220341135  
0.2790202693  
2.42984107  
-0.7086698259  
-0.6115958754  
1.263439364  
0.09353931682  
0.4657482873  
-2.45561585  
-0.9791818671  
1.441506596  
-1.615909276  
0.01627058077  
-2.416402211  
-0.8095510039  
-3.725624794  
-0.01393057096  
4.438664936  
-0.01882306024  
-0.7991907359  
0.8764481397  
0.4283261312  
0.803380306  
-3.348889458  
0.3555089158  
2.378973847  
-1.527632257  
-0.1027284271  
-2.822350924  
-0.9744567082  
1.115230509  
-2.07970411  
-0.1503774002  
1.822899336  
-1.051652733  
0.4922704716  
-0.9151751578  
1.193386882  
-1.532028679  
0.2026060819  
1.399287889  
0.4006347684  
3.35502293  
0.6224484754  
1.134543316  
-1.741902169  
0.722167061  
-0.1169721509  
2.041544289  
-2.694623588  
-0.8329266485  
2.732371252  
1.815235463  
2.360702741  
-1.358610507  
0.5697754446  
1.080801007  
1.659550936  
-0.212882718  
-2.849928281  
-0.2849298261  
3.033859351  
-1.05742334  
-1.518904164  
-3.781694292  
-1.628729862  
-0.815486086  
0.9844160884  
1.940244088  
-2.015968382  
0.3159295161  
-1.895638839  
1.239720962  
2.813744213  
-1.404459473  
0.4549801692  
-2.598351668  
0.9005736096  
2.233798747  
-1.471443841  
-0.6950912097  
-2.656637099  
0.8437595613  
-1.105441897  
-0.4393207579  
-3.118978249  
0.1397615292  
1.633273587  
0.6993408369  
-0.5964337616  
-4.026394306  
0.2389723717  
2.038196557  
0.8226936741  
1.380827238  
0.3011490895  
3.49088006  
1.179498099  
2.156293962  
-1.619168865  
-0.3389298888  
-0.9025266899  
1.357334204  
0.4773783515  
0.01341757617  
0.2356942308  
-1.175225999  
0.1497284193  
1.257895733  
-0.5710012919  
0.7395147371  
-2.172261816  
-0.8770689419  
0.1785515948  
0.8593291794  
3.091756587  
-0.7672519511  
-0.6501619977  
-3.378518529  
-0.6243750112  
-0.2635201593  
1.045082161  
1.755748114  
-1.428393613  
0.8566005185  
-2.362471745  
-0.8464035253  
-0.2259756244  
2.001122778  
1.075001834  
-2.031314689  
-0.7197852357  
-2.252076264  
1.582973393  
1.988339068  
-1.133172247  
0.465541259  
-1.865411734  
-0.01737026448  
-3.44063911  
-0.2967134809  
0.4282314989  
1.423815679  
-0.03402930341  
-3.474172161  
-0.02987106661  
-0.3370503316  
1.793879316  
2.802693282  
-0.6780650225  
1.327044062  
-0.3777713502  
1.128072633  
-2.351489387  
-0.08711520566  
-0.3956094652  
0.7767520784  
4.285302786  
0.8279909842  
0.1782107377  
-1.827015177  
1.530379339  
0.114836044  
-1.231788076  
-3.616943954  
-1.050814657  
-1.99224371  
1.214297654  
2.203867979  
-0.7862407516  
2.777767254  
2.862167348  
3.696950439  
-0.8167150721  
0.9545752463  
-0.9941645121  
0.5798475779  
0.4360082207  
-1.198760102  
0.8908475521  
-1.239831822  
1.061674972  
-1.671783381  
-1.834423125  
-2.452749173  
1.138420613  
-0.6625276421  
1.928865898  
2.572323007  
0.5656893288  
2.014064002  
-3.08290512  
-0.7390503937  
-0.7093102743  
1.384035573  
4.596988046  
-0.05870301725  
-0.5601313316  
-3.361283061  
-0.7500969166  
-1.255663268  
1.362198383  
-2.093524512  
-0.8465003925  
-3.032965783  
1.734142967  
4.990691397  
-0.6014419225  
-0.3446362045  
1.22931194  
1.641043969  
2.407576365  
-1.657452955  
-1.572813005  
-3.319654665  
-0.6921732295  
-2.26645485  
0.7878510849  
-2.448184929  
-1.971977358  
-2.826666208  
-0.2372730603  
-0.1437292124  
0.6996123546  
-0.6089711038  
2.377762778  
6.430373539  
0.5692125904  
2.150244657  
-0.9102399173  
0.9384357257  
-1.365062271  
1.172892335  
-3.01059363  
-2.712666072  
-2.922144726  
0.1882508481  
3.919557841  
-0.5925618642  
-1.251353901  
-3.490088945  
0.6710252272  
1.244545429  
1.668874592  
0.9717677965  
0.3849161372  
-0.2186077244  
1.203383028  
1.889312947  
1.746469618  
0.2065772534  
-1.147332072  
-1.129005071  
1.339717147  
0.4644927448  
-0.1355283859  
0.642984181  
0.8906584596  
4.273717363  
0.9217234481  
-1.075787085  
-3.279210046  
0.2924108206  
0.1263857733  
2.143529762  
-2.398770567  
0.2036595973  
1.892328487  
-1.312978765  
-1.862151787  
-1.311841394  
0.6353806078  
0.4767298264  
-2.935563928  
-0.1729034699  
0.2840928928  
2.811722757  
2.274725226  
-1.293387985  
-0.1564807922  
-0.8908095851  
4.082570275  
1.54465191  
0.1807619443  
1.066771618  
-2.993150758  
-0.5237721862  
-1.76743644  
-0.9704594553  
-1.458052236  
1.149173499  
2.122408429  
-1.677188222  
-1.202773435  
-2.567212946  
2.209349202  
1.964431795  
2.822978763  
-1.059478006  
0.3751127455  
-1.849646648  
1.183785465  
-1.351981155  
0.004474561671  
2.113927883  
-0.8761030107  
1.148968702  
-2.569654414  
-0.508965779  
-1.361650949  
1.842771566  
-0.1262727763  
-0.271294482  
0.8241505337  
0.4948785914  
3.748109568  
-0.3409911009  
-1.44705431  
-4.049784126  
-0.8686327241  
-1.067579732  
0.5016495995  
-2.313096058  
-0.5479907066  
-2.197193025  
-0.3232951236  
-0.9174410462  
2.045026841  
-1.438862832  
0.7418384537  
-0.813828755  
0.7370828973  
0.5776035516  
1.00147579  
0.6555048888  
-3.595525377  
-0.8086987088  
-1.250343337  
1.041455435  
2.474797966  
-0.9747294212  
1.151291584  
1.524682457  
4.828389449  
1.742433922  
2.165570556  
-0.8305825382  
-0.2779281423  
-2.879827644  
1.438650781  
1.997673914  
-1.929513814  
-0.2042789666  
-2.220607295  
0.713432236  
0.6098126215  
1.054072205  
2.336752706  
-0.7078098895  
0.8902980599  
-2.520205314  
-1.799642039  
-2.858858033  
0.3725185087  
1.275255526  
1.322833819  
2.53874368  
-0.7152862261  
1.099847248  
0.6737250457  
1.214580482  
-1.595668228  
-1.259413502  
-1.426375886  
1.316792703  
2.510653917  
-1.03759099  
-0.9913158903  
-2.929534032  
-0.6504000857  
-2.574559877  
2.060845565  
1.483465472  
-3.860956412  
0.2447496958  
3.31250953  
0.8679863727  
0.1841126097  
-2.653452811  
0.248594177  
0.3644379256  
2.35255307  
-0.9343348578  
-0.001967520343  
-0.5699814543  
1.220274114  
-2.141439047  
-1.150007843  
-1.777679368  
1.870679044  
3.963314666  
-1.912114912  
-1.458000199  
0.839288938  
0.8646141128  
-0.05108170026  
-2.644566635  
-0.7667635896  
-2.471106029  
0.3030919856  
-1.606614929  
-0.1655310669  
3.453881825  
2.592223133  
4.200689843  
1.813324073  
2.329741659  
-1.494545351  
-0.856838197  
-2.111310831  
0.1008537292  
-4.24183786  
-2.153785464  
0.6565217284  
-0.787583323  
0.5248502769  
-2.465247217  
-0.6202347873  
2.535794169  
1.701078405  
1.925515669  
-2.388364565  
0.1608845955  
1.553008589  
-1.592552672  
-0.1235080377  
-3.16575826  
-1.527335485  
0.1328426378  
0.6380078994  
3.777562285  
-0.3011559736  
-1.269111573  
-0.3773991283  
1.661455241  
3.09723625  
-1.39352847  
-1.816520591  
-1.713674532  
1.300948362  
1.786490277  
-0.340992823  
2.499983814  
2.269230086  
4.352573146  
1.899604157  
1.449096202  
-1.50348308  
-0.5560796635  
-1.452950329  
0.8918700572  
-2.890714331  
-2.144179035  
-1.002562918  
1.369536544  
4.149986734  
0.5348901639  
-0.9219567219  
-3.659398046  
0.6972654167  
1.237294451  
-2.120848987  
-1.40454668  
-0.5727102346  
-3.225359161  
1.085711095  
-1.207234953  
-1.42596734  
-1.427667512  
0.9433303716  
2.965217839  
2.355421789  
0.609554863  
-3.345533179  
0.7275821698  
3.456031999  
1.304606582  
-0.4750333337  
-4.268334351  
-1.241303452  
0.9695895379  
1.268817561  
-0.785298281  
-4.138374823  
-0.2768573058  
-1.00390871  
1.459471652  
-1.241271992  
-0.6825764639  
2.71954864  
3.068637411  
2.545544911  
-2.378465556  
-1.133075918  
-2.50497503  
0.3582750303  
1.326722752  
-0.1997699866  
0.8477383402  
0.8266264233  
-1.307365058  
-0.06795186938  
-0.8274743719  
2.10937716  
-0.2052031366  
0.2532764107  
1.925767672  
0.08967263381  
-1.208380361  
-3.824272871  
-0.4837345681  
1.203879901  
1.736912915  
