-2.008023517  
-3.029969427  
-1.489569846  
1.449802338  
1.883362299  
-0.09368902777  
-0.8733913142  
0.2687822263  
2.949068961  
3.265426969  
1.755951082  
-0.505213208  
-0.745462114  
1.722065227  
-0.6010642023  
-3.346296334  
-2.264058095  
0.394974666  
0.02049017182  
-2.617697503  
-3.024642258  
0.1060185423  
3.090329188  
2.802155225  
1.435238834  
-0.02416359802  
-1.901963956  
0.1397093425  
2.380709749  
1.156830233  
-1.011077768  
-1.564105377  
0.114736385  
1.178337504  
2.275552943  
0.9307802458  
-0.006780746142  
-1.308122426  
0.7378935941  
1.894522772  
0.1460164064  
-1.29754147  
-2.171530865  
-1.34942399  
0.0601754881  
0.2913756188  
-0.2475590698  
-1.730130379  
-1.540526574  
1.531675393  
3.093569631  
3.26150381  
0.2404197358  
-1.371305402  
-2.176165435  
0.02932155308  
1.185218882  
0.3083541788  
-1.887010954  
-3.115793086  
-0.6999563254  
0.3578481334  
0.7676743232  
-0.7349845542  
-1.79055357  
-1.014248755  
1.618557527  
3.087337417  
2.794615815  
0.204825557  
-0.6894080591  
0.6547110592  
2.40762054  
1.342817855  
-0.9472762062  
-1.979560901  
0.06534307545  
1.683455203  
-1.402323755  
-3.497643121  
-3.215149561  
-0.7549832019  
1.558265166  
1.842827367  
-0.06541970438  
-1.20396639  
2.221205078  
3.230019967  
1.11431501  
-2.997240349  
-2.276942949  
-0.4568594988  
1.109053032  
-0.4009965729  
-3.158907087  
-1.783199501  
1.761624259  
1.395520536  
-1.307150163  
-1.274702782  
1.40900819  
3.519873499  
3.13414734  
-0.8363623472  
-2.994484753  
-2.571677209  
-1.120407789  
-0.06832846596  
-1.091792103  
-2.695893973  
-2.150654722  
-0.265078591  
1.467234481  
1.396457612  
0.4364241916  
-0.2535108554  
-0.1348914839  
1.870911721  
3.804113616  
1.703939418  
1.138509954  
2.217399746  
1.211552057  
-2.598975409  
-3.397843873  
-2.05797217  
-0.2160987529  
0.3371695466  
-2.221204817  
-3.138947109  
-0.1890042053  
1.897596607  
2.207626935  
1.603406863  
1.235790523  
1.659907141  
2.141044359  
1.725407918  
-0.2867295086  
-1.71584738  
-1.908151094  
-0.1225225879  
-1.152587943  
-3.051208356  
-3.088896323  
-0.849524581  
1.6515262  
2.360044807  
0.6023307982  
-1.093326605  
-0.5863866366  
0.3271728839  
2.013191498  
0.8336201073  
-2.114862063  
-1.865303816  
-0.3168240653  
2.749084563  
2.975341106  
0.475354917  
-0.1954709897  
0.2838069346  
0.6253683523  
1.69802505  
0.2440167521  
-2.361442348  
-1.589689423  
2.377570562  
1.243114224  
-1.175153808  
-1.799685394  
-0.5426148968  
-0.04510563502  
-1.399078709  
-0.9326071639  
0.1723668606  
-0.1107951141  
-2.015679765  
-1.26236118  
0.8176587081  
2.133018648  
2.898483944  
1.539189949  
0.5582180606  
2.131251263  
2.931731684  
1.765863858  
-0.4907236999  
-1.615830162  
-1.464625171  
0.290463766  
-1.111210013  
-2.568569381  
-1.652129557  
-0.8626231844  
-2.516228104  
-2.132391665  
1.180604322  
1.514365899  
1.090664711  
0.3792435696  
1.064745942  
3.345121845  
2.99342854  
1.579093953  
-1.637032982  
-2.643922574  
-0.1852502596  
-1.835410139  
-2.983726001  
-0.8718010053  
1.337051743  
-0.1659028676  
-2.026526186  
-1.895485222  
-0.7283415526  
2.018948964  
3.109356061  
2.429230032  
1.419345603  
1.148185317  
2.087787215  
1.649187991  
1.149146035  
-1.758400227  
-3.415725756  
-2.293569966  
-0.8130178294  
-1.533873684  
-3.26098731  
-1.8138509  
0.6129736922  
0.7136268291  
0.5294908835  
-0.4103133908  
1.408579113  
3.297508752  
3.256853052  
1.145569714  
-1.501784343  
-1.270986934  
0.1491901951  
-1.17209157  
-2.473049199  
-1.941853994  
-0.09576220118  
0.6358279577  
0.02214992976  
-1.887758321  
-1.242672041  
1.812140354  
3.069031712  
2.063175373  
-0.3857105391  
-1.626962505  
-0.9120631337  
1.067743469  
-1.319199733  
-1.11845959  
-0.1357474316  
0.8676356184  
1.569115263  
0.8216240162  
-0.2869243457  
0.6952440628  
1.318780703  
1.248979043  
0.2130762565  
-0.5723964623  
-0.7971726014  
0.5629792758  
2.508149504  
2.069448335  
0.2021864747  
-1.095692072  
0.3395538573  
1.721316337  
-0.5316906457  
-3.121504979  
-3.042672139  
-1.02403059  
-0.6535487782  
-1.902056643  
-1.49707531  
-2.147728484  
-1.923148023  
0.688711119  
1.804634147  
1.398187013  
1.247782916  
2.00617281  
2.472980414  
1.876586726  
-0.7761167307  
-2.363792901  
1.937514744  
3.017387236  
1.586261586  
-0.1881347246  
-2.513665764  
-2.872230879  
-1.78880503  
-0.8806951953  
-1.603717341  
-2.490503089  
-2.011187853  
0.1217918463  
1.884756412  
1.380072094  
-0.3500769506  
0.31542946  
2.184667732  
3.263619921  
1.937051293  
-0.1058210739  
-1.786488139  
-1.444378402  
0.05220263567  
1.770969628  
0.02541143296  
-0.8013677155  
-0.8037387864  
1.541335388  
2.381064481  
0.2067385626  
-1.737242391  
-2.64317919  
-0.2504703223  
1.575692403  
1.290798964  
-0.1883180376  
-2.380751236  
-1.582311613  
1.200748392  
1.101978204  
-1.806991149  
-0.1833093319  
1.771786765  
0.5423835224  
-0.0872278723  
1.803066122  
1.753042564  
0.3046301775  
-0.6266162844  
-0.4067167024  
1.134794089  
2.792811093  
1.064364828  
-3.104201146  
-1.732616503  
-1.828395612  
-2.871041186  
-2.604976398  
-0.8963193036  
-1.155792265  
-1.245388272  
-1.45890653  
-1.54474374  
-0.4107353814  
1.434792396  
1.636605022  
1.374087917  
1.600509624  
0.3260118895  
0.4303330289  
1.280081562  
0.817135511  
-0.1364413197  
-0.544741995  
-1.155322591  
1.57180129  
1.402405769  
-0.2690143017  
-1.367445035  
-1.817257511  
0.55291111  
0.7974999617  
-0.7366115577  
-1.597786645  
-0.1321483139  
0.3672747688  
-0.2906791561  
-0.8185585988  
-0.1586382866  
0.4445734989  
1.550454859  
2.535796101  
1.129526318  
-1.082811019  
-0.09289946005  
1.306043445  
1.479112903  
0.6061809889  
-1.919153518  
-3.223952888  
-0.7876237048  
1.295906988  
1.264102818  
0.3405813308  
-1.01843192  
-1.500078682  
1.536126697  
2.571925881  
1.191463432  
-0.7074185192  
-0.6467848473  
0.4808256277  
1.684265671  
0.9816554668  
-0.2433954679  
-1.367944763  
-1.406417353  
-0.49000198  
0.7210153244  
1.049117441  
0.106681862  
-0.5173865418  
-0.4074428955  
1.289020525  
0.383855317  
0.003397840722  
-0.7384392856  
-1.836980275  
1.011765283  
0.5071054149  
0.1464992383  
-1.307336623  
-0.9388418267  
1.254708399  
1.398987164  
-0.07174666326  
-1.695153692  
-2.261725556  
-2.621195399  
0.4575693048  
1.114994898  
-0.6996750663  
-1.318237727  
-0.2948727425  
1.04155223  
1.589765642  
1.045689392  
-0.7037093732  
-0.8485034861  
0.997275296  
2.349958609  
1.919182549  
-0.05215552032  
-0.6579201746  
-0.111359639  
1.505297473  
0.2176768954  
-2.577083206  
-2.881754341  
-0.9586678318  
1.308220134  
2.392914815  
1.331951676  
0.8113143689  
2.802885924  
3.036987214  
1.434291939  
0.3290680149  
-1.222587454  
-0.6038224171  
-0.5837129648  
-0.8380023068  
-3.388963182  
-2.469877611  
-0.4409259807  
-2.10589375  
-2.741047256  
-1.41436199  
1.184434894  
1.413988758  
0.900366623  
-0.5677113006  
-0.2313457341  
1.791684459  
1.32882715  
0.4977849741  
-0.3473309175  
-1.368371218  
-1.093391905  
0.07797713504  
0.4319025065  
0.7210217207  
-1.406147235  
-1.298800979  
1.343337767  
1.213747237  
0.8895051501  
-0.3356004937  
-3.024440424  
-1.116799013  
-0.3245157882  
-0.1037230269  
-1.603377004  
-1.010880689  
0.8237224156  
0.5544019582  
1.125889615  
0.3630371609  
-0.2544050237  
1.63692806  
2.065108238  
1.760828418  
0.4262564054  
-2.562776902  
-1.42716543  
0.3245282787  
-0.08243793623  
-3.123345511  
-2.191712184  
1.570356436  
1.045481563  
0.4136160039  
1.095197619  
2.864504929  
2.497277658  
1.059112391  
-0.06986452326  
-0.6329850832  
0.3544188746  
1.406848492  
0.4265076858  
0.1889187212  
-0.5172467161  
-1.130508816  
0.1721124554  
0.6484792146  
0.3387009739  
-1.900967232  
-1.906137775  
-1.917320529  
-1.5640054  
-0.6880661772  
-1.893417219  
-2.161990602  
0.3247751033  
1.339988033  
1.195157716  
-0.3700296191  
-0.2886780543  
2.626916069  
2.487694563  
1.937055293  
1.316733578  
1.871250627  
2.165558474  
2.111032976  
-0.1267153716  
-3.923012357  
-3.985589282  
-1.423514946  
0.7559103076  
0.4682442916  
0.1318592467  
-0.8539167575  
-0.01855157293  
1.783503084  
1.856731816  
-0.10577713  
-1.301046337  
0.1265294092  
2.612436419  
1.248660041  
-0.4284501802  
-2.175082816  
-0.6832214511  
-2.037223356  
-3.209256587  
-1.753077413  
0.44315895  
0.9082854556  
0.3861339636  
1.285505072  
2.701654547  
1.950192489  
0.392058926  
-2.05431391  
-2.306114689  
-0.4363011459  
-0.420306513  
-1.643665277  
-1.280551619  
1.197272115  
2.571724888  
0.9543355301  
0.290904234  
