1.209175609  
-0.3678133692  
-0.6885940695  
1.213120678  
0.7474907546  
0.3296791546  
-1.213146914  
-2.27677376  
-0.1436412521  
0.6204771503  
0.248457056  
-0.7321156289  
-1.012072913  
0.6795258168  
-1.114603374  
-2.276695342  
0.04141525643  
0.419027729  
0.7997322957  
0.4857050792  
-0.7539537366  
-0.04782348838  
0.9268965412  
1.300758528  
1.841689777  
0.8875041827  
-1.930487706  
-0.3765196548  
1.294346701  
1.981635542  
1.228356015  
-0.4057537041  
0.583856829  
0.6890011858  
1.277503528  
1.457137786  
-1.282838368  
-2.931625711  
-0.06187506043  
1.61454699  
1.630766027  
-0.5287063128  
-2.078642523  
-2.841559174  
-0.2902543391  
1.011986123  
3.046524493  
1.29335489  
-1.310606703  
-1.122506981  
-0.6672824996  
0.8504418447  
0.7167700838  
-1.621956098  
-1.001937143  
-0.5836748969  
1.115663234  
1.367019648  
0.9349551831  
-1.665673149  
-1.238959325  
0.02299061927  
0.6155228835  
2.088874811  
0.3927743689  
-1.70428626  
-0.3255810149  
2.65274478  
1.73700375  
-0.3922116066  
-1.631639763  
-1.010039861  
1.016981239  
1.599213937  
0.8534579519  
-0.9948975535  
-0.3123661124  
2.390222695  
2.387954729  
0.3902400464  
-1.824259322  
-1.02133218  
0.6397660674  
0.8019241952  
1.319779498  
-1.477239191  
-0.7336004875  
2.001941651  
1.837551033  
-0.7070776547  
-3.186352606  
-2.112106082  
-0.1992224658  
0.5705051242  
-0.6148024303  
-2.105941022  
-0.5024663704  
1.118908482  
-0.8383518703  
-0.6802680364  
-0.3862744218  
0.8476984859  
0.4497246218  
-0.2088663625  
0.6126932337  
-1.19982076  
-1.016759691  
2.187288557  
1.595909103  
-0.2485047274  
-1.757451844  
-1.737271699  
-1.28146651  
1.044763207  
2.249984025  
0.4569691828  
-2.02358655  
-0.150035356  
1.79819926  
0.2733612896  
-0.2283439667  
-0.5475240759  
0.5936220957  
0.5993239913  
-0.9790759928  
-0.6373227615  
1.27368391  
0.5150645521  
0.005012628349  
-1.863903273  
-2.232434831  
1.548030343  
2.916840219  
2.554413678  
0.1738535823  
0.1357535787  
2.139595539  
0.7021787512  
-0.8022627024  
-0.9720158174  
-1.255363803  
0.07533287936  
-0.2237844176  
0.9929099521  
-0.2547866566  
-0.5674258014  
0.1494910421  
1.403436346  
1.135002477  
0.2413013101  
-1.318382128  
-2.38077501  
0.1182032771  
-0.4262307126  
-0.8397618607  
-0.9530154535  
-0.9504613111  
0.9518618125  
1.184007049  
1.395003452  
0.8906791274  
0.3709569023  
-0.4325743914  
0.3809761494  
0.3637763926  
-0.583282641  
-2.482862634  
1.256346248  
0.9108843536  
-0.3820014076  
-2.579911315  
-0.963604231  
0.7103681849  
-0.1667044574  
-0.4308231157  
2.038600837  
1.118383853  
-0.1859282211  
-2.361861516  
-2.832219908  
0.800251519  
2.513202682  
0.3666422095  
-1.852050831  
-2.419199423  
0.1787864231  
0.6251860859  
0.8149838815  
-0.1846533083  
-0.06800031829  
1.699074497  
-0.1679661835  
-1.188329112  
-0.4261448407  
0.1428202825  
-0.7910477033  
-0.2145759421  
0.1025469677  
0.3140337264  
1.962583283  
-0.9504174798  
-1.706084293  
-0.2117500748  
1.149856899  
0.6446594571  
-0.935472948  
-2.17136904  
0.8849123172  
-0.09934090451  
-1.566235639  
-0.7531984052  
0.7532012239  
0.7369566221  
0.04595374432  
-1.41210788  
-1.185535083  
1.404646457  
2.176767474  
1.649626021  
-0.6429427263  
-2.448721139  
-0.01266288763  
1.234624623  
1.894368573  
0.8396521378  
-1.444301071  
0.2829967806  
1.053637278  
-0.07103506779  
-1.54226143  
-0.5780662971  
0.9339398805  
1.401626703  
1.078701831  
-2.383118349  
-1.458734942  
0.1909346575  
1.444572076  
0.6167065567  
-1.260804889  
-0.1859025552  
1.283728605  
0.8122524094  
-0.81790836  
-1.740671324  
0.5789206983  
2.107280498  
1.850670616  
-1.635955092  
-2.716019333  
0.7787669677  
1.633356961  
1.350091677  
-1.492370442  
-1.34830457  
1.223108848  
1.386109547  
-1.414652194  
-3.153839379  
-0.9972562008  
1.910162082  
1.17437063  
-0.4920573384  
-2.642132467  
-0.06387423469  
-0.03740108033  
0.9022205341  
1.901573314  
-0.7987275443  
-2.512860981  
-1.620043883  
0.698398092  
-0.06739091036  
-1.650854537  
-2.978748892  
0.2688993904  
1.592188026  
1.827585823  
-1.618322477  
-2.541260258  
-0.7374397959  
1.157611073  
2.345205014  
3.834250198  
1.088365124  
-1.61712775  
0.02002881108  
2.502538319  
2.02924975  
-1.047952519  
-0.7385624995  
1.370006086  
0.4633274878  
-0.838275004  
-3.234227253  
-0.7226716065  
1.383889419  
0.2282138715  
1.073659275  
-1.14953125  
-2.541395158  
0.3604509321  
1.602435201  
1.847351251  
0.9232919046  
-1.687833795  
-0.4843307207  
0.6575397923  
-0.235461546  
-0.3057218794  
-1.583107496  
0.1904455205  
1.900532447  
0.5911264263  
0.7238439687  
-0.6545856343  
-2.95498343  
-1.256734769  
1.003035771  
0.2798441991  
-1.803296853  
-2.094227711  
0.0554344717  
1.685385966  
2.044150851  
1.72826908  
-0.7537222976  
0.461097102  
-0.3205080645  
0.5470851964  
1.233475478  
-0.1657606475  
-2.914683178  
0.214390683  
-0.08104954921  
-1.661130775  
-0.7423202498  
1.749467636  
0.6826807181  
0.7845038266  
0.2942255045  
1.706330683  
1.479156719  
0.6902716831  
-1.391994563  
-0.8271401264  
0.7346626305  
-0.5893390556  
-10.11442376  
-0.279448473  
2.893277736  
-1.942978595  
-2.647746824  
-0.6613221951  
2.095329729  
1.925042142  
1.420948508  
-0.6426512467  
-0.6458441362  
0.3330551424  
2.592755597  
2.114329376  
2.332388863  
-0.7287402624  
-1.045188802  
0.565243432  
0.4699762302  
1.177369935  
-0.2800368208  
-2.090101079  
-0.555511961  
1.489686533  
0.9333075454  
0.03495453751  
-2.906323365  
0.2811184939  
0.8160657419  
-1.514261527  
-1.363289747  
-0.7225673142  
0.6733810176  
1.954050407  
0.952216807  
-2.81630324  
-1.036303111  
0.1381361469  
-0.4811251823  
-0.6325966135  
-1.602322273  
-2.357080554  
-0.2860771207  
1.241740486  
1.921533097  
1.568336602  
-1.529990713  
-2.822953376  
-1.14462408  
0.2930382456  
1.240683365  
0.6097934592  
-1.965800483  
-1.406287684  
-0.6355789932  
-0.9915802867  
1.261869725  
-1.518679182  
-0.2203919393  
1.295763622  
1.94610656  
2.343271616  
0.9577178621  
-1.293009099  
-1.820647803  
-0.782935836  
0.7752808172  
1.670031841  
-1.257977347  
-0.7538228961  
3.796850102  
3.646217649  
2.518021812  
0.4510489473  
-0.3777761196  
0.3099279133  
2.318432414  
3.41500194  
0.5227805333  
-2.984399509  
-0.2927381919  
1.513595378  
0.6664544887  
1.55906755  
-0.1602947207  
-1.464124976  
0.8143697766  
0.7805412112  
-0.5123623269  
-1.601332442  
-3.752965654  
-0.6962243555  
1.565679157  
1.162981231  
-0.1177051911  
-3.491723907  
-1.848595535  
0.03448572535  
0.6971272011  
1.033727385  
-1.207079027  
-0.8111801486  
0.5624337844  
0.8841352721  
-0.2208451959  
-1.541453639  
-0.1762553446  
-0.03014767207  
0.09431624727  
1.342749317  
-1.331528132  
-0.4561138447  
2.661848882  
0.799549279  
-1.216734605  
-3.806024883  
-2.278515918  
0.6319319482  
1.066943114  
-0.120998157  
-2.414030175  
1.376789139  
1.329806894  
-1.517028379  
-0.5685466042  
0.3035912033  
1.405976863  
2.050812406  
-0.6124551944  
-1.637293851  
1.418427301  
2.185442645  
2.711442056  
0.2897382926  
-2.263283711  
-2.771657267  
-1.601702452  
1.409815569  
0.7520602544  
-1.702240761  
-3.07850965  
0.8911503034  
2.23227993  
1.728470612  
-0.2413262553  
-2.41893239  
0.4226995526  
1.51524966  
1.829963661  
-0.8188628453  
-3.400198629  
-0.4312068416  
1.15137269  
3.028121158  
-0.380608719  
-3.950542181  
-0.1440053759  
1.921586472  
2.703164124  
1.006302575  
-2.946624872  
-0.6623700456  
1.67478592  
2.041958751  
-1.778482379  
-4.158328335  
2.216374971  
1.462663052  
-1.048988343  
-1.5172531  
0.8563197673  
1.349877605  
1.723137626  
0.4677161192  
-2.529892339  
-1.520175047  
-0.4594888398  
0.321614394  
0.5134246409  
-2.110138836  
-3.621873772  
1.766109104  
3.387532975  
3.479729852  
2.349935321  
0.02247125363  
0.07288998154  
0.8546850043  
2.334744366  
1.416432371  
-2.902942058  
1.633492992  
2.79654392  
2.388206391  
-1.496679961  
-2.072424951  
0.4753578194  
1.883156738  
1.760997497  
-1.587054903  
-2.316427377  
-0.7233111721  
0.1739498427  
1.751845848  
0.04420178432  
-2.268551995  
0.0490126006  
0.05715744863  
1.000580415  
-0.111225898  
-3.361014012  
-0.04580361969  
1.055167765  
1.579766247  
1.544309437  
-1.943326661  
-2.745921476  
-0.3813689934  
0.7686919096  
-0.1928378747  
-1.356116723  
0.174304573  
0.7969571778  
-0.8518564806  
-2.904397556  
0.1523198567  
1.35118801  
-0.9992859569  
-1.042897885  
2.024759713  
3.410184332  
1.958799682  
-0.9354938978  
-3.219105692  
1.046005423  
-0.2605349303  
-2.016795179  
-0.8204638688  
1.313914224  
2.271894651  
0.6589100731  
-0.3455504103  
