-0.9072530007  
-0.7634761414  
-1.51434853  
-0.7135607944  
-0.9158099972  
0.7914552756  
0.5929576025  
0.3414914989  
0.9005494631  
1.747839432  
1.06617731  
0.1129034442  
1.445079254  
2.190075348  
1.360513373  
-0.7780080035  
-0.2478434737  
0.7736028967  
-0.192978298  
-0.5709590723  
-0.8168977147  
-0.5888363974  
-0.7646542965  
-0.4935413831  
-0.9276529298  
-1.09284396  
-0.9272950546  
-0.4516462962  
-0.6388843107  
-0.02107902578  
-0.2170946787  
-1.166823661  
-0.1134238518  
0.7364018077  
1.507284575  
-0.07706988673  
1.326653001  
-0.3890457549  
-0.7166997973  
0.5737102575  
1.342071858  
-0.01615616058  
0.03320164922  
-0.7273882543  
0.655099905  
0.660268054  
-0.5263399063  
-0.7348816846  
-1.224478198  
-0.09790412645  
0.733720951  
2.278123373  
-0.48925218  
-1.198725034  
-1.455269185  
-0.3054514971  
0.4229331757  
-0.09337579557  
-0.2846433292  
-0.8044345292  
0.3963830978  
0.02510445171  
0.580305724  
0.987628392  
-0.02112864613  
0.08511558742  
-0.4654427606  
-0.1447206511  
-0.4134906424  
-0.6176504294  
-0.8025061524  
-0.6940637749  
0.009765246623  
0.3049239885  
-0.002182292628  
-0.4582563552  
0.3177745463  
0.009914328121  
0.02525127563  
-0.1620453365  
1.215914104  
2.210617535  
0.4297174739  
0.320124537  
0.01506901028  
-0.9219485468  
-0.5349149496  
0.3979090223  
0.9264250216  
0.1422414184  
-0.8751855185  
-0.4430859  
0.3812054906  
0.1484827471  
-0.7368446183  
-1.184852136  
-0.5235523402  
2.07218171  
0.2833552727  
-0.8064210106  
-0.3481144432  
1.882206964  
0.4700754631  
-0.3218088551  
-1.045191311  
-0.9235347125  
-0.08933659607  
1.408989608  
0.5199347679  
-1.093481952  
-1.028511519  
-0.4766221141  
-0.2071602567  
0.1240981808  
-0.6955739901  
-0.2754955061  
-0.829730485  
0.3758849856  
1.872632742  
-0.1051089389  
-1.02684727  
-0.6981525139  
1.845992405  
0.2379305278  
-1.115032551  
-0.9645587889  
-0.1103940587  
0.2099739169  
-0.0953139863  
-0.4044205148  
1.122948549  
1.443197814  
0.6156299727  
-1.034964608  
-1.13626229  
-1.439436372  
1.211420165  
3.674480479  
0.5023832653  
-0.6510794794  
-0.4639767468  
0.02386105544  
2.196094064  
0.8663378364  
-1.628372407  
-1.105659709  
-0.1089269662  
1.287447997  
-0.08863110154  
-0.7523757879  
-0.3322788308  
-0.1436441846  
1.243460362  
0.3724239455  
-1.793871122  
-1.632574305  
0.07683186575  
2.063879681  
3.143127587  
1.052394373  
-0.402130353  
-0.4416085681  
-1.254749021  
1.568728975  
-0.5002162811  
-1.766706792  
-1.358644671  
1.044567301  
0.2779210629  
-0.6929221144  
-0.9439859904  
-0.3358726665  
1.396191116  
-0.1192251704  
-1.69005852  
1.348363008  
0.09535677587  
-0.6440087447  
-0.149251983  
-0.8243546081  
0.1967456608  
2.057577261  
0.09507056271  
-0.9627778585  
-0.4458262181  
-0.2021889088  
0.9161053605  
0.0457042287  
-1.034465013  
-0.8637776243  
1.416911745  
0.287980182  
-1.702988792  
0.02228402519  
2.060949984  
0.06127523163  
-1.136853809  
1.322028536  
1.486373597  
-0.3940321178  
-0.3129283677  
-1.183505982  
0.09769253637  
0.5302928959  
-0.1411781745  
-0.7597821868  
-1.116816289  
1.816570531  
-0.09497649623  
-1.049368576  
-0.6623913182  
1.575097673  
1.952488421  
0.6211656103  
-0.6936638146  
-0.7283459995  
-0.7318254036  
0.3017379386  
-0.4930783684  
-1.424596325  
-0.1275189136  
1.143534716  
1.992920085  
-0.1317215125  
-0.6098039318  
-1.092548779  
-0.7503218892  
1.288788178  
1.864681366  
0.1306063107  
-1.209847579  
0.3594150208  
2.211770216  
-0.2949444264  
-1.043392686  
-1.742777975  
-2.006425822  
0.8092903986  
0.7157648862  
-0.797105381  
-0.4876007946  
0.6408715551  
0.8047134492  
-0.03023768467  
-0.2194292162  
-0.2237984504  
1.193692553  
-0.08577849535  
-0.4860684305  
-0.4700546786  
-0.1997145241  
1.157125775  
0.1830753342  
-0.8038408928  
-1.079101215  
-0.7750373107  
1.633000763  
-0.09818109495  
-1.156347987  
0.2152270596  
0.8935182162  
1.364044195  
-0.3309433298  
-1.643826728  
-1.198695346  
0.8271774244  
1.030014676  
-0.08856101828  
-0.4133030093  
-1.295001416  
-0.8170327618  
1.576614923  
0.7383261853  
-1.023588131  
-2.219966107  
-0.4717631885  
0.863138128  
1.361414463  
-0.04164573996  
-2.309353813  
-1.824114635  
-0.4438462084  
0.1702064473  
1.156285943  
0.1278734978  
-0.07565586547  
1.037078749  
0.7471475264  
1.066698812  
-1.268230606  
0.1643854858  
0.831617243  
0.644840606  
1.059786934  
-0.7339961745  
-0.9873622306  
-0.01375169405  
-0.1520750829  
0.4552010608  
0.9992873598  
-1.530738383  
-0.07726305368  
0.69423182  
1.179042683  
0.5098840675  
-1.44053884  
-0.3838406156  
0.9545520094  
0.5670492383  
0.07364980039  
-1.160726055  
-0.5053455691  
0.7914399862  
0.7255813084  
-0.393871511  
-0.07513942981  
-1.680041813  
-0.624960206  
0.7660332529  
0.4266498971  
0.7792377578  
-1.052151298  
-0.2544498592  
1.199915588  
0.4096504728  
-0.1012557028  
0.5908700355  
-1.207322443  
0.9957951292  
1.639485037  
-0.6068911927  
0.7392374066  
-1.346972972  
0.1960089753  
0.3740699682  
-0.7734098022  
-0.6115937446  
0.00896042272  
1.161881142  
-0.9875156883  
0.2399852944  
0.5954601905  
0.6534846939  
0.8428883494  
-0.853465685  
-1.80327403  
0.06307316018  
1.206207195  
-0.5321623932  
0.4806604692  
0.2142010563  
-0.655400787  
-1.840535419  
-0.3654981186  
0.7586785607  
0.1660088439  
-0.5157560388  
1.006729275  
-1.253406802  
-0.95504574  
0.8691366231  
-0.05852506823  
-0.5559881193  
0.5793042134  
-1.565959561  
-0.13793824  
0.1914929656  
-0.03792938868  
0.9829269778  
-1.461219467  
-1.617385602  
1.156729052  
0.6940603832  
0.4664907516  
-1.263439518  
0.2254973333  
0.661747847  
0.08518833273  
-1.647892638  
0.2408710468  
1.199946913  
0.6486505558  
0.4628996134  
-1.607733138  
0.1767940149  
0.8694836174  
0.542080763  
-0.5725182007  
-0.224370584  
-1.678223014  
0.04732854635  
1.142857308  
1.114765028  
0.2905407322  
0.7933520739  
0.3597609371  
0.2084703061  
0.8351010084  
0.571268291  
-0.1869570809  
-1.17512147  
-1.744210566  
0.04269757733  
0.3775104281  
0.01884313573  
0.5220025148  
0.5356997043  
1.095868309  
0.9571523643  
0.39418817  
-0.1454406792  
-1.968725868  
-2.672354197  
0.4599575774  
1.02728184  
0.4663615827  
0.5430017612  
-0.3681405563  
0.1909275598  
0.4075776646  
0.6004397957  
0.7781177365  
0.3186319368  
1.116154276  
1.565160075  
0.5592774893  
0.002099943678  
-0.621832484  
0.6618578929  
0.8883219865  
-0.1241238452  
1.074488806  
1.057342715  
-0.9260642827  
0.09595145738  
-0.4033213933  
0.05193595263  
-4.341238726  
-3.355787149  
0.05559103578  
0.4328787519  
0.8461497008  
0.4006877214  
-0.006129702678  
0.08629761645  
1.571482012  
1.2808091  
0.1025716534  
-0.2131407606  
-0.8360009477  
0.2865459987  
1.723570661  
0.8472798085  
-2.198929603  
-1.305758766  
-0.4226227549  
1.049586662  
0.5072830141  
-0.6602594163  
0.6021344674  
-0.7506353393  
-0.5798694043  
-0.7595354261  
-1.639574153  
-1.297963033  
1.080325395  
0.4316614845  
-1.588136297  
-1.377502552  
1.296080321  
-1.259547312  
-0.8407677118  
0.5166749908  
-0.533502106  
0.2713229488  
1.091780647  
0.7609030966  
-1.27275522  
0.1965456535  
1.451549028  
0.5838243876  
0.3755678114  
-2.139754472  
0.5110031783  
1.133130309  
0.6337533919  
0.824543205  
0.5504734415  
-0.3268369828  
0.634229387  
1.394510284  
1.839707581  
1.539815156  
-1.343880261  
-1.613589079  
1.344608606  
0.2165775258  
-1.268546522  
0.4530373562  
-0.03876601589  
0.890588416  
-1.518892674  
-0.6283422105  
0.2878207152  
-0.8006432136  
-0.3424030128  
-0.4281922192  
-1.201039607  
-1.027680708  
-0.6263583787  
1.370262225  
0.6337669483  
-1.847419987  
-1.294244848  
0.2740995432  
0.7131525027  
-0.8975061411  
0.9093220739  
1.490161755  
1.603955324  
0.1868088726  
0.4918778018  
0.4581012387  
0.3236553865  
-0.1356535303  
0.2448635017  
1.014881574  
0.1671789559  
-0.765701066  
0.05333701889  
-0.8292980815  
-1.443462311  
-0.9617120688  
0.2828274812  
-0.9758077275  
-0.9399773085  
0.1894111882  
-0.7550022909  
-0.7863334515  
0.3977627327  
-0.9874971423  
-0.5589619488  
0.7974287164  
0.7367388253  
-0.5083240114  
1.455804105  
0.4136891735  
-0.7047340292  
0.8327786999  
1.321595605  
1.18564297  
-0.6909203531  
0.4386994274  
0.3750249125  
0.8414719327  
0.906249573  
0.06977308504  
-1.142552864  
-0.384037332  
0.9137845708  
-0.08811319431  
-0.4615044819  
-1.923504076  
-1.361593277  
0.5689443649  
1.424341006  
-0.1615512439  
-0.6546009257  
0.2109805794  
-1.26068058  
0.06481331809  
-0.5623068971  
0.7209066607  
0.9982322458  
1.25483638  
-0.5596226397  
-0.789990403  
0.08412317245  
0.8520876652  
-0.580448656  
-1.773958159  
1.264884368  
1.678906459  
0.540411096  
-0.8650158385  
0.5596614858  
-0.5647549693  
-0.07400353959  
0.1575550297  
-0.9258267887  
