-0.6535102569  
-2.234866311  
0.7485195416  
0.9674490267  
-0.5216849739  
-0.888869971  
-1.347379897  
0.2918824375  
1.459882746  
0.5776835558  
-0.2895307518  
-0.3767567118  
0.2518543959  
1.42444348  
2.082556095  
-0.1570712407  
-1.076505275  
-0.7589468545  
0.5139286332  
-0.1601416082  
-0.5376428848  
0.4877900445  
0.6223828598  
1.422035454  
0.109864906  
-1.424067749  
-1.216667818  
1.03606079  
0.7068609041  
1.113118111  
-0.2597026983  
-0.864009317  
0.8366423869  
1.052297748  
0.5412014684  
1.157455671  
-2.177495531  
-1.906739283  
1.550850157  
0.6632666886  
0.1052733667  
-0.09678900268  
-0.3098200634  
0.169451387  
1.612826101  
1.705410836  
0.2504169855  
-2.281128956  
-1.347729863  
-0.1536802504  
0.3484131919  
0.4350668506  
0.2994191116  
-1.223277566  
-2.805474158  
0.377160291  
0.05856045421  
0.3474010794  
0.2572575046  
-1.938453339  
0.6304970678  
0.9021295411  
0.8235645584  
0.4453431117  
-0.2959691926  
-1.125231518  
0.9802996859  
-0.7619761942  
0.1638288169  
0.1524696375  
-0.02323742173  
0.6371955133  
0.5284912329  
0.706870473  
-0.7623835701  
-0.458625474  
0.6675045932  
0.4259512613  
-0.3469439925  
-1.451713549  
-1.083650953  
0.9044870223  
0.3534148044  
0.9867831169  
0.2791579971  
-1.924415443  
-0.2533426489  
-0.1793684107  
0.3328291281  
-1.548404613  
-0.7837376068  
1.146545915  
0.007889700879  
-0.1638156356  
-0.9831162732  
-0.4799499193  
0.7735876757  
0.1155513062  
0.002270329343  
-0.2203024842  
1.663927466  
1.317602224  
1.836856314  
0.2320632629  
-2.423890063  
-0.9270472379  
0.23135141  
-1.280115531  
-0.7469003827  
-0.7436567689  
-1.722542358  
0.754691209  
-0.1548588696  
0.8515954284  
0.4690175524  
-1.302338605  
-0.3824815977  
1.375067987  
0.9870038747  
0.5925345624  
-0.2183878628  
0.8134236829  
0.9921457328  
-0.8889714345  
-1.822835163  
-0.6946873035  
0.0103110531  
1.106869864  
-1.834962272  
-2.557353645  
0.9741971812  
0.06072583137  
-0.03606295128  
0.8513196165  
1.594069908  
3.294284085  
1.148271922  
-0.1662246309  
-0.7872963249  
-0.355542645  
1.865591398  
-0.1457782716  
-0.4930427561  
-0.02404302375  
-0.3722181139  
-0.5303233493  
-0.1160597239  
0.4925702912  
0.5091223861  
-0.7000545115  
0.4094489652  
2.448708123  
0.1852914896  
-0.2740756498  
-0.6381204557  
-2.107794988  
-0.4058863584  
0.9443833822  
1.423881044  
-0.09199809146  
-0.8236331734  
1.483350608  
-0.1252770268  
0.2109769853  
-0.4147273677  
-1.352825629  
-0.2770212351  
0.04736340799  
0.1213112948  
-0.142374367  
0.319946319  
-0.3092021721  
0.308114942  
-0.4997016498  
-0.8311290642  
-0.6647780333  
0.1604512672  
-2.011810444  
-0.979914064  
1.388421251  
-0.08404068799  
0.6328871624  
-0.3505814878  
0.08521194738  
1.722137026  
0.3901239979  
0.909585121  
-0.8245600446  
-0.8112223131  
0.7494982994  
0.04555121697  
-0.7314717569  
-0.3078786294  
2.351484121  
0.9888236098  
-1.84230113  
-1.103849062  
-0.4734510128  
0.321129936  
0.09337809506  
-0.2283410505  
0.9624851521  
0.3616030533  
0.8792901698  
-0.3348051954  
-1.203415277  
0.5537633826  
-0.6247522159  
0.3990598581  
-0.3194713809  
0.8793177703  
-0.983395682  
0.06898192599  
0.003569096945  
-0.7453273092  
0.6200069371  
-0.5200971844  
-0.3120675601  
0.9235483712  
-0.01699095432  
0.6642102363  
0.6624479403  
-0.5703890575  
1.138077546  
-0.5978281666  
-1.272825129  
0.8409449092  
-0.2428523113  
-0.9503905903  
-1.32455112  
-0.05157817726  
0.4611674647  
0.2069806918  
0.5468122144  
-0.2761894183  
1.388927429  
1.653831365  
-0.3865223262  
0.6740814027  
0.5238493916  
0.4690710674  
0.4763359505  
-1.08287073  
-2.337803877  
-0.8177740442  
-0.07983660095  
-0.1179674425  
-0.3683928965  
-0.3329805311  
0.5831121498  
1.569681607  
0.9069330221  
0.5685199162  
-0.4635966739  
-0.2487508001  
0.1000478877  
0.6003333451  
-2.601308093  
0.5630594395  
0.7463010183  
-1.24019543  
1.172387382  
-0.7511845662  
-0.4206232021  
0.4030670143  
-0.5383538576  
-0.6568539766  
0.4563176951  
0.6988511511  
0.887974999  
1.309819094  
0.06549691677  
-0.009590055934  
-1.659041344  
-1.272775474  
0.5167555731  
-0.08679236061  
-0.6619271208  
-2.739139355  
-1.339347106  
0.6592704156  
0.1403981132  
-1.855304629  
0.4562826328  
1.387526204  
0.8683401205  
1.388207901  
0.276586947  
1.240506304  
0.04481905247  
0.220132827  
0.9018542422  
1.582125788  
-0.8039068866  
-1.78095701  
1.092520119  
-0.06594450314  
-0.1514986288  
-1.045184916  
-0.2463039742  
-0.3960168787  
-0.138483492  
0.6152514064  
-0.1874960382  
-0.2076139455  
-0.4067307084  
0.1073943738  
0.007819642958  
0.7934171533  
-1.36288454  
0.5937577646  
0.869405838  
0.4697171803  
-0.2777162447  
-0.07833627616  
-1.335481354  
-0.8886342423  
1.263980152  
1.436603373  
0.04503572341  
0.02724572162  
0.04509205327  
0.7622005249  
0.2715326719  
0.9723446775  
0.08921957817  
-0.4472253825  
1.287040462  
-0.0899471587  
-0.5428260199  
-0.8684779487  
-1.764673003  
0.05945248639  
0.03829625735  
-0.5089450398  
-2.031707503  
-0.858794999  
1.225717445  
0.6667490949  
0.7988025443  
-0.125336347  
-0.9778341102  
0.8393642969  
-1.248384773  
-0.9369003409  
1.530986878  
2.694113184  
0.8802273855  
0.4543508128  
-1.189589962  
-1.536584752  
-1.401299577  
1.036980532  
-0.9640226002  
-0.3534670988  
0.08103056742  
0.8637087142  
0.04498384317  
-0.2420797649  
-0.08971883016  
-0.06321883418  
-0.423890038  
1.328912212  
-0.7566230012  
-0.1334091479  
-0.5623314329  
0.2307135238  
0.3602841929  
-0.4616511502  
-0.5329113559  
0.9292031229  
-0.5353706548  
0.6060303438  
-0.9658219591  
-0.3099859152  
0.7307417569  
0.3200328095  
-0.1743998093  
-0.03906797054  
1.070688019  
0.5027809936  
-0.5591773903  
-2.555083844  
-1.431866305  
-0.04916344311  
-0.4943642248  
-0.2294810834  
-0.1441697591  
-0.5054165411  
1.201943074  
-0.06410588235  
0.895185577  
0.650717581  
0.7235100673  
0.1498420997  
0.1704740722  
0.8211171816  
0.4608644132  
-1.014656455  
-0.4910852768  
-1.676343325  
0.2679052749  
0.5296564123  
1.096645177  
1.452862694  
-1.177160502  
-0.5334210031  
0.5396712195  
0.5374283738  
1.1483349  
-0.4059501099  
-1.07735044  
0.2207627363  
-0.06635427694  
0.5814385317  
0.2009568562  
-0.1940768902  
-0.4058024198  
-0.8782265498  
-0.3353686325  
-0.6894095634  
-0.1596925512  
0.913717435  
1.67898113  
0.9718330148  
2.178838251  
0.2606020246  
0.6102930078  
1.41870884  
0.3595101142  
-0.5094011918  
-1.232188852  
-0.5382154233  
0.1954749576  
-0.1602797465  
-0.1079877291  
-1.068332419  
-1.520054913  
-0.2514834171  
0.1406045133  
0.0003604230152  
0.7101791335  
-0.6548293907  
-0.1755421259  
0.3115831196  
0.6844532955  
0.1522236351  
-1.110498428  
-1.657358445  
-0.08536010711  
-0.04990434922  
1.23032378  
-0.20323385  
-0.6820025092  
-0.3604079617  
-0.2786187519  
1.738613787  
0.616936361  
-0.001406125165  
0.5912609701  
-0.218717318  
0.5842686393  
-0.3121583975  
-0.5291603401  
0.3474919767  
-0.8705416489  
0.3794519109  
-1.633935505  
-1.742920944  
-1.424240707  
0.01961478805  
0.1308192388  
-0.02141608015  
0.4488780834  
0.2809034622  
0.8985246139  
-0.3157566999  
0.8532680251  
1.061516568  
0.5136273686  
0.3982125048  
-0.939283211  
-1.790579636  
0.2017559676  
0.38501068  
-0.9246947541  
-0.2685249554  
-0.6950888807  
0.8055175177  
0.8163635814  
-0.002303221417  
-0.4576064578  
-0.05424754647  
-0.1883344992  
-0.5697648372  
-0.6037265703  
2.359507984  
-0.9547022321  
-0.8676801076  
0.1651969873  
-1.45861014  
-1.051399676  
0.03974229318  
1.267275387  
1.20367251  
1.125188301  
2.136163096  
0.7038636543  
-1.771201769  
-1.485564856  
-1.171763862  
-0.09343120664  
-1.343537651  
-1.32662637  
0.6840577785  
1.399779103  
0.8169960315  
1.657424805  
1.002170422  
0.0911128596  
1.714535302  
-0.1503013416  
-1.941101871  
-0.02472619624  
0.3331593978  
-0.8393029008  
-0.6399891594  
-0.678701363  
-0.7212059781  
-0.5784700243  
0.505056903  
1.35842864  
0.193123429  
-0.4714741067  
0.2172163691  
0.0212398548  
1.920277386  
-0.2393603183  
-0.4690575448  
-0.3626100057  
0.1435277898  
1.073244387  
0.1871254427  
0.2142427616  
1.485542891  
0.8225705241  
0.7568567632  
-0.3049840665  
-0.0725860611  
-0.1120086001  
-0.4852240291  
-0.5228626753  
-0.5544061389  
-0.9063592512  
-0.4229368644  
-0.3227626854  
0.9381360953  
1.251614343  
-1.165408372  
-0.6789153402  
-0.7140815551  
1.709716018  
1.37644032  
-0.9848853834  
0.1256218745  
1.308041025  
0.2905543672  
0.1303658441  
-1.47021046  
-0.5052419583  
-0.3355264991  
-0.3468525758  
-1.146487166  
-0.352954179  
0.461449599  
0.4507211529  
0.857900832  
0.9814666758  
0.8825030394  
0.3797069968  
-0.6426817018  
-0.6052225397  
-1.787192544  
-0.6049479551  
0.3076316165  
-0.647714908  
-0.3404079443  
0.09916915671  
0.2196309186  
1.994599449  
