-0.4342309942  
0.6114239473  
0.06654724424  
-0.3669954525  
-0.2588789695  
0.1197685464  
-0.3162067438  
0.0562099898  
0.3352500233  
-0.7619595598  
0.4495818217  
1.451834118  
1.047334196  
1.56379859  
1.001787334  
-0.766862627  
-0.3897685768  
0.0434049864  
-1.417943256  
-0.315336062  
-1.035528236  
-0.1232887429  
0.3379582543  
-0.2497565447  
-0.05965412069  
0.8650395475  
-1.134133752  
0.4596048741  
-0.1852166631  
-0.534176784  
0.4227971626  
-0.3881148964  
0.1075344309  
-0.418086311  
-0.5279301038  
-0.382954071  
1.370012536  
-1.496546871  
0.4714447597  
0.5885373232  
0.3638120572  
-0.6056008002  
-0.1591482097  
1.115999731  
1.601848694  
-0.07353778691  
-1.59019802  
-0.1688756683  
-1.933484526  
-0.4276646353  
-0.03787824617  
0.3217015424  
-1.479169134  
1.205435948  
0.6333990767  
-0.5576605827  
-0.5600007952  
-0.7249491958  
0.9858951113  
0.5125007371  
0.9193729181  
0.4891527021  
-0.6524748771  
0.6745674926  
0.370417847  
0.1285142959  
0.8518884161  
0.794485999  
0.360214513  
-0.2412799666  
-1.506279543  
-0.2231620902  
-0.568144319  
-1.579221284  
-0.3512841067  
0.6356209547  
1.654111926  
0.793295282  
-0.8836026121  
-0.530877754  
-0.5790237082  
1.394044558  
0.1707346566  
-0.9825928531  
-0.4294315344  
-0.2350151521  
1.00374944  
0.2856873884  
-0.1318275553  
-0.316465344  
0.7903374152  
1.028280344  
-1.118411477  
-1.577832282  
-0.8148460282  
-0.3675326049  
0.7951313084  
0.4000039643  
-0.2367723026  
0.03601847737  
1.21392818  
1.054735864  
-0.6106510516  
1.006119936  
-0.8867955041  
-1.27558464  
1.463262146  
0.1540910149  
-0.1656480244  
-0.1547027765  
-0.3226717478  
-0.3202039078  
0.02184303764  
-1.222000064  
-0.6199299421  
-0.6472836229  
-0.5035278435  
0.7278262618  
-0.9892117484  
0.5729138258  
1.010329825  
0.166852524  
-1.692888118  
0.3471922947  
-0.9833447847  
0.1448688663  
-0.2255782333  
-0.8634848448  
1.020400242  
0.967745354  
-0.08851544438  
1.052468029  
0.3416335971  
0.5252259754  
-0.351966491  
2.169708051  
0.1245497649  
0.9805579607  
0.2725400645  
-0.3961756238  
0.3335727347  
0.06754344289  
0.1657249262  
-0.07427668121  
0.5889687532  
0.9841819707  
-0.444604736  
-1.575286168  
-1.992125109  
-0.8076520927  
-0.8156874945  
1.582146476  
0.08910732374  
0.747914886  
2.340360414  
0.7425942372  
-0.2855639228  
-0.87264226  
-1.001369406  
-0.3834552915  
0.136974001  
0.2676516675  
-0.8990065804  
1.030269844  
1.321490885  
0.08904350121  
0.141662964  
-0.4227565715  
-0.1986436627  
-0.5325439621  
-0.5227812771  
-0.07880717303  
0.6942519632  
1.022037623  
1.838132801  
-0.351849307  
-0.4912743424  
-0.6219357411  
0.4586612853  
-0.1526428305  
-0.3971181361  
0.1147805057  
-0.1321822207  
-1.477216209  
-0.8663811928  
-0.8952596224  
0.1569916607  
1.759466938  
0.3707431778  
0.9031834946  
0.1678883104  
0.6889988777  
1.624738664  
0.8701422464  
-0.4524753466  
0.7691336258  
-0.359392397  
-1.415711132  
-0.1647084439  
0.09333487467  
-0.2242188364  
0.3069654166  
-0.9136612061  
-1.404223633  
0.09085301369  
-0.5650455202  
0.9340694672  
0.2458448776  
0.3536584812  
0.6643666604  
-1.153191437  
-0.3769196987  
-0.2366203103  
0.5607804614  
0.9748227208  
-0.144853662  
-1.672009754  
0.0591668608  
-0.01228570178  
0.6599556407  
0.9340675427  
-0.4990252791  
1.064561849  
-0.08858879027  
1.038670823  
0.922733212  
0.06801527561  
-0.7303588536  
-0.4322696835  
-0.8629760892  
-1.131548422  
-1.246890564  
0.3307725196  
0.01181363555  
0.05894999294  
0.7122819756  
-0.02214262174  
0.883577702  
-0.1232699669  
-1.515872044  
-1.142097525  
-0.3079161728  
-0.2312897112  
0.4030450919  
-0.5485457628  
-0.934949943  
0.9470318459  
-0.005660976046  
-1.508771787  
-1.151035903  
-1.795489357  
0.6012428243  
-0.1838830359  
1.153866442  
0.4743020147  
-0.7129064792  
-0.3259321544  
0.04724529521  
0.4028233423  
0.3050765705  
1.467345949  
0.8704160216  
-0.3864723607  
-0.9098360071  
-0.007317983253  
-0.04929341405  
0.08994311311  
-0.6033015959  
-0.6728170207  
-0.2866600372  
-0.8247278937  
1.399276044  
0.8791734107  
0.4016215571  
-0.5859173784  
-0.4133419366  
1.040681468  
-0.07916311351  
-0.4776931825  
0.6985478206  
0.3654302487  
-0.1297098538  
-0.2039796066  
1.11882511  
0.145334804  
-0.3412963045  
0.5251458024  
0.4403435609  
0.04447737744  
0.345431232  
0.1790516895  
0.1516766205  
-0.3562505731  
-0.09168060628  
-1.722624954  
0.07653368231  
-1.426749205  
-0.207756213  
-0.8987325022  
0.01115059086  
0.5374507653  
0.7127464032  
0.06082371198  
-0.03323538606  
0.7075996652  
-0.637013679  
0.436777063  
0.614808656  
0.1747227629  
-0.2957071877  
-0.698154059  
0.8786490961  
0.10847971  
-0.3975899716  
-0.6517543702  
-0.2311328352  
-0.9586398136  
-0.2847415708  
0.169493945  
0.2350664173  
0.3585874397  
0.1258379749  
2.293835504  
-0.1833304856  
-0.3007907253  
0.717853838  
1.132674252  
0.6609540299  
-1.344247405  
-0.6597565865  
0.9838436359  
1.401502678  
0.1706963805  
-0.4285635717  
-0.3957787117  
0.379048916  
-0.2098047013  
0.1499044024  
1.59386809  
-0.6411182837  
0.03830308643  
1.120668771  
-0.1942728386  
2.454200565  
-0.7797332498  
-1.279926393  
-0.5234663602  
1.39634211  
-0.09016077565  
-1.73564944  
-0.4859362574  
-1.117117906  
1.007805889  
1.089013222  
-0.2328374788  
-1.068296604  
-0.72616172  
-0.2083814297  
-0.04432176391  
-0.2605105472  
0.05715117805  
0.3586770231  
-1.244321573  
-0.6846620534  
0.6247440624  
-0.9723329325  
-1.567227854  
-1.336845342  
-0.08822076958  
0.4533243236  
0.8552363348  
-1.108070497  
-0.8682155517  
1.122059713  
0.6611396804  
-0.1215397928  
1.208719593  
1.039784434  
-1.085982949  
0.6282609308  
-0.380847615  
-1.022371006  
-0.0700126738  
0.4217334015  
0.1750658405  
0.9435309114  
0.4091351469  
0.1702955926  
-0.6201263176  
-0.2919662831  
1.421201144  
0.003148311094  
-0.6042418258  
-0.04779857284  
0.1666360953  
1.207319911  
1.204768475  
-0.2838238519  
0.1564804598  
-0.3961245992  
-0.6688261652  
-0.3786744255  
0.1229154592  
1.133134853  
0.2461358244  
0.6613854292  
1.381960491  
-0.7838607075  
0.05165786246  
1.307376877  
1.546933419  
0.6064752657  
-1.503323568  
-1.371918463  
-0.5139801537  
-0.995910449  
1.108234075  
-0.01870283618  
0.6520372906  
0.4132050331  
0.2430940655  
0.1193869774  
0.05783416603  
0.110473419  
1.064641362  
0.4997213494  
-1.258602073  
-0.3021769351  
-0.4089278851  
0.4985360582  
-0.1051154373  
-0.6243003135  
-0.2516670133  
1.31741834  
-0.9321383138  
-0.7650067217  
-0.15243837  
-1.307790433  
-1.140635792  
0.6184269698  
-0.05776394197  
-0.8555003072  
-0.3010386703  
-0.6581988425  
0.3400142467  
-1.359936629  
-0.3638049297  
1.195026768  
1.958676752  
0.261165677  
0.4089775056  
0.3849935433  
0.5380087049  
-0.5708110055  
-0.6558255571  
-1.23981884  
0.583835668  
-0.8178024947  
-1.439015149  
-0.02040978441  
-0.7925593827  
0.03047217297  
0.824327761  
-1.446566339  
-1.49669487  
0.9615275326  
0.336810826  
-0.5950146937  
-0.5160236266  
-0.268762183  
1.070155227  
0.8931228311  
0.3920382781  
-1.556599565  
-0.6752080774  
-0.007291875336  
0.1648806556  
-0.0742776323  
0.7121917797  
1.757974693  
1.039939429  
0.8711490272  
-1.206379626  
-1.419105711  
-1.433061472  
0.2989385265  
0.4729856897  
0.8950328272  
-1.3856499  
-0.3471093829  
0.8598599716  
-0.4837903767  
-0.1410876765  
0.710234315  
1.011194257  
0.9658199933  
0.7961080847  
-0.3410826476  
-0.2284068319  
-0.9058496705  
0.7229772916  
0.004867260297  
-0.6968718204  
-0.2133823673  
0.3663123549  
-0.3072110378  
-0.1493682099  
-0.2134093401  
-0.2173456834  
-0.512724773  
0.7971561602  
0.4576820684  
-0.3384254968  
0.0501669017  
0.1275304901  
0.9826066724  
0.9917682173  
-0.4049772274  
-0.2565649585  
1.154930792  
0.7983192935  
0.2060319855  
-0.1181042916  
-0.3136428541  
-1.396074142  
-0.7528584585  
-1.186199283  
-0.1315038492  
-1.43070764  
-0.4066796261  
2.052076703  
0.4949127526  
0.7995977297  
0.2435199256  
-0.3618030427  
0.3031364781  
0.1601071026  
0.3681469966  
0.5364292126  
1.524567014  
-1.421397537  
-1.773362011  
-0.07060788798  
-0.1746399321  
-0.2779442596  
0.8578746041  
0.9559992328  
-0.6548600765  
0.02500406381  
-0.6543746175  
0.1365322531  
0.4578026822  
0.4524098888  
0.2475156379  
0.4444805087  
-0.546121577  
-1.945159288  
-0.8816249519  
-1.567067245  
-0.1135730239  
0.05050315191  
0.8324772941  
1.918202519  
0.4248491648  
0.2487171284  
-0.3138848484  
-0.1192068685  
-0.4383987086  
-0.2692181322  
-1.782453781  
-1.159765112  
0.9226325214  
-0.03269397353  
0.3486708354  
1.554890931  
0.1166714126  
-0.05637631278  
0.06285789198  
-0.5429987615  
1.111458585  
0.576926213  
0.06958707033  
0.6180876865  
0.02465450541  
-0.7502161161  
-0.7758628053  
0.003998179025  
-0.5820980021  
-0.4587764342  
1.151331692  
