-1.79834718  
-1.10080232  
1.527836966  
1.648515913  
0.2747748353  
-0.8486723466  
-2.148553363  
0.2778129384  
2.479888438  
0.790568422  
-0.5426402091  
-1.687351124  
-0.2608160302  
0.8420160947  
0.4575606754  
-0.2884124513  
1.126473557  
2.037874399  
1.17545469  
0.104462286  
-0.6998107506  
0.1159950251  
-0.09437282959  
-0.4218795214  
-0.4007794753  
-1.649152045  
-1.20067142  
0.121057257  
-0.6780307357  
-1.278572335  
-1.328335175  
-1.095428778  
1.207836687  
1.488816706  
0.805359589  
-0.1709814679  
-1.234800831  
-0.6787705127  
0.6505360807  
0.01479728461  
-0.8901158315  
-0.2982721808  
0.8580951054  
2.550369813  
3.121414276  
1.190577025  
-0.960122068  
-2.297449952  
-2.324992486  
-0.1248779017  
0.764210464  
0.02485352782  
-1.011866152  
-1.284373255  
-0.00847644792  
1.208956201  
1.299025749  
0.6179858112  
0.108200861  
-0.03112452708  
1.694915727  
1.891103862  
1.3651138  
0.042898683  
-1.974108561  
0.6704120832  
1.378054825  
0.5208234227  
-0.4911962693  
-3.99540517  
-2.922294545  
-0.559081877  
-0.145111971  
0.2177774455  
-0.05994199498  
0.8040543455  
1.334980529  
0.5147375853  
-0.3566699495  
-2.479672236  
-2.02358007  
-0.3323262405  
-0.4641030379  
-1.108310897  
-1.124211596  
-0.6256353467  
0.6192260448  
-0.4067019141  
-0.5703018293  
-0.04611168263  
1.996984276  
1.882920706  
0.6162993787  
0.03137545702  
-1.212945171  
0.1422579282  
0.6611017885  
0.4287110408  
-2.033206429  
-2.005945663  
0.4704107601  
0.5903178981  
-0.231526616  
-2.267956537  
-2.760331121  
1.157709311  
1.506655874  
1.571577679  
1.535549494  
0.6475789398  
1.174999899  
2.346636563  
1.136312409  
0.4183567244  
0.8773197405  
-1.383767959  
-1.221939432  
-0.7932672349  
-1.58561361  
-1.650249504  
-0.4129852255  
0.1577222879  
-0.5251367115  
0.1681991322  
-0.5374709836  
1.319363865  
1.425804003  
0.7702721945  
0.3039710681  
0.4424142914  
0.9197877724  
-2.14760223  
-2.633213699  
-1.512675883  
-1.751736475  
1.081393705  
0.99932286  
-0.2768681736  
-1.099904689  
-1.919712466  
-0.2865609384  
0.8525722108  
0.7458007815  
-0.09199038533  
-1.851719759  
0.44315324  
1.163612014  
-0.1071140346  
0.0006691799106  
-1.241306618  
-0.1640863499  
2.346208635  
2.476092663  
1.456425614  
0.6466587937  
-1.124226322  
0.1276377132  
1.27678099  
0.6764382896  
-1.014576226  
-2.665058003  
-0.08942909969  
0.5436262295  
0.2278994464  
-0.1727833565  
-0.4730849353  
1.003536128  
1.530666913  
1.299843086  
-0.5291936513  
-0.04235085245  
1.22125616  
1.042838818  
0.1395277128  
0.06752090939  
-1.017907097  
-0.8653698894  
-0.759076532  
0.3433587852  
1.313751694  
0.7607139055  
0.3899901781  
-0.5920275741  
-1.299401014  
-0.8734544454  
-0.7696798486  
-1.306895622  
-0.002748163227  
-0.7646882482  
0.7592358572  
-0.7392871153  
-0.8703838106  
-0.9359553553  
-0.1348423875  
0.6359064129  
-0.1471506267  
0.4954209297  
0.298661581  
-0.151952323  
0.2318137302  
0.008232531786  
1.710200305  
1.218719071  
-0.4466351431  
-1.139928327  
-1.135916128  
0.7291700357  
1.118128094  
0.6308350906  
0.4125072228  
2.062212442  
1.481032567  
-0.3868545532  
0.6931644556  
-0.4713979736  
-0.6104310057  
-0.06050209666  
-0.2103966538  
0.1290321327  
-1.408412545  
-0.09718305109  
1.750235428  
0.1491025448  
-1.200236322  
0.8000632018  
0.08087206989  
2.03133796  
0.3176283757  
-0.01527862801  
0.3169484355  
2.36208661  
1.474893216  
-0.5720984543  
0.2477591045  
-1.036322331  
0.400928742  
0.6582916373  
-1.050160143  
-0.6386436353  
-0.8950334179  
0.4226107705  
-0.411508721  
-0.9895616633  
-1.115632197  
0.1626317807  
0.2925513036  
-0.6058780714  
-1.375774975  
-1.668243133  
-1.209669975  
0.3675757258  
-0.3896384678  
-1.468009506  
0.1105696468  
0.5960450439  
1.226700676  
2.072632751  
0.4687616205  
-0.2801309789  
1.158062831  
0.1568749282  
0.3514992148  
1.183158293  
-0.6370862946  
0.2089074718  
0.3205587422  
-0.2345236388  
-0.01024142304  
-0.4606001946  
0.8058622354  
0.9753780443  
0.5578573117  
-0.4655924733  
0.03265545163  
-0.8146232963  
0.9313621425  
1.125592761  
0.5725673174  
-0.468983706  
1.180321645  
2.309988064  
-0.8140302957  
-2.015993773  
-1.144669507  
-2.342230468  
-1.158782163  
0.4904033058  
-0.5852009726  
0.02099909901  
0.1497993284  
0.7432324878  
-0.1987530339  
0.04657877694  
0.3419375822  
0.4013343121  
-0.2973272305  
-0.2686415301  
-1.465889437  
-1.372101318  
-1.412574909  
0.02354570358  
1.147049779  
0.1837164985  
-0.5721958988  
0.3805164263  
0.3061506204  
0.8352859724  
1.048819629  
1.201829136  
0.9530089177  
-0.02211802319  
0.5899518094  
-0.7455560181  
-1.08327814  
-0.5674584987  
-0.1283649596  
-0.4923188886  
1.671322925  
1.133849523  
0.4964834133  
0.2941002776  
1.375229378  
0.8412804241  
0.582364233  
-0.2552671287  
-0.2454259435  
-0.9931243219  
0.7514864744  
-0.5572421152  
-0.9067823505  
0.12128832  
-0.245967005  
0.5714813797  
-0.06071054916  
0.548142182  
-0.709276421  
0.4404636816  
-0.7287404836  
-0.1545650295  
0.5922620945  
1.012804296  
0.4649386869  
-0.3171495605  
0.5447879214  
-0.388773742  
0.06113992619  
-0.1048966016  
-0.5813334873  
-1.897277259  
-0.9727843729  
0.9912298008  
-0.4432822796  
-1.654040111  
-1.63580273  
-0.5520907601  
-0.5063528915  
0.645009832  
-0.5978101437  
0.5802056706  
0.4991371596  
0.09273811027  
0.4189419487  
-0.2909815027  
0.1156827621  
-1.049033344  
-0.5756452191  
-0.4651541976  
-0.3160704108  
-1.713945454  
-0.1861959658  
0.956637285  
-0.4167499798  
-0.2717940943  
0.1430577629  
0.8923573905  
0.2586615135  
0.3098721618  
0.7504568615  
0.7011979651  
1.042000399  
-0.06501840012  
0.03501313197  
1.465897168  
0.9870882669  
0.6747643515  
0.3782416152  
0.4772072163  
0.3097422092  
-1.219986538  
-0.8138536101  
0.705649312  
-0.7398057829  
0.4272535979  
1.886689442  
1.456536422  
1.395546521  
1.776175198  
1.227578852  
-0.7528219263  
-0.03696559991  
0.1366013753  
-0.1110633536  
-0.1424460133  
-0.6400728413  
-0.3330932278  
-0.9406681377  
0.2113005873  
0.5569440616  
0.8493574984  
0.5956980586  
-0.6336113264  
-0.87420991  
0.2668628652  
1.367223051  
0.2801106677  
0.5184990171  
-0.5849001563  
-1.379414121  
-2.648333206  
-2.535606943  
-3.034310937  
-2.113033058  
-1.386123647  
0.8449641585  
-0.1315467285  
-0.02704773542  
0.1872490937  
0.2297964576  
0.1797047421  
-0.09232124491  
0.262890928  
0.612109173  
0.2731261844  
1.038561724  
0.1481162002  
-0.1261634404  
1.434283146  
0.5219522825  
-0.1850123172  
-0.1066742189  
0.7153013412  
-0.1833981211  
-1.229845118  
-0.6324120532  
0.8640021241  
1.354680695  
-0.2647637022  
1.057482904  
-0.2446995684  
-0.46622273  
-0.5963377757  
0.179285969  
0.1403366916  
-1.45565264  
-0.1372953474  
0.355048216  
-0.04259049211  
0.8567872745  
0.4751856413  
1.479844992  
-0.6091039832  
0.07767400251  
0.364227389  
-0.3395908366  
0.5024750115  
1.08241885  
0.2755827296  
-0.4326622712  
-0.7363892697  
-1.625883091  
0.08773463766  
-0.3986816687  
-0.7434577559  
-0.3108751333  
-0.3832218963  
0.7401617488  
-0.06801149177  
1.705333358  
2.377082653  
-0.7420524552  
-2.08736111  
0.5421775796  
0.9505194133  
1.537996341  
1.365528144  
-0.06353765792  
-0.8856355659  
-1.037089871  
-0.2515467867  
0.8051427106  
-0.6624920906  
-0.2711444686  
-2.200021244  
-1.913021871  
-0.5081653196  
0.335483041  
1.260428441  
0.5979349403  
0.9829317308  
-0.4276833073  
-1.892205633  
-0.4682377153  
0.4835927726  
1.356842708  
2.719437865  
0.6619288567  
1.021854524  
-0.08857279354  
-0.2452065744  
1.407941126  
0.9288133778  
-0.07772285169  
-1.263007199  
-1.715543106  
-0.2339635218  
0.8489224195  
0.7911920921  
1.673197656  
1.236584954  
1.435077516  
1.69378165  
1.927022493  
0.487290541  
-0.2291783447  
0.166355836  
-0.7499259826  
-1.125717579  
-0.04737633996  
-0.4801701458  
-2.782529573  
-2.252796041  
-2.377229717  
-1.47879348  
-3.335124074  
-1.796874155  
-1.596763734  
-1.515689731  
-0.5177439567  
0.6771674689  
0.08302045078  
-1.432023462  
-2.251813389  
-0.8557612099  
1.538558663  
2.181833593  
1.313085655  
0.1376463836  
0.4248063676  
0.7731607077  
1.021738543  
-0.1227846727  
0.09888471232  
1.646652843  
0.8923903295  
0.05699937878  
-0.8455439691  
-1.364015407  
-0.1873655822  
0.7032495334  
0.3163330947  
-0.5408253473  
-0.7030720906  
-1.26528154  
-0.8780018496  
0.6631713917  
0.9841816257  
0.9004327377  
1.503331592  
0.3913799164  
-0.2930919404  
-0.1985914403  
0.5566391309  
-0.3951448649  
1.492840911  
0.8893010195  
0.595151758  
0.7957813466  
0.4653116597  
-0.9036151871  
0.5655275442  
-0.7678620946  
0.5413437337  
-1.326690271  
-1.023578185  
0.9540365517  
-0.2274839255  
0.08596576807  
-0.8984770602  
-0.6840351649  
-0.185297874  
