0.902718604  
0.7677864941  
-0.9087495364  
-1.387654838  
0.4390196214  
0.1774726354  
0.674157179  
-0.40332331  
-0.2277337763  
1.245429797  
1.540944584  
0.989995599  
-2.39619142  
-1.050348862  
0.5111497336  
0.3887027648  
-0.6665123518  
-1.372148822  
1.190014565  
0.9946332633  
-0.158657818  
-0.8143362057  
-1.358384507  
0.4799569681  
1.151836534  
2.711391135  
0.05291143878  
0.05857498345  
0.01532302328  
1.832464062  
1.273782228  
-1.881170997  
-1.760975132  
-3.234195028  
-0.1873620589  
-0.5917214626  
0.2873471008  
-0.8980299826  
-0.6297154592  
-0.4244457967  
1.077798991  
0.9943113424  
0.8305071128  
1.043044298  
0.0570779319  
0.3299340089  
-0.7292868213  
-0.2692840804  
0.1829767307  
-0.4815293378  
-3.624603254  
-0.3439690083  
-0.1491042852  
1.132488471  
-1.705357775  
-2.60857996  
-0.7889777037  
1.260405052  
1.801425111  
1.731622567  
1.571382724  
-0.7329872675  
2.144857167  
1.504849902  
2.603001514  
-0.06625601093  
0.3101188781  
-0.2218834353  
-0.314830098  
0.4093209534  
-2.262160706  
-1.408814784  
-0.9469738584  
-0.2893801894  
2.413830649  
0.5620318489  
-0.1405848301  
0.2035276088  
-0.2784253716  
0.3535497456  
-1.103880012  
-0.9926979043  
-1.795781732  
-0.1628054353  
-0.04886590782  
-0.8104764822  
-1.426375414  
-1.082314414  
0.0376735751  
1.004908937  
0.05413798002  
-0.9268560681  
-1.171442717  
-1.157860049  
0.407692604  
-0.2382575599  
0.1703143294  
2.838410999  
1.497642853  
0.8715001785  
0.7905482662  
-1.841623298  
-0.05792732584  
-0.2510100037  
-1.446385566  
-1.746566478  
-1.343158764  
0.2770042393  
1.480598233  
1.738856337  
1.352722904  
0.1469141676  
-0.9336401313  
1.164237989  
1.758945723  
1.080819514  
-1.396236007  
-0.321406123  
-0.2762556088  
-0.7043773868  
-0.3466612902  
-2.963025937  
0.9946683583  
0.7874772773  
-2.334307161  
-1.533144576  
-1.155254152  
0.5358698064  
1.301492204  
-0.8060817999  
-0.9150861203  
1.385419392  
3.34917251  
1.300043577  
0.4122122915  
-0.2077812157  
-1.384503842  
0.8218945196  
-0.7509334654  
-0.7382148176  
-0.6022919338  
0.9716306548  
3.146941888  
0.4997027044  
-0.8668568038  
-1.656941907  
-1.353752275  
1.737319028  
-0.5889673236  
-0.2305107924  
-0.4090990049  
-1.062519053  
-0.3400354472  
1.00726459  
0.1790471337  
-1.217898536  
-0.2324901377  
-1.034625475  
0.5995571749  
0.1606798875  
-0.1589281466  
0.04701005474  
0.7507977102  
1.905460096  
0.9114345538  
-0.9083457617  
-1.911582571  
2.001753925  
1.136413926  
1.204870781  
-0.03548469388  
-1.362247966  
1.381562086  
0.6923615426  
-0.4736481368  
0.1171367107  
-0.4399211653  
-0.9123469721  
-2.031261261  
-1.39889331  
-0.9402654442  
-0.2765730937  
1.126826685  
-2.152084806  
-1.087064106  
-0.2089069823  
2.976354286  
2.7368537  
2.317224101  
1.228680361  
-0.4803349869  
1.916185062  
-1.057605107  
-1.153374694  
0.1598718451  
-1.253528137  
-2.22858185  
-0.8766322033  
1.368373627  
0.1376069794  
0.08193109366  
-0.5747478343  
-0.8568981618  
2.721957086  
2.237400407  
0.5182335592  
0.3359067627  
1.726131792  
0.8513981637  
-1.848616752  
-1.808873324  
-1.335020407  
1.28090104  
0.0586836263  
-0.2071914543  
-1.698088168  
-2.649453362  
-0.03901027707  
0.6193712732  
0.6481152086  
-0.7156306549  
-0.7571930733  
0.1113834888  
0.4991241608  
0.6346106325  
-0.6101333253  
0.7658261965  
0.6111521431  
2.440653851  
-1.173991672  
-0.7606746093  
-0.02666763166  
3.169482815  
1.791369669  
0.446738189  
-1.285656523  
-0.3533352861  
1.50839031  
0.6545570682  
-1.543748976  
-1.914849072  
0.5904194033  
0.3160510561  
0.3017931356  
-0.5331506297  
-0.3012036603  
2.346173276  
1.650393301  
-0.3136270126  
-1.244249581  
1.012853184  
1.491667193  
0.8121702926  
-2.234184408  
-2.909527602  
-2.391262003  
-0.5355717702  
0.6862512122  
-1.406211931  
-0.6566445646  
0.4500141317  
1.665732979  
0.7690228514  
-0.4030407643  
-1.362296403  
-1.429320984  
1.325079468  
0.7883363034  
-0.1374566242  
-0.3705459688  
0.6572658471  
0.1487497879  
1.756927559  
-0.9618434881  
-2.418628382  
-1.171352324  
-0.4542046102  
-0.2303295403  
-0.5141273702  
-1.958567811  
-0.9847924413  
1.064632665  
2.791128683  
1.568862177  
0.3989954461  
-0.08028403219  
-0.1618003943  
1.232318294  
2.729245586  
0.5495259629  
0.05028567537  
-0.422749266  
0.4321666851  
-0.02424730845  
-2.68271304  
-3.026299221  
-2.106288795  
0.1293499526  
0.9848365413  
1.283732828  
0.009378012633  
0.5081513529  
1.026203464  
3.433261268  
3.101388988  
0.6910160664  
0.4775773008  
-0.1914011438  
-0.3221390578  
-1.767173931  
-2.229405906  
-3.638322749  
-1.88972285  
0.04168028903  
1.164481502  
1.001565735  
-0.1791721945  
-0.7026999447  
1.014713937  
2.399528211  
1.50092538  
0.171912399  
-0.8892995373  
0.5936605036  
1.274218683  
0.260585915  
-1.79353514  
-2.587726207  
-1.844681199  
1.592254633  
0.5818183549  
0.2733299893  
-2.129770704  
-1.251953676  
1.230999381  
-1.086094024  
-1.51495289  
0.5332148841  
2.269336544  
-0.639440785  
-0.2819433912  
2.506146651  
0.2105504817  
0.7886095033  
0.3127486616  
-1.132847836  
-2.230179945  
0.01686055352  
-2.380885151  
0.7675045508  
1.239878449  
0.7516492967  
-2.245364792  
-2.248883118  
-1.963469311  
-0.4699882707  
0.1453770235  
-0.8503214213  
-0.5609297321  
-0.6277168369  
1.088263128  
1.715768535  
1.423347055  
-0.4836645268  
-0.4014407647  
-2.728963191  
-0.2136133651  
-1.346242719  
-0.0755471028  
-1.001609507  
-0.2001989977  
1.511818419  
2.227084066  
2.488540383  
0.4126562599  
-0.5852771376  
1.425807442  
0.83539797  
-2.105931431  
-1.643950341  
-0.3501591869  
0.7301027699  
1.482091852  
-1.201043087  
0.1487882475  
0.8349546173  
2.480118669  
1.020577613  
0.5384574753  
0.6276934495  
0.9912370017  
0.11401501  
1.099432476  
0.4789832802  
-2.799697233  
-1.70572973  
0.3613023354  
0.4660036689  
0.7534269178  
-0.5025624116  
-1.943045876  
-0.9609944672  
-0.4490229914  
3.900329377  
1.667359112  
0.5417522766  
1.62267778  
0.6247751903  
0.7058257646  
-1.005179182  
-0.3863521705  
-1.955253267  
-2.526208628  
-1.666618719  
1.083958145  
-0.4612286292  
-1.480443323  
-0.5434828563  
0.0390198095  
1.650009757  
1.232502681  
1.24111468  
-0.7644822043  
-1.492369211  
0.4459749255  
-0.6652780247  
1.561960982  
-2.695714986  
-1.129721223  
0.2392380762  
0.4768959061  
-0.2148560177  
-0.2030964335  
1.292193259  
1.54735721  
2.629005107  
0.5609071095  
-1.578447135  
-3.049310621  
-0.4641257816  
0.3910262762  
0.8926619294  
-0.8174393887  
-1.141733349  
0.8928636144  
-0.9986544678  
2.782435986  
1.312009697  
-0.4804306055  
-1.191148487  
-1.007381691  
1.793884543  
1.025328785  
0.1434894139  
1.248849229  
-0.1222443862  
1.44521662  
0.3493070149  
-1.123427722  
-1.619663998  
0.1609541759  
0.7324666314  
-0.3972677598  
-2.595199349  
0.7448932198  
1.473242998  
0.92791613  
-1.18892213  
-3.519364216  
-0.4134658043  
-0.858147547  
-2.039201146  
-0.273945031  
0.1415570083  
1.834698623  
1.628549126  
0.8859940253  
1.009915582  
2.459810694  
3.125080043  
0.9907026679  
-1.073921566  
-1.043774279  
-0.6965155276  
-1.264681523  
0.4303262554  
-0.9769529121  
-2.344694183  
-3.197118158  
-0.4823812301  
1.02774237  
2.269313748  
2.208153591  
-0.4623359784  
-0.7120833233  
0.01633854492  
1.23171142  
-1.032110742  
-3.694093077  
-1.02382467  
-0.05705385357  
-0.7760853709  
-0.2039200288  
-1.840014629  
-0.2422383267  
0.9011241074  
1.851444698  
2.212760728  
-0.9413830198  
-0.1608458045  
0.4424165135  
0.3957932175  
-1.319734433  
-2.9887681  
0.1026632104  
0.2238670927  
1.0014796  
1.158384796  
0.8386879399  
1.941264887  
2.582884385  
0.6262549357  
-1.260973798  
-1.2597504  
-1.348043214  
0.1839295116  
-0.5597532625  
0.1333557461  
-1.068728716  
-0.02208612937  
2.358836337  
3.79460914  
2.20070804  
-0.5712930307  
0.9177381373  
-1.280893496  
-0.7617142158  
0.05263266775  
-2.038149399  
-2.166531519  
-0.1738593438  
-1.357110129  
-0.6544864386  
-0.2672580665  
1.159341439  
1.935041918  
1.528173008  
-1.499686433  
-1.219089657  
-0.9744875214  
-1.464968949  
1.704510633  
-0.02623375288  
-0.6457019329  
0.2966892603  
-1.609481648  
1.058442351  
1.593357592  
0.3628391274  
1.117907177  
1.361954308  
3.686791565  
2.040724247  
0.06034855215  
-1.035426699  
-1.492150014  
-0.1987784789  
0.124927956  
-1.317691144  
-2.285050564  
0.7687173969  
0.4323656897  
-0.9862560784  
-0.6526089997  
1.791897248  
3.941427079  
1.741745549  
0.9807869314  
2.271170103  
1.251278082  
-1.242667765  
-1.893234641  
-1.999538369  
-0.6169584418  
-1.007838723  
-0.5805554541  
-1.717412605  
-0.7691553864  
0.4866936496  
0.3096648786  
