1.882747561  
1.647328347  
-0.3212521962  
-2.233152693  
0.269864534  
1.48960823  
0.6145647305  
-0.6831321424  
-1.51434999  
0.07895980178  
0.9029355449  
0.6984157621  
0.5785359343  
-1.245679188  
-0.8635266301  
0.2666899469  
-0.9638995731  
-3.052078048  
-0.2901886885  
0.5034832426  
-0.87560477  
-0.3096655324  
-2.020556105  
-0.7433122977  
0.4981498932  
2.282915419  
0.4126613097  
0.2438569188  
-0.2625929849  
1.407401729  
2.079084949  
-0.232233259  
-1.592577549  
-2.387147711  
-0.009271355697  
0.2470328281  
1.433228757  
0.3949138745  
-0.4688351751  
-0.610900912  
1.638814009  
1.484310665  
0.8606803031  
0.3383411573  
-1.818077997  
-0.2288133095  
0.9100644535  
0.8113447452  
-0.822526296  
-0.7234137015  
-2.384410439  
0.9864098854  
1.727845614  
1.966072749  
0.8314206242  
-1.568910988  
-0.4501518575  
0.6179277197  
1.048104564  
-0.07642940318  
-0.4066960022  
-1.451187865  
0.3591398351  
2.153026991  
2.821915801  
0.8486779753  
-1.447653284  
-1.21220411  
-1.094515763  
2.655664254  
-1.386131141  
-1.354168707  
-1.505729923  
-1.772231869  
0.6333607917  
-0.5519137842  
-2.251578969  
-0.7139728001  
1.048412595  
1.74502281  
-0.4022702721  
-0.1693820191  
-0.4077573149  
1.500161171  
2.382404032  
-1.057959992  
-2.26375469  
-1.315017702  
0.03204229385  
0.8210806227  
-0.7070816667  
-1.274251752  
0.2977139292  
1.475365018  
2.596392162  
-0.3826910153  
-1.309475677  
0.7453626448  
1.605705492  
1.143311997  
0.2866873208  
-1.180730792  
1.270368657  
1.408724456  
1.723248334  
-1.301154332  
-0.9188096392  
0.3926366542  
0.4542580586  
1.111691566  
-0.2289299128  
-0.6606522335  
-1.35527477  
-0.2552481495  
1.218083918  
2.416570706  
-0.4050592638  
-0.1380195341  
1.045717346  
0.4338819477  
0.8902801533  
-1.332056885  
0.4557373317  
0.5243415186  
-1.084422534  
-0.2064003533  
-0.6904157523  
-0.3706699327  
0.9504143893  
-0.896637064  
-0.5247701453  
-0.76373551  
-0.9931593696  
-1.695083641  
-2.528917949  
-3.356495239  
-3.288943541  
-1.79830289  
-2.32413181  
-1.380627626  
-0.6831076477  
-1.255346313  
1.378592482  
1.845508928  
0.5216847266  
0.4788450534  
-0.8369486746  
0.8251049531  
0.3142819008  
0.8712770605  
0.02138503674  
-0.3549749182  
0.03926722339  
1.435401549  
1.70696772  
-0.05174283956  
0.3799155244  
-0.1051637951  
0.952417578  
0.5814974981  
-0.4886932362  
-0.5210417787  
-1.280613148  
-0.01108290625  
0.739689178  
2.322081297  
-2.182167451  
0.210468861  
1.306249383  
2.257715915  
0.1356932902  
-1.969900765  
1.086300554  
0.4557236494  
-1.761933151  
-1.10868704  
-0.8424654039  
0.6119355163  
-0.2266534219  
0.9539537702  
0.07158468006  
0.3657286477  
2.16100527  
-0.6041704756  
-0.4839318712  
-0.6607737336  
1.21862691  
0.6706799865  
-1.950190612  
-1.791162675  
-1.120690374  
1.67629527  
0.4559059278  
-0.2355418917  
-0.4739094914  
-0.2601731436  
-0.1282277447  
-0.8214048436  
0.6171948929  
1.65416658  
0.4797875886  
0.2029067927  
-1.028043824  
-0.620601863  
1.143662868  
1.624240445  
0.7918635784  
1.10720928  
0.6002545061  
-0.361371427  
-0.6738436352  
-1.667706198  
2.648077559  
0.6591966405  
-0.6445351544  
-0.2454176102  
-1.738586019  
-0.6443216398  
1.741555514  
1.430334323  
0.2798751842  
0.513401237  
0.6515991873  
0.2306534621  
-0.7299308553  
-1.652590347  
-1.381674173  
-0.8735909248  
0.1681000773  
-1.269396  
-0.3546398582  
-1.207780432  
1.956103272  
2.113483233  
-0.5236506442  
-0.2802229696  
-0.1198124688  
1.110855054  
0.7170202685  
1.280045156  
-1.495187372  
-0.661910694  
0.2542449111  
-0.3036817679  
-1.843575247  
-2.168363903  
-0.2557967908  
0.6175317499  
0.7306154218  
0.9118196735  
0.6181081092  
1.469016738  
3.046626923  
-0.05927974794  
-0.2208573731  
-1.453077943  
-0.4149445575  
1.07783521  
-0.4736275934  
-0.06415008868  
-0.1473322562  
-1.312363677  
-0.3351896666  
0.5481099301  
0.2428046463  
-1.198096817  
1.508166455  
2.401239961  
-0.1334084626  
-0.9210750284  
-0.5050510038  
0.137877547  
0.2483268265  
-1.195309109  
-0.603575515  
0.1778544645  
0.2674674975  
0.6334810909  
1.791406108  
1.269421766  
0.9386133429  
-0.3808640805  
0.7839098494  
-0.8009505525  
-0.8802836304  
-1.019367936  
-1.439539727  
-0.3548799492  
0.3187596418  
-0.3975282105  
-0.03571010621  
-0.02230497593  
-1.236178085  
0.9031181215  
0.1599966413  
-1.890258731  
-1.675134919  
-0.3237684009  
0.9193492766  
0.6082054873  
-0.3212354475  
-0.03667803458  
0.761763304  
1.47262505  
0.4247828445  
0.01290218924  
-0.6561064623  
0.002372987172  
0.6969674353  
1.210336874  
0.3727480484  
-0.6040869732  
-0.2409730565  
0.8922232116  
1.898369835  
-0.03684096917  
-1.15874617  
-0.8394456373  
-0.4711671429  
1.44590229  
0.5445645954  
-0.6762608778  
-0.6890844753  
0.5651862978  
1.477397297  
-0.4313014438  
-1.306515404  
-0.4927733446  
-0.8523169069  
-0.04285718543  
1.106553042  
0.360115926  
0.03868823946  
-0.2951071143  
-0.6587492458  
-0.1730394828  
-0.3185749551  
-0.9697434323  
-1.687448772  
-0.1992600433  
-0.2478193939  
1.010105295  
0.3606782485  
-0.1868434858  
-0.3417486761  
0.2666159728  
-0.07072471236  
-1.600462668  
0.6621896035  
1.579264141  
-1.074195802  
0.7868331084  
-1.138510315  
-0.7367205389  
-1.685019252  
-0.8327660941  
-0.7440250085  
-1.239060022  
0.4192271043  
-1.347766806  
0.7839180622  
1.905204782  
2.172347678  
1.108996244  
1.305930745  
-0.8374541607  
1.071630738  
0.2631321085  
0.3023533934  
-0.3406336797  
-0.9854737787  
0.1029203264  
0.6040954542  
0.3116251841  
-0.5867587772  
-0.1068400557  
-0.4671071513  
0.9398962476  
0.6633642269  
-0.06580617864  
0.5105746891  
0.5078944349  
0.8624990451  
0.2830354142  
0.2550782351  
-0.8433573379  
0.7440596398  
0.4380058811  
0.06473473228  
1.439498023  
1.089404391  
0.0776645451  
1.475717251  
2.520093108  
-0.4777278684  
0.1694326921  
1.06010875  
-1.007662339  
0.05775258178  
0.5766439289  
-1.48683522  
0.01231839277  
-0.5164435872  
1.238247456  
0.7239918603  
-1.445892919  
0.2837107703  
0.1636459265  
0.4718760305  
1.445004354  
1.755437952  
-0.3728978449  
-0.8782824952  
-0.6342146239  
0.4892701904  
1.133481294  
0.5396249411  
-0.5761627002  
-1.921414751  
-1.42439688  
-1.108245867  
-1.423857595  
-1.816283408  
-2.235178299  
-0.8728130546  
-1.396680956  
0.2028731952  
-0.3672399938  
-0.6590633707  
-1.182383564  
-0.296321194  
0.3433163867  
-1.00737729  
0.2385319696  
-1.397315052  
-0.752973837  
-0.2854688198  
0.2890560793  
-0.898384905  
0.7282733296  
0.09279537589  
0.06331571094  
0.1448229975  
0.2482022398  
0.6677152498  
-0.9849176298  
1.698312102  
1.095976109  
0.435770665  
1.033935555  
-1.216472536  
-0.02583845087  
0.4393773107  
-0.8450191099  
0.8808616966  
0.00185284037  
1.61450954  
1.754401904  
2.741580321  
-0.03583289791  
0.5908571561  
-0.2224752021  
0.2648019065  
0.1733156055  
1.033400738  
-0.8041091623  
0.01058875775  
-0.8404255113  
-1.046316788  
0.08747107003  
-1.298662065  
-1.403894801  
1.623422068  
-0.6632928101  
-0.0344771061  
0.3730343031  
0.9680055459  
0.1606831021  
-1.412687734  
0.7291678089  
1.033871655  
0.5091605209  
-0.9198807076  
0.5091484982  
-1.151504445  
0.6815979864  
-0.4194872152  
-0.5993475992  
-0.1852290608  
0.227843333  
-0.3746613199  
0.1357067863  
0.7875784823  
0.2776256278  
0.9851276984  
0.9064463938  
-0.2860522639  
-0.2773366916  
-0.9075109992  
0.04068986529  
1.600101801  
1.214582552  
0.3534126625  
-0.8487589666  
-0.3819055434  
-0.7436060945  
-0.4569583288  
1.131951487  
-0.2113495789  
0.7893987619  
-0.1921926022  
1.573351617  
0.886399287  
0.0603867735  
0.9370965157  
0.5394385565  
0.471433041  
0.4009136944  
-0.5952327447  
0.4606858508  
2.130810249  
0.8198800495  
-1.445871622  
0.4126118511  
-1.504528933  
0.4734674867  
0.6783237912  
1.131367707  
0.9962208028  
-0.4167006969  
-2.308149411  
-1.706287588  
-2.636461593  
-2.702763014  
-1.545140311  
-2.934584442  
-1.744021561  
-0.9420061748  
-2.273752213  
-2.193140063  
0.4182075879  
-0.9360879191  
-0.1289125027  
0.02828471905  
-0.209961903  
1.86557907  
3.062787542  
0.0557138432  
-0.5242166667  
-0.2042719724  
-0.1349104065  
2.064705107  
0.4729823078  
-1.313846736  
-0.4545927443  
-1.334636835  
0.9431914232  
1.38625338  
-2.141995137  
0.08833036755  
-0.3120975274  
2.012699707  
2.169718691  
0.1090496887  
0.6364222158  
0.1066802741  
0.6682726172  
-0.05223899647  
0.4298557044  
-1.816509123  
0.6321536087  
-0.2650801136  
-0.1374996646  
-1.007198505  
1.018593624  
1.91199948  
-0.03277956892  
-1.125459003  
1.714060176  
0.5207151478  
-1.40209815  
-0.9786297719  
0.2620813753  
1.005643548  
-0.8232412006  
0.7772846401  
-1.526451772  
-0.427029804  
0.4071451748  
-0.4787838812  
