-0.2530120142  
-0.2823483625  
-0.8012209308  
-0.8195322002  
1.090515407  
-0.04240117537  
-1.386631908  
-1.211540388  
1.378758857  
1.897903412  
1.007738232  
0.2863583913  
-0.8035798588  
0.8098771315  
2.783707015  
0.6029204445  
-0.7902881832  
-0.09861334155  
0.6583269069  
0.9151603392  
-0.8461164014  
-0.9313215259  
-0.3796652463  
-0.7518617286  
-1.134898502  
0.7097758828  
-1.287487438  
-0.1259410022  
-0.8654541495  
-0.3198280553  
0.6576277527  
-0.8502770538  
-0.1560295402  
0.8105598841  
1.626278023  
0.9866172758  
1.31261016  
-1.782740662  
-0.3504719162  
-0.7665220388  
-1.608213264  
0.6223741839  
1.307307507  
-0.7206729435  
0.2292372954  
0.9932713831  
0.4524788739  
-0.1233961377  
-2.174027237  
-0.08158375812  
0.3747981178  
0.5874882277  
0.5891953649  
0.9782507763  
-0.5573797014  
-0.7715840133  
-1.234113241  
-0.6982918103  
1.289874615  
0.7501106302  
-0.5925058524  
0.7666666004  
0.2403666331  
0.6703188987  
0.3018892415  
-0.05366528927  
0.7615849831  
0.8724871957  
1.157235867  
0.2273881655  
-1.802895609  
-0.5861916804  
0.5417857337  
0.2147469325  
-0.1504622957  
-1.581349935  
-0.6897761818  
-0.6754365429  
-1.056614868  
-1.096359125  
-1.737281843  
-0.6967346771  
-0.9688973563  
0.8517304752  
1.885405428  
-0.6673051209  
-0.1675741569  
-0.3025812518  
1.273233607  
0.814951286  
-0.5472554748  
0.7135359929  
0.4420174876  
-1.19098307  
-1.01654915  
-2.259412873  
-1.147811539  
-0.9108692229  
-0.1942545097  
0.3600910252  
-0.5302210251  
0.2733616213  
1.24990357  
0.594227373  
-0.6274395284  
-0.9503404054  
0.21556143  
0.8388392604  
0.9590854978  
0.2174587366  
-1.328910824  
-0.4844189854  
-0.29039096  
0.7066456675  
0.2993953894  
1.478847371  
-0.6747580751  
1.189994639  
1.243879115  
0.5105134572  
-0.172251512  
-0.9670709397  
-1.060715519  
0.1032739585  
-0.8856224359  
-1.551687198  
-0.7456970447  
0.8879237378  
0.9873540746  
-0.9276031108  
-1.603562446  
0.607889962  
1.039845996  
1.685782987  
0.06219924167  
0.316545874  
1.472687708  
2.98459361  
1.612413161  
-1.639157637  
-1.479848035  
0.2916228941  
0.7390650741  
0.5434125272  
-0.6681746627  
-0.8027059303  
0.2824594589  
0.6895062388  
-0.2553832731  
1.212683931  
0.3616741949  
0.4853865503  
1.036364938  
0.1312780213  
1.077622396  
-0.142052973  
-0.3804652718  
0.7863154094  
0.006420908999  
-0.7169218812  
-0.5482360008  
0.08549424928  
-0.3791629743  
0.7172288359  
0.2796974951  
0.04698421893  
-0.1957482121  
2.086508876  
0.2241673877  
-1.299688099  
-1.725633157  
-0.9150348023  
-0.578064032  
0.03661626475  
0.5768934545  
0.7243800737  
-0.06311396692  
-0.8605800101  
-0.6479564213  
-0.1754021762  
-0.4612762173  
0.3979525971  
-0.1086991566  
-0.2789549396  
-0.4379225584  
0.7686445558  
-0.2882315796  
0.2017008862  
0.05317494165  
-0.2643676872  
0.3601446055  
0.368188482  
-0.9858620739  
-0.01000966946  
-0.8418466974  
0.3898980004  
0.7746719802  
0.7576594428  
-0.4424826681  
-0.4915532939  
1.081015367  
0.3790926784  
0.7066659323  
0.002984572669  
0.6238464888  
0.7952207525  
-0.1012351582  
0.789339282  
0.1720357597  
-0.05609232944  
-0.3560682257  
0.8006710102  
0.009665795461  
-0.607918567  
-0.7603198602  
-0.8130636306  
0.08703705744  
-0.7921917953  
-0.386052331  
-0.7030925153  
-0.3838869438  
-0.5009022524  
0.09505006354  
0.6500677611  
0.9179775751  
-1.165178639  
-0.5053243762  
0.3416993822  
0.6172117019  
-0.1245264813  
1.046693221  
1.133289086  
-0.1724418469  
0.6606439342  
0.09575345275  
0.893031346  
0.8268294591  
0.4828306499  
-0.2439105295  
-0.1240818154  
-0.3056427301  
0.6335985641  
-0.6660936287  
-0.5932912785  
-0.4098466362  
0.4759595197  
0.8994560385  
-0.318977843  
-1.024364621  
-0.6133591745  
-1.138533893  
0.4304712515  
-0.3232971313  
-1.3147308  
-0.2416574485  
0.2995375069  
0.5793972607  
-0.4605107554  
-0.4598863177  
0.3163384815  
0.3554848799  
1.432141068  
0.459342583  
-0.5734836218  
-1.032529766  
-0.9857241639  
0.1111738733  
-0.07512337031  
-1.310550401  
-1.556224752  
-0.8364859525  
-0.2145909522  
0.5963035812  
1.331156086  
-1.564721955  
-1.531842236  
-0.193824034  
-0.5427194414  
0.2788851145  
-0.2852390965  
-0.631333149  
1.223616378  
1.567244699  
0.6007284836  
0.1080622189  
-1.307306135  
-0.3996673428  
1.214473144  
2.106266436  
0.491026811  
0.1690301655  
0.9395955409  
0.5781762364  
-0.4241695545  
-1.125663331  
-0.2584218085  
-0.1345122755  
-0.3183310484  
-0.9525459599  
-0.5346412455  
-0.7076274037  
-0.7534914509  
0.1620045577  
1.131795712  
1.509065735  
-0.9482772371  
-1.140595305  
0.9148340902  
1.680648617  
-0.5133278586  
0.274081617  
-0.9213639902  
-0.2116818529  
-0.3982820468  
0.4898125324  
0.6295354633  
-1.074488278  
-0.8546021284  
1.342151673  
1.860951752  
0.7634020932  
-1.137294547  
-0.379725364  
1.528126344  
0.5589723199  
-0.2607618778  
0.165110301  
0.2628302884  
-0.8939055758  
0.3435190239  
0.5508143105  
-0.02411358956  
-0.5780941755  
0.01793985864  
1.083890217  
0.5708055943  
0.8606340545  
1.09887097  
1.205948636  
1.199442685  
0.3289252021  
1.057301684  
-0.4745498979  
-0.4593927241  
-0.3686522377  
-2.005246892  
-0.9978019739  
-0.1900313505  
-0.06400142947  
-1.097116394  
0.297831672  
0.7517668144  
-1.113444594  
-1.439266812  
-0.1088331247  
-0.3441973029  
-0.2555769967  
-0.1533195392  
-1.1931938  
-1.135717194  
0.5531642561  
2.064370245  
0.7005353661  
-0.5658175507  
-2.210838563  
-0.9477064392  
0.9078022557  
-0.04414165724  
-0.8190553532  
-1.065153032  
-0.3585781855  
0.001189578953  
0.4380297361  
-0.3561254161  
-1.077629199  
-0.4388094432  
0.1972410892  
-0.2028137695  
-1.506222852  
-0.4537609088  
0.6630290737  
1.336812347  
1.361835466  
0.4846354298  
-0.7166951551  
0.2382297892  
1.274657264  
0.6546638042  
0.236281101  
-2.165948504  
-0.2269913969  
1.320204252  
0.6045016542  
-0.4878039466  
0.5731765183  
-0.192293024  
0.7697367669  
1.344176008  
1.337099041  
0.0885018185  
0.03678957932  
-0.09421122928  
-0.07649955109  
0.1940274176  
0.1180205428  
-0.1484375611  
-0.5303919104  
-0.3108546131  
0.9004420136  
0.2634833043  
0.1500001528  
-0.6090247488  
-2.116931519  
-0.5354681652  
2.071709687  
0.3609588813  
0.1234713265  
0.5679907091  
1.059040634  
0.5027104131  
1.650720579  
0.8100297065  
-1.080915239  
-0.4867767574  
-1.024161361  
-0.283455357  
0.04027254249  
-0.9043253673  
-0.9701104246  
0.9408862515  
0.6851784878  
-0.3255364156  
-0.4761731835  
-0.2349065696  
0.489741245  
0.5749141415  
0.3143927628  
-1.51341888  
-1.756855292  
-0.2428256814  
0.4486664247  
-0.5085881569  
-0.5233811711  
-1.250455819  
-0.1953059563  
1.634752569  
1.072841199  
-0.1508733038  
0.4161356027  
0.6134728639  
0.8011946121  
0.693681617  
0.6780220457  
-1.20172111  
-1.560139802  
-0.00860278387  
1.830539172  
-0.4905479359  
-1.082722838  
0.3961527093  
1.240349167  
0.218824004  
1.364831289  
-0.4934560682  
-1.33899099  
0.8470902865  
1.373397932  
-0.5408513178  
-0.968442303  
-0.2037987861  
-0.515798047  
-2.090727544  
-1.218206021  
-0.6675192939  
-0.8231222949  
-0.09157717709  
-0.5554132213  
-0.2634295838  
2.208519675  
1.650349627  
0.08039184236  
0.924788371  
0.3280483635  
-0.151612073  
0.05576264876  
-0.5838205968  
-0.8167586464  
-1.115159166  
-1.085825217  
0.6550103618  
0.6605652503  
0.7494484521  
-0.3567197333  
0.04983640234  
0.8795179349  
-0.2287102116  
-0.8565822786  
-0.9527431884  
-1.43852813  
0.06674034019  
-0.1314432321  
-0.8205936436  
-0.06026912872  
-0.9235750226  
0.5981821565  
-0.2696239864  
0.2143121668  
0.4515519228  
-0.7720324294  
0.3519719768  
0.6484300537  
0.140806303  
0.01506339134  
-1.399771263  
0.6069832778  
0.5680205427  
0.3587031491  
-0.4670106334  
1.04492648  
0.6173935319  
-0.4857051063  
-0.09568876739  
-0.9989963116  
0.7601137937  
-0.2384548027  
-0.5497427173  
-0.8952799002  
0.3844844244  
-0.4197375296  
-0.09369365883  
1.103018397  
1.564302855  
1.724696907  
-0.7477626746  
-0.7723776847  
-0.3187049928  
0.167726343  
-0.0574401606  
-0.5311331463  
-0.5726614546  
0.5979013169  
0.8322398103  
1.731701641  
0.798264034  
1.271148475  
0.5438122423  
0.4309711564  
1.014012092  
-0.9115038103  
-0.4166530829  
-0.4588980246  
0.9158119838  
1.610740747  
-1.321214002  
-0.001066025627  
-0.8884586075  
-0.09783078253  
0.4765992174  
0.4416232308  
-1.008106413  
-2.039155648  
-0.8224108125  
-0.2767686339  
-0.14222464  
-1.10743864  
0.5023952436  
0.2537204978  
0.09960955631  
-0.6338400413  
-1.443837097  
-0.4129593279  
-0.08478274831  
-1.228017249  
-0.2086398495  
0.3776866823  
1.18812768  
1.39643011  
1.311988065  
0.1049535204  
1.987451652  
0.7914211186  
0.0356994589  
0.7010930339  
-0.6742634432  
0.4895542086  
-1.544646941  
-1.608022285  
-0.3686499381  
-0.03198208122  
0.8270483699  
