0.2849438409  
-2.357087245  
-1.413825928  
0.4445853604  
-0.7240815914  
-0.9488391141  
-1.895067374  
-0.1269782379  
2.405558084  
2.104291472  
1.637897435  
-1.076986262  
-1.026837227  
3.027903134  
1.600618945  
-1.383118006  
-0.1210138079  
3.129033707  
0.1662755177  
-1.552416842  
-1.559436506  
-0.7797078322  
2.068480299  
1.283161325  
1.238856851  
-0.9655647378  
-2.274728718  
-1.307236129  
0.6067397146  
0.1038182654  
-1.333372493  
-0.8436430645  
0.7166945726  
2.023572688  
0.9030235848  
-0.0953678615  
-1.840963317  
-2.286488756  
0.04255367112  
1.484326134  
0.2562138472  
-1.286674724  
-1.476586371  
0.3574243491  
2.751608341  
1.430763635  
0.3347795678  
-1.845737907  
-1.430115391  
0.0735305618  
2.29895476  
1.161078757  
0.3617993272  
-1.821687938  
-1.730599792  
0.5494653375  
0.05370656544  
0.2746601733  
-2.040437809  
-1.073020349  
-0.145788287  
2.344954416  
2.566676313  
1.542560702  
-1.372538315  
-1.096439799  
1.488469024  
2.764549782  
1.863737023  
-2.44004689  
-3.113652037  
-0.7940906824  
0.7093210188  
1.459121528  
-0.7044249765  
-1.387566572  
0.0009227506628  
-0.8687982457  
-0.3154603662  
-2.776707604  
-2.743216363  
0.7543214277  
2.380221363  
1.894032447  
-1.398870423  
-0.6821950887  
0.5251355471  
1.762288683  
1.008331453  
-1.068085331  
-0.7582619839  
1.266184429  
0.9392324658  
0.2819484819  
-2.656675381  
-1.519646188  
0.7971114181  
1.133350671  
-3.129503656  
-3.594448798  
-2.516754776  
1.792792751  
0.786615929  
-1.307486522  
-2.11861615  
0.3763442602  
3.377502666  
1.39516071  
0.6052468179  
-1.426949171  
-1.336056133  
-0.688538138  
1.335804818  
0.3935456243  
-0.0154876591  
-0.4916689093  
-0.4856602987  
3.279834076  
1.602725591  
-1.381104397  
-1.615724912  
1.678273248  
0.6677338284  
-1.606934821  
-2.207357789  
-0.9561366786  
0.6860305145  
0.007481289888  
-1.69463375  
-1.361220559  
1.729864156  
1.117664371  
0.4994824357  
-0.4569516976  
1.082759188  
2.127970116  
3.433505792  
-0.3608956944  
-2.932440054  
-0.6641099148  
-0.7548187416  
1.866495484  
-0.4896359561  
-2.637544321  
-1.410898087  
-0.879442287  
1.654830578  
1.799790563  
0.4618310376  
-0.9527778403  
-0.4054983286  
1.93033355  
2.073106184  
-0.5518780273  
-1.814268682  
-0.6437112073  
0.3428394617  
1.42859033  
-0.5268156088  
-2.290122668  
-2.099614414  
-1.03038664  
1.479249953  
1.452877629  
0.2748377248  
0.1594303997  
0.887141002  
1.898558068  
-0.3479935835  
-1.024474318  
0.3816428009  
2.180170914  
0.1617229966  
-1.715309981  
-0.06212641158  
1.575337063  
0.3121099631  
-1.367609174  
-0.5596661851  
1.710452424  
1.820260691  
0.4719327095  
-1.757888817  
-1.925090559  
-0.1571185342  
1.221237811  
-0.5293347388  
-1.557938147  
-0.1084815297  
0.8197547788  
0.6836542268  
-2.00157316  
-0.8691121418  
0.2055579912  
-0.05599261036  
-0.3083721177  
-0.06245497154  
2.72857552  
1.154128332  
0.004969518406  
-0.8922830103  
-0.9134328732  
0.9918817971  
-0.6645298579  
-1.431812433  
0.2230025927  
-0.190347518  
0.689002434  
0.5631742193  
1.822979606  
1.549548301  
1.991555051  
-0.3404319092  
-1.726491765  
0.09825850119  
-0.1388470501  
1.401910301  
0.8021915096  
-0.1456458812  
-1.312744063  
-1.38271998  
0.1336349512  
0.0513360719  
-1.169453248  
-2.296669267  
0.565358277  
1.572250765  
2.611424041  
0.4098674066  
-1.453937876  
-0.5562585391  
0.5986580806  
-1.052173155  
-2.035590978  
-0.2178569349  
-0.1098907846  
2.390539843  
0.6657278469  
-0.2895601264  
0.2226512582  
2.423352199  
0.364111666  
-0.4537149051  
-0.6495888168  
0.1858603971  
2.403441584  
1.031404924  
0.2090991222  
-1.10976622  
-1.55578481  
1.340219273  
0.01025557361  
-1.067859334  
-1.746651719  
-0.8018935625  
1.358484244  
-0.5987275531  
-0.7632423364  
0.06592313012  
2.910190665  
2.162889734  
-0.7404960295  
-1.642988286  
-0.1864276282  
0.9487501457  
1.233534604  
-0.9167954164  
-0.5418341357  
-0.9402728778  
-0.6700333388  
1.749862996  
0.6855036909  
-0.2284637133  
-2.41608025  
-1.330703402  
1.541901411  
1.108182677  
0.875317956  
0.4061627337  
0.8591970908  
1.680700373  
-0.3533608653  
-1.329509512  
-1.748200848  
-3.137969474  
-2.081751833  
1.508845885  
0.1194362342  
0.6471665562  
-0.5309043033  
0.07883631603  
1.836359655  
0.9125304994  
-1.078071478  
0.8594631865  
-0.318555524  
1.375658173  
0.172805692  
0.2720692108  
-2.028691412  
-1.527298658  
0.6539769755  
-0.2065401043  
-0.4676418409  
-3.074846908  
-0.6327711837  
1.213333862  
0.8047465486  
1.759704147  
-0.260608193  
-0.07339854942  
1.994369866  
2.524404776  
0.6429242601  
-0.5290639384  
-1.591900953  
0.1911751765  
0.681959171  
1.470034019  
0.4117468514  
-1.60820319  
-0.9441537022  
1.584979631  
1.270830134  
0.1331063212  
-1.491370099  
-0.2051867601  
0.1873029117  
0.6048387146  
0.7461098967  
-0.2426565824  
-1.448707688  
-0.2380020736  
0.5523536428  
-1.838611829  
-2.857411678  
-1.937316704  
0.3450145781  
-1.835994824  
0.07899404579  
2.363125542  
1.739614667  
0.3336169127  
-1.629345236  
-0.2615055069  
0.6476398007  
1.796236285  
1.390465428  
-4.762806015  
-0.4594317343  
-0.2209236954  
-0.5431020277  
0.8152547509  
1.1907705  
-0.2629428269  
-0.8369427862  
-2.446062922  
-1.269966238  
-0.6895382679  
1.459892217  
0.6622065378  
0.3013918433  
-0.813767833  
-0.8321538683  
-0.2217108664  
2.064483649  
1.648825696  
0.5114940564  
-1.745899214  
-1.043309106  
1.066700752  
0.6067670266  
0.2464641542  
-1.306343073  
-0.8993246422  
1.361125384  
0.5067372893  
-2.098908752  
-1.295354566  
1.575891752  
1.022108186  
1.146023009  
0.03286879437  
0.148599214  
-0.3781529595  
0.4535628395  
1.608366372  
-0.2563762386  
0.595568842  
0.9381486789  
1.075381356  
0.4318308444  
-0.307816101  
-0.09762408796  
-0.4292263562  
-0.04238542989  
2.698941019  
1.736145091  
0.665235803  
-0.4465254251  
0.538082466  
0.9238290303  
1.467960668  
0.3532359941  
-0.3324472262  
0.7487849465  
-0.05353012508  
0.7791514752  
-0.9099868931  
-1.287829562  
-2.019947558  
-0.9207723882  
0.3906684008  
2.240184094  
1.981211476  
0.900450526  
-0.31012101  
-1.330263044  
-0.4319315437  
-1.842362482  
-0.8858281658  
-1.997369266  
-1.172727269  
-0.9220611226  
-1.982525115  
-0.8051942479  
-1.465910314  
-0.9752091378  
0.6533789318  
1.248570126  
1.008790587  
-0.2904611613  
-0.8318096431  
0.260607591  
1.527641472  
0.04140511989  
-1.110733926  
-0.05992162539  
-0.7523128549  
-0.3621725523  
0.386574204  
0.5782405548  
-0.2380709317  
0.5222753102  
1.03863036  
1.299412211  
0.1662741504  
0.6832138826  
-0.7774428817  
-0.6382822161  
1.539554237  
-0.1601228886  
-1.110266451  
0.6594050265  
1.733928065  
1.848826283  
-0.2870804589  
0.1546125824  
0.4070794827  
0.9952449206  
-0.272301003  
-0.388877939  
-0.7324349583  
-1.09185252  
0.986112817  
0.8378906814  
-0.7912102688  
-2.409625528  
-0.2439806953  
-0.8748137639  
-0.12984704  
-0.06301762378  
0.1864259965  
2.503765655  
1.406332444  
0.03678495657  
-0.717064938  
-1.056709046  
1.068643118  
-0.6364976899  
0.06798582264  
-0.8656206567  
-0.1712724799  
0.3591072052  
1.461129547  
-0.301466489  
-0.9084284877  
-1.706860577  
-1.326994534  
1.68286502  
-0.1750497339  
1.03152239  
-0.1147543732  
0.6947481574  
1.664540261  
-0.02950385727  
0.5190016943  
-0.3855865976  
0.4175702244  
1.094348937  
-1.823677652  
-1.014594811  
-1.672342824  
-0.01021725411  
1.920534344  
-0.6146858783  
-0.6944409598  
-0.1085859172  
-0.4555324651  
0.3612527162  
0.05058316411  
0.3727516383  
-0.4774005017  
0.3905419684  
-0.5905448623  
-1.393571512  
-1.291950708  
0.9381604809  
3.096572826  
0.7480270657  
1.699886483  
0.6984752405  
2.117669377  
1.551228386  
2.332153431  
-0.1215089102  
-0.4824109439  
-1.638000409  
0.007794138936  
-0.7217533417  
-3.908280106  
-3.066589416  
-3.081726132  
-1.544881467  
-0.7232799049  
-0.5050704013  
-1.33752822  
-1.978927363  
0.7845922659  
0.1257472058  
-1.034923701  
-0.03915722681  
0.7515688454  
1.840426703  
2.621189988  
0.3052723133  
0.4146130924  
0.4787829526  
0.8901036347  
0.9409066057  
-0.8790764566  
-0.2276584701  
-0.5766590825  
0.357673234  
0.9005790778  
0.1301317512  
-0.7782590943  
0.2007564633  
1.515081072  
1.342571394  
-1.242428916  
-1.728650746  
-0.9938607949  
0.3990407531  
0.9940566212  
1.107149218  
-0.8244881875  
-1.015007099  
0.9500121467  
1.414545676  
-0.3882822854  
-0.7489654335  
1.502900642  
1.805547614  
0.4547033803  
-1.937823763  
-0.03895993142  
0.848525748  
-0.7492001213  
-1.084887994  
-0.8800139971  
1.491067681  
0.7306601423  
-1.866206711  
-1.301299605  
-0.01531067037  
0.9980978465  
-0.007278223634  
0.1622604044  
-0.1233742288  
