-2.333443787  
-1.001395467  
0.2823066933  
0.7181438372  
0.7396599627  
1.024763634  
2.599181485  
1.212986437  
1.616972886  
0.08729630135  
-0.3758955455  
0.4716635863  
0.3596413831  
1.726088745  
1.86508674  
-0.6617326946  
-1.298679384  
-2.567115227  
-3.433500068  
-4.392397421  
-2.454359673  
0.3647774523  
-0.06859092598  
-0.2752110961  
-0.08318396124  
-0.1205108513  
0.8452111579  
2.27867932  
2.186253282  
3.685996024  
0.8098474612  
0.4572252969  
-0.3469851496  
-1.669682816  
-1.278513078  
-0.6732645324  
-0.7301113885  
-0.9741599283  
0.7074920792  
-0.5000527603  
0.6576267037  
0.5078561627  
0.4539556028  
0.4040971021  
-0.06040498791  
-1.861763437  
-3.429864312  
-2.909350913  
-0.5204788054  
2.30206103  
2.084618879  
2.573410132  
0.7393572761  
0.8708060179  
0.4313772098  
1.279296536  
0.345055899  
0.06164277132  
0.4393057899  
0.6945854756  
2.590931863  
0.9435000167  
-0.9989510445  
-2.045617607  
-1.704104615  
-3.15580752  
-0.8370001695  
-1.996158983  
-0.5469804833  
0.4975823448  
-1.054510951  
1.325462341  
0.5495471809  
-1.267497969  
-1.895851119  
-2.477078465  
0.2132501892  
0.2210614615  
0.1670828962  
1.168073488  
1.947999132  
4.098513029  
1.65639207  
2.180097573  
-0.626999218  
0.1567373281  
1.736139466  
-1.269235693  
-1.797122817  
-3.858294947  
-3.66586973  
-1.940620251  
-0.9323178918  
-0.5014514093  
-0.6643578428  
-0.6985533026  
1.036229426  
0.4564190667  
-0.8913853573  
1.181978551  
2.50250589  
2.450299751  
4.006173418  
2.035238125  
1.174529265  
0.5559628612  
-0.7845147852  
-3.032405957  
-1.905854767  
-2.254983995  
-0.851916854  
0.7130467282  
0.01533788091  
0.4617326355  
0.03799680227  
0.3342063077  
0.3672138002  
1.712548696  
2.350604966  
2.945504512  
3.592826382  
2.984826662  
2.743215619  
-0.1840550592  
-0.9941505273  
-2.675550663  
-3.96400223  
-2.136957702  
-2.827688004  
-4.335938618  
-0.8800988981  
-2.096829613  
-0.9782306437  
0.3655618667  
2.307417477  
3.096218876  
0.9994461518  
0.2648044212  
-1.523820513  
-1.936675076  
-1.127142918  
-1.353737317  
-0.7980488178  
-2.628128117  
-0.7352286175  
0.5460966601  
1.334213051  
1.516893002  
0.7429552132  
1.079026136  
0.6359736379  
1.935574075  
0.3330111919  
1.075899008  
-0.3757994956  
0.6315358436  
2.812743422  
1.812888874  
1.91606989  
0.2231962054  
0.1945152074  
0.8460629502  
-0.1476519548  
-1.857906024  
-1.328417566  
-1.06085025  
-1.869462761  
0.4449265475  
0.6206258123  
0.318287535  
0.4385320612  
-1.384852301  
-0.1130116786  
-1.632025552  
-0.6123178965  
-0.3556038827  
-0.078148265  
0.3100283386  
0.8406406947  
0.3647259061  
1.199532184  
0.8189578796  
0.03859649982  
-0.582011599  
2.418736307  
0.8992710237  
-0.3265639112  
-3.617531841  
-2.995906199  
-2.300815132  
-3.498726807  
-2.34001096  
-1.807804779  
0.3394879152  
0.9043419779  
0.413996851  
1.076751751  
1.636333818  
2.511638909  
1.97977825  
2.278710887  
2.431607783  
2.280418178  
2.672906739  
0.9312823401  
-1.345868881  
-1.129433643  
0.2317787578  
-0.4335764096  
-2.199134474  
-1.153525766  
-1.509599407  
-1.138118976  
-0.4937637982  
0.7354152016  
0.8325559177  
0.1275419478  
0.3328981086  
1.13614771  
2.154123472  
3.740164546  
3.048082704  
1.111348083  
2.431243106  
1.415391807  
0.9502719437  
-0.4591971269  
-2.560343213  
-3.142470982  
-3.561038562  
-1.096179075  
-0.1153889348  
0.3943932521  
0.530636799  
3.292553349  
4.155207561  
4.33158431  
3.470037578  
1.673248407  
-1.369171346  
-3.690726886  
-4.296653292  
-6.858270604  
-5.636703162  
-3.604911706  
-1.446600938  
-2.096234058  
-1.526053801  
-0.4749861907  
1.509343203  
3.586576577  
3.437535453  
4.833574631  
2.315646948  
-0.1574357786  
-0.7661399258  
-1.839262382  
-1.994633358  
-2.218139826  
-3.498985745  
-3.144894222  
-0.4966775702  
-0.8462964312  
1.16429749  
1.784928955  
2.177032713  
3.483359211  
0.7128086862  
1.150771666  
0.9513204367  
1.713394712  
0.8453666135  
-0.05694682049  
-1.188883013  
-0.6344497851  
-0.5266586389  
-2.085951805  
-3.892808812  
-4.031504848  
-2.102239051  
-0.2109657492  
-0.6727434152  
-1.144224788  
-0.6915917144  
1.476338233  
2.480582641  
3.628354682  
3.359146997  
3.533285079  
3.280524995  
1.605444984  
0.1928335823  
-0.4029427889  
-3.672764722  
-4.399519904  
0.003477112417  
-0.7639381932  
0.5113819734  
-0.1785949484  
-1.009791083  
-0.9481280244  
-0.7576656345  
-0.9530693376  
-0.8738196903  
-1.72848106  
0.1775553134  
2.366256761  
0.8572209452  
-0.05327139794  
-0.06618265145  
2.135301348  
2.166291441  
2.435837247  
2.843756352  
1.908357023  
-0.1535551238  
-1.580962397  
-1.028474549  
-1.455514016  
-2.24333472  
-0.9215344752  
1.52111843  
1.751514266  
0.7515442227  
0.9108588645  
-0.3536004078  
-0.6839787045  
-0.1899774436  
-0.02551334578  
1.588832621  
0.08030066871  
-1.415484967  
-1.36141788  
-2.416164701  
-2.364725312  
-2.770228852  
-1.771330764  
-1.763958331  
0.2561941072  
0.007705203254  
0.9820288984  
1.763214364  
1.676286614  
0.856628812  
2.717159775  
4.429097162  
2.408953625  
1.643848541  
1.525091728  
-3.921514286  
-3.58144501  
-5.138840802  
-5.189528669  
-2.810166905  
-3.078037209  
-4.006753061  
-2.430771635  
-0.5211522759  
0.4025162734  
0.5838799851  
2.357370388  
2.092269789  
3.579713686  
2.880553438  
2.084516673  
-0.1125852021  
-1.106147174  
-2.567412632  
-1.671761053  
-0.3010484515  
0.6594461283  
-2.207576591  
-2.623240458  
-2.247818744  
-1.157372409  
-0.2227041301  
0.7509989781  
1.677094691  
3.582091291  
3.28851579  
1.836035458  
0.3756600532  
-2.012063311  
-0.5926834336  
-0.3501204788  
-1.249308074  
-0.2627737411  
0.6832616293  
1.27501472  
1.159248131  
1.043090134  
1.526372425  
3.148859699  
2.194043325  
3.398831828  
2.160150492  
0.8978897703  
-2.716049444  
-1.611706782  
-2.724943654  
-2.48983172  
0.8258137748  
1.144565468  
1.846802959  
-0.8738933105  
-0.6724095565  
-0.0544645289  
0.3203971167  
0.5496015135  
0.02838207134  
-0.1815556184  
0.4392084446  
0.2391201263  
-0.2710902128  
0.0195559531  
-2.265427011  
-1.014730059  
-0.3294538032  
1.365334735  
1.025807054  
0.1318122345  
-0.6392182205  
1.503432874  
1.359166277  
-0.7254155461  
-2.02446503  
-1.323245616  
-0.1615503178  
3.112146461  
2.53159727  
2.96032665  
-0.4026475509  
-0.5780201024  
-2.316175549  
-3.748733038  
-2.337588794  
-1.75334016  
-1.582692293  
-0.2468659883  
0.03542410069  
-0.1039728446  
1.599495735  
2.025801728  
2.542564216  
3.607167886  
1.754183266  
-1.569649887  
-3.160665144  
-4.400065169  
-1.870341779  
-1.436760897  
-0.1694526177  
-0.3593697922  
1.447183379  
2.931974232  
2.416976049  
4.11543112  
3.513321247  
3.45151766  
1.356141918  
-0.2608754361  
-1.867466198  
-1.80104099  
-1.769310114  
0.2970451282  
0.7983294829  
-1.484783237  
-2.865957052  
-3.331916321  
-2.896368611  
-2.742500565  
-1.851925326  
0.8212350563  
0.5386877131  
0.5458531738  
-1.168402405  
-0.03372153137  
2.15686971  
1.796195574  
0.8283985912  
-0.08849219025  
-1.321599139  
0.3026389731  
-0.3527861539  
-0.03607876267  
0.01066900351  
0.5889380772  
0.3541666901  
0.2430100892  
-0.08440002695  
-1.384440747  
-0.2985217059  
0.9714581958  
1.476113765  
2.263453517  
1.316373421  
0.4589198805  
-2.057481661  
-2.685272031  
-1.824980365  
-1.778111276  
-1.596625299  
0.885453806  
1.504646716  
2.451525742  
3.901211112  
4.245286035  
1.250015971  
-2.335988049  
-2.511904351  
-0.815124437  
-0.1743831589  
-2.490085922  
-1.062323525  
0.2409497833  
1.282110972  
2.854202768  
5.047346812  
4.080713283  
2.480403851  
-2.175331407  
-3.170007991  
-3.549039031  
-2.767378879  
-2.561210339  
-2.994180206  
-2.757583301  
-1.174381989  
0.5630937014  
0.667675981  
0.1946743036  
1.698786503  
2.590976627  
1.594852615  
0.0001792673102  
-2.365630106  
0.5851631715  
0.4621992628  
-0.03168446107  
-0.739419604  
-0.002150665928  
-0.7807115785  
-0.9246768574  
-1.09654654  
1.244848335  
0.9990769627  
0.1985547661  
1.603974432  
3.402868146  
2.81618387  
-0.3417559034  
-1.112522497  
-2.498629025  
-0.8375436968  
-1.060722015  
-1.123586242  
-0.5269961116  
-0.3894756577  
0.03117304741  
0.7500575516  
1.687833557  
3.751615312  
2.634322929  
1.87817809  
1.590324189  
1.093608259  
-0.06314173805  
-0.1021081844  
-1.457191556  
-2.805113342  
-4.245759145  
-4.633145863  
-0.424901947  
1.475682031  
1.948766389  
2.079230898  
3.568775252  
2.769551061  
1.563951532  
-1.49792256  
-2.795937566  
-0.1298423438  
-2.112033415  
-1.622192457  
-2.370926114  
-0.7697325142  
0.925424509  
2.074411055  
1.201134133  
0.5424328744  
