0.2694334345  
1.033281612  
-0.3804250422  
-2.332743138  
-0.358483629  
0.7113337578  
1.475338786  
0.7147655802  
-2.580393075  
-0.3175458099  
1.655731368  
2.255169967  
-0.182239898  
-1.826879919  
-0.234834196  
2.151324019  
-0.4829466888  
-1.916833155  
-1.474558001  
1.900913207  
2.824389087  
-0.3505659123  
-1.82108806  
-0.706799619  
0.9283551714  
1.60816094  
0.1755940081  
-3.923071471  
-4.088149161  
-0.2142610539  
2.069163291  
1.737734338  
-0.7237716414  
-1.44377659  
-0.4495902211  
1.527682527  
2.49903688  
1.424005949  
-1.951360164  
-2.755014637  
-0.236767156  
0.9589296506  
1.158022865  
-0.2979293805  
-2.191570448  
-0.3409605472  
1.229054935  
2.506488486  
2.145283198  
-0.7951238453  
-2.410296021  
-1.450071222  
1.152885294  
2.358860264  
0.6213970501  
-2.767733541  
-1.665821433  
0.0977864991  
2.039631305  
1.445379893  
-2.212385366  
-3.237758979  
-0.9789498715  
0.04915569308  
0.9635900519  
1.693039808  
-1.744448208  
-1.250934957  
1.510717032  
3.621292154  
2.475877195  
-2.255659455  
-0.4740534557  
0.08973357717  
1.456747078  
1.037101777  
-2.404284188  
-1.493038208  
-0.1119076134  
1.015602949  
-1.449345212  
-3.737504938  
-2.797819556  
0.01280381886  
2.552868735  
2.955174285  
-0.3474831869  
0.4205813186  
1.98580931  
3.876669007  
1.1268811  
-1.593124591  
-0.871397443  
0.672128327  
0.9698503776  
-0.5048374514  
-3.568192281  
-1.976794366  
-0.1701807751  
1.205379055  
0.2911032662  
-1.631293657  
1.700929903  
2.974462453  
1.730169773  
-1.204050991  
-2.132520608  
-0.1100800913  
0.6442763644  
2.388334671  
1.111309586  
-2.741797188  
-3.172477274  
0.5596580487  
3.079842677  
3.911702675  
0.8776749953  
-1.596972972  
-0.2033727414  
1.391943633  
0.09599256718  
-3.123262175  
-1.483191243  
0.1444212894  
0.2429826898  
-3.105019179  
-2.902879576  
0.3088119327  
2.498282906  
0.5073876175  
-2.638031261  
-1.27089991  
0.6684864471  
2.0353689  
2.281365445  
-1.076118803  
-2.489140285  
1.24670794  
2.026412693  
2.013165695  
-1.389389582  
-4.019148112  
-0.3431447642  
0.6162954585  
0.2090490743  
-1.48952239  
-3.254090182  
0.1815089406  
2.248929225  
3.086401376  
1.855143115  
-1.034956801  
-1.366525752  
1.469498645  
2.300785746  
0.3234357953  
-3.010310441  
-3.422183917  
0.3180549641  
1.871374126  
0.6231998992  
-0.5971549216  
-1.267121897  
0.720768415  
3.298700544  
4.044455323  
-0.2727433915  
-0.780330945  
1.054675964  
2.363010414  
0.09907229761  
-3.147416993  
-1.220194868  
1.414748092  
-0.1879704844  
-1.34420364  
0.08468890145  
2.890540242  
-1.848412807  
-4.03160235  
-2.188084271  
-1.798113122  
0.7270351312  
-0.3905677928  
-2.595534374  
-2.725703784  
0.03935406707  
2.865036657  
2.000894338  
-1.173644097  
-0.8461186041  
3.004732095  
2.562522144  
-1.242070762  
1.060205633  
3.249106309  
-0.06932464998  
-3.214389157  
-1.295056462  
1.166706454  
2.221696194  
-0.297152145  
-3.423686045  
-1.241256202  
0.6672813744  
-0.8310525284  
-2.631551171  
-0.993835482  
2.078556919  
3.44811487  
-0.5529755106  
-2.973901923  
0.6409840595  
3.077112553  
1.791025822  
-1.768186235  
-3.633129339  
-2.294148873  
0.3139287231  
1.775659328  
-2.263118386  
-3.626955902  
-0.8338739173  
2.564859036  
4.293948344  
2.424625085  
-1.301427472  
-2.138136741  
2.054793461  
3.930381539  
0.6918606337  
-1.851428267  
1.447479864  
3.603929157  
3.435687043  
-0.1922785064  
-2.584768916  
-1.554402498  
0.367816633  
2.247198215  
-2.627814991  
-1.121979996  
0.7250524642  
2.26848911  
-0.05935854077  
-3.866346753  
-0.8220027937  
1.103748401  
2.902720898  
-0.5004464955  
-3.307847834  
-1.867962558  
0.7458843415  
2.879869056  
-0.8840645257  
-2.106821155  
0.6489334217  
4.016887053  
0.6695924018  
-2.811849135  
-0.5463387679  
2.232782243  
4.105232586  
1.361499617  
-1.353093608  
-2.87239275  
0.2163262252  
1.982859264  
3.347142351  
-0.7465254638  
-3.89810975  
-2.495931582  
-0.2221231777  
2.541379226  
-0.250908608  
-2.291135127  
-0.2198100344  
2.081185477  
2.916164515  
-0.1813051365  
-2.142333903  
-3.330202029  
-0.1075842957  
0.7430729789  
2.437149746  
-0.03655624209  
-3.617755535  
-2.897282058  
-0.1107269316  
2.186767947  
-2.913927902  
-3.31771008  
1.052051571  
4.764769674  
2.959998878  
-1.301072651  
-1.542349618  
1.0150542  
1.829697925  
2.139652692  
-1.712946672  
-4.513832711  
-1.897249238  
-0.1145945871  
1.116970749  
-1.556052082  
-3.503635371  
-1.973724455  
0.551368659  
3.62186097  
3.429214381  
-0.8190178126  
-1.441996555  
1.235213521  
2.205220014  
3.074223782  
1.876994744  
-0.7761984346  
-1.734311927  
1.76502757  
3.641795246  
2.651425741  
-1.202396775  
-0.002126862775  
1.168117345  
1.865417609  
1.940784024  
-2.363274615  
-3.23939757  
-0.2091997272  
0.8600220978  
1.676918068  
-1.946960078  
-2.77728802  
0.4653892869  
1.473020565  
-1.700530396  
-0.3393760034  
1.91997472  
-0.2937174219  
-2.917494377  
-0.227475586  
0.2677345547  
2.67438149  
2.316109386  
-1.340761993  
-3.944196813  
-2.652834443  
2.300490122  
2.222210788  
0.2271751751  
2.338707659  
-1.444739817  
-3.635029453  
-1.957942228  
1.179219333  
2.05303052  
2.300095917  
-1.751002455  
-3.268825671  
-1.117182219  
-0.03683703756  
1.185554635  
2.719533243  
0.3989114491  
-2.596363555  
0.100913665  
1.16223643  
2.643016777  
1.997307599  
-2.882424348  
-2.062761824  
-0.7465746347  
1.977555504  
0.3484840767  
-1.433103578  
0.9644583608  
3.018417124  
-0.1751681732  
-3.799336223  
-2.58491639  
-0.5087124196  
2.495479845  
1.775595546  
-2.232618125  
-1.586698076  
1.265231886  
3.372575694  
3.093208037  
0.9351266904  
-1.109422075  
-0.5816171321  
0.5978130234  
1.49278594  
1.593789097  
-0.7697819296  
-2.430650842  
-1.186915379  
0.9553660917  
2.562694405  
2.483794759  
-1.708112503  
-3.054851568  
-0.2854396072  
1.720896979  
2.042917211  
-1.108737706  
-3.419423115  
-1.193013161  
0.746533407  
3.094558006  
2.172727186  
-1.165911929  
-1.570656937  
-0.3236794951  
2.522180961  
4.170139505  
0.06505028094  
-4.215269212  
-2.88442521  
-1.22049601  
-0.1675681507  
-0.2669171904  
-3.782685803  
-1.614798861  
0.1489652336  
1.914354463  
-0.6623594876  
-4.200131715  
-2.246072789  
0.2974657419  
3.313172813  
2.956043432  
0.6446664524  
-1.605019745  
1.507240585  
4.425865968  
3.056308178  
0.1251213  
-2.239442323  
-0.8676278781  
0.3184895495  
1.288663185  
-1.19049519  
-3.282089466  
-3.704967313  
-1.06831918  
0.7664803434  
3.345096028  
0.6453389507  
-1.554708587  
1.18442684  
3.960040709  
1.691416448  
-2.66631359  
-4.067902666  
-1.357519504  
0.5408886575  
1.795408451  
-1.650238736  
-0.8553742794  
1.670897347  
3.791235947  
2.379078312  
-2.330130847  
-0.9468266875  
0.5452195516  
2.428729114  
-1.974801911  
-2.608580633  
-0.7463620688  
1.132305717  
-1.701307607  
-3.001280182  
-1.16971272  
0.192812626  
1.62707608  
1.023503936  
-2.311428443  
-1.125907579  
1.268803261  
2.914011161  
2.612368024  
2.219212144  
-1.673085967  
-0.9741164969  
0.1090025155  
1.289921383  
-0.6806983357  
-2.305083897  
0.5501503102  
1.921615097  
2.86149411  
2.179667649  
-2.500171412  
-0.4717221183  
1.667651161  
3.211743235  
-0.2974155038  
-3.107000469  
-1.872613716  
0.1547336473  
1.676714537  
-0.3394389411  
-2.670758844  
-0.395856315  
1.529133774  
3.462211581  
2.039296929  
-2.830957534  
-2.110965859  
0.353525329  
3.710097058  
0.2220463875  
-1.160089358  
0.6681749596  
1.956656208  
-1.53624191  
-3.782407908  
-1.309668331  
1.786038111  
3.818300681  
2.962057622  
-0.05450376066  
-0.7270623488  
-0.3251706367  
1.287144681  
3.252209787  
-0.5658064486  
-3.878341496  
-1.39898193  
-0.0348604603  
1.57021395  
-2.030850659  
-5.416885035  
-4.654162109  
-1.729332024  
0.4508008396  
-1.742176795  
-3.824328243  
-2.562684478  
-0.6107525144  
2.263517506  
0.3274195755  
-2.355083521  
-0.06511775346  
1.943219829  
3.683905527  
0.3386965505  
-1.674185334  
-1.155674488  
1.422312236  
4.242817454  
3.102728864  
0.0193548403  
-1.374293621  
0.4332083605  
2.538215682  
2.872688262  
-2.433189526  
-3.591063844  
-1.601297258  
0.7472426888  
1.389667473  
-1.038720739  
-2.427290188  
0.5361637522  
3.168725734  
2.79631108  
-2.159915727  
-1.579803206  
1.16953925  
0.4374489989  
-2.108620011  
-1.578701725  
1.341704451  
-0.6168675378  
-3.533331876  
-0.7980915902  
3.00734155  
3.703888758  
-0.1601869885  
-2.83715274  
-1.866152324  
1.956617322  
0.7841318728  
-2.589613432  
-1.877572034  
1.468707163  
2.861406137  
