1.446082997  
2.317270955  
0.931774971  
-0.2566340623  
-1.626333642  
-0.40210846  
-0.7387784371  
-1.488054617  
0.02789940102  
-0.9762947246  
-0.06460762605  
1.660434846  
1.220308265  
2.140454468  
2.355931915  
0.9063428815  
-0.8491337047  
-0.9198971122  
-0.9212381384  
-0.5597811787  
-0.2644175446  
-0.9186499065  
-1.115429195  
-1.482740581  
-0.05288615533  
1.34784758  
0.6734348301  
-1.303221801  
-1.098971555  
-1.15503336  
-0.7253311928  
-0.1455378276  
-0.9110355288  
-0.1806688433  
-0.2515930692  
-0.120108676  
1.716068901  
0.9286159068  
-1.185267105  
-0.9419788957  
-0.8097502483  
0.8590981478  
1.966906523  
1.63802726  
1.127611246  
-1.259770521  
-0.3638198356  
0.4744752148  
0.4332159196  
-0.2774684953  
-0.2497295437  
-0.4707564584  
0.1197281259  
1.548739726  
-0.1600238563  
-0.3501388969  
-1.082153248  
0.2517647351  
1.535305187  
1.411608061  
1.263780012  
0.8895786307  
0.1515835963  
-1.002221082  
0.2960174968  
-1.012172346  
-2.152082916  
-2.65728106  
-0.6549048537  
0.1920310206  
-1.176806986  
-2.328085781  
-3.113858559  
-2.05150027  
-0.4123329731  
0.04932534517  
0.260487072  
0.2391705033  
0.8832609469  
3.103665571  
2.0102703  
1.325873359  
0.3435471156  
0.6163803858  
1.226109009  
0.1017553964  
-1.360200339  
-2.491776815  
-0.532765392  
-0.1577641828  
-0.3035517162  
-0.6809166812  
-1.466392338  
-1.363465731  
-0.3167788138  
0.3353572852  
-0.8540320077  
-1.165696609  
1.115020979  
1.397256786  
0.3347823443  
0.8387254997  
0.7747958275  
1.946391697  
1.998692899  
0.9781337113  
-0.1993705929  
-1.875442063  
-0.8106501779  
-0.2289369754  
0.04755050978  
-0.9282447486  
-0.5992073187  
0.1649400132  
1.223280857  
2.816643229  
2.119542515  
0.1710881829  
-0.6314684336  
2.064438533  
-0.980255736  
-1.829449294  
-0.8844172266  
0.2925051413  
-0.5935987262  
-3.962174181  
-3.901836531  
-1.913451562  
-1.149243202  
-1.237150766  
-0.8890419304  
0.6729695279  
1.905989942  
4.199520562  
4.665749896  
1.193972826  
0.4365255121  
0.3723293433  
0.2953265887  
0.6132623203  
-1.222268802  
-0.7465453769  
0.2125259021  
-0.2663518114  
0.6308230685  
-1.593937765  
-1.529216535  
-0.8967572238  
1.322189454  
1.80351282  
1.942862519  
0.4142342224  
0.4840314907  
0.8865391033  
0.5439217192  
-0.2389523422  
-2.411208872  
-1.78761887  
-0.4559314169  
-0.1001092089  
0.7230307267  
1.312212309  
0.949021921  
0.7621683115  
1.684890815  
3.197332661  
-0.0368276736  
-0.5764561964  
1.260125747  
1.245021806  
0.1690622375  
-1.08906995  
-1.802693297  
-1.255499876  
-1.462752047  
-2.424265172  
0.3123602971  
-0.4242778563  
0.1762643905  
0.02238460049  
-0.8489170856  
-0.5581146989  
0.7095343701  
-0.9932510602  
-2.692603788  
-2.561155321  
-2.140515686  
0.4633288673  
0.7879125975  
-2.312830732  
-2.177247241  
0.7309306597  
0.3850381833  
-0.4874818769  
1.153719481  
1.673602126  
0.2435859315  
-0.8812191409  
-0.2541983783  
0.6871890018  
2.239704153  
0.8025774316  
0.5426457811  
-0.4101465697  
1.552533391  
1.633093958  
0.9345438248  
1.122213727  
2.916371828  
1.404372654  
-1.223776953  
-0.5664652359  
-0.4117498157  
0.3101102223  
0.4860323133  
-1.762083809  
-2.232679569  
-2.139049483  
-0.6760021654  
0.7423332615  
1.557697822  
1.678461423  
0.932457774  
1.917910324  
2.393181813  
1.625737307  
-0.1111580955  
-0.6264432943  
1.440969591  
0.2481995678  
-1.395945302  
-0.8089102454  
-0.9430940216  
1.520480867  
2.548148991  
0.8134131353  
1.924532932  
1.586373784  
3.780900737  
0.3748398209  
-1.619540356  
-2.265705252  
-0.787453416  
0.0402016246  
-2.010972313  
-2.53275907  
-2.621141683  
-1.083945775  
1.618874389  
1.391384893  
1.358358045  
2.461445562  
2.434540107  
1.810707879  
0.1558461839  
-0.4827719041  
0.6662429459  
-0.7501040905  
-1.231126477  
-1.329019118  
-1.972955229  
-0.6233500765  
-0.6970307663  
-0.9379224423  
-1.443213626  
-2.068827306  
-2.380685131  
-0.353067317  
1.185857471  
0.3622235096  
-0.2629211274  
-1.37806785  
-1.616854942  
-1.669595108  
-1.948321742  
-1.675365222  
-2.778422963  
-2.653024562  
-2.362915786  
-2.342323681  
-2.229133989  
-1.371244608  
-0.1204347347  
2.420060503  
3.555728086  
2.673507772  
2.591499885  
2.011750233  
2.381044226  
2.890111961  
1.867182182  
0.2203183652  
0.1263972106  
-0.03516603864  
-0.390020634  
-3.29818391  
-3.757802072  
-3.383195732  
-1.474777453  
-0.1009071063  
0.2496081995  
-0.1573576856  
0.7698521918  
1.295181073  
1.85002358  
1.134226204  
0.8722751781  
0.1331198715  
1.933710925  
2.006158686  
3.198190478  
1.945049891  
1.378116626  
0.1096138109  
-0.4209866443  
0.9315796447  
1.053810559  
-0.9995521525  
-1.792378454  
-0.9937080165  
0.3838260259  
1.233815098  
-0.2455606978  
-1.173290683  
-0.1540900529  
0.5730379978  
0.4806435747  
0.8639772119  
0.5539822109  
0.4333901842  
1.389348374  
-0.04305206344  
0.8460821471  
-1.685567748  
-1.191372188  
-1.18800328  
-3.027655789  
-1.65580393  
1.204010476  
0.3096487249  
0.4192752228  
0.8713090287  
1.953354973  
2.742090644  
2.333572125  
2.820863441  
2.0029221  
0.09440509335  
-2.822584684  
-3.158844493  
0.8597175847  
-0.7196513634  
-2.916592365  
-3.714397833  
-5.915675713  
-5.834414711  
-2.407224897  
-2.107128873  
-2.419101685  
-2.509855439  
-1.490827079  
0.1258122058  
3.368398192  
3.397185607  
2.858066084  
1.248770783  
-0.03342087246  
0.8383587375  
1.252257809  
1.302692179  
-0.6050566611  
-3.402380233  
-2.337603347  
-1.232703254  
0.2220583427  
-0.291789185  
0.05442259268  
1.421579182  
0.7998246023  
-0.4587661293  
-1.200140123  
-0.7977894612  
1.108377581  
0.0623125338  
-0.2277455388  
-1.87261462  
0.389245878  
2.539487859  
2.419299994  
2.806258485  
2.801939966  
1.965003223  
1.933778673  
2.397623427  
1.737147207  
1.332700653  
1.294569366  
-0.8293373546  
-1.541310787  
-0.306949347  
-0.7136608434  
-0.558453004  
-1.28162313  
-0.6295795734  
0.0004139537628  
-0.01997823436  
0.2750182454  
-0.7235620465  
-1.69754625  
-1.180605815  
0.2785928979  
-0.6549539414  
-0.5343241028  
-1.130507335  
-2.358496602  
-0.4443408582  
0.9522024931  
0.2626573569  
-0.8961615939  
0.9864925445  
1.282294175  
3.145499757  
3.298300505  
0.157874172  
-0.01769118969  
-0.9328453368  
0.6276552212  
0.4720466161  
0.4364816113  
-0.1963665213  
-0.07186910886  
0.2337555812  
0.7171757638  
1.172509856  
0.1658548828  
-0.7972287645  
0.513819738  
-0.9369081401  
-0.2740001356  
-0.8191186086  
-1.397142196  
-0.1062706011  
-1.633807865  
-0.5186373499  
0.3771001349  
-1.258991544  
-1.200182029  
0.5985296695  
0.8443775497  
0.6685275822  
-0.03294446475  
0.6068379586  
1.046813972  
0.05765680269  
-0.0758137202  
-0.5933589136  
1.160385424  
2.117248388  
0.8728315174  
-0.1038375104  
-0.7890343068  
-0.2809183201  
-1.399069039  
-0.8926543917  
0.8140616725  
0.5053337652  
-0.2258365939  
-2.534713573  
-1.715933775  
-1.856721848  
-0.5736795699  
-1.119960075  
-1.184947374  
-0.8133639432  
0.7368332527  
1.575542656  
2.336725276  
4.123284499  
2.771253608  
2.071668311  
-0.09498701902  
0.008422723662  
-0.3895944018  
-0.4422527492  
-0.8417207463  
-2.06660929  
-1.208687184  
-1.397253856  
-2.338182665  
-1.282728229  
-1.000658952  
0.01721308968  
2.22562082  
1.182483563  
0.7426522668  
1.523871638  
1.953052422  
0.3634658837  
-0.4274520206  
-1.281643544  
-2.339308393  
-3.41219338  
-1.772470228  
-0.521920529  
-0.8340759425  
-1.331455497  
-0.3688474448  
2.478220609  
2.158108024  
0.981414506  
0.5150051322  
1.059646112  
-1.004683303  
-0.5997643016  
-0.1329791341  
0.06982747706  
-0.3804918554  
0.1912505171  
-0.1777875609  
-0.09867999863  
-0.5157611779  
0.6200008547  
0.07945930433  
-0.2524436686  
-1.375214617  
-1.863096085  
-1.400680062  
-0.2676229165  
1.473230673  
0.3430171983  
0.6032825482  
2.45264133  
3.087722444  
1.429873042  
0.5249038742  
-0.045851814  
0.4423996321  
0.6717064567  
0.2216536163  
-1.912193625  
-1.89162624  
-1.263756678  
-0.7878445462  
0.8637665763  
1.023751391  
1.48542729  
2.228825054  
2.121671603  
3.395000647  
1.166393399  
-0.4898964034  
-0.825322312  
0.01218350418  
-0.3580547952  
-1.704507359  
-1.556181309  
-0.6491403015  
2.227938426  
-0.1551597725  
-0.8012414669  
-1.477451695  
-1.257833176  
-0.4528370442  
-0.0596252714  
1.066798153  
0.6117429685  
0.5129852294  
-0.2030261028  
-1.345778753  
-1.269078328  
-1.967658797  
-1.062751358  
-0.4839299406  
-1.522653813  
-0.3976843332  
-0.9934062327  
1.175499732  
1.007595839  
1.737577842  
2.61186329  
2.402467098  
3.173763064  
1.010039509  
-0.9186143815  
-1.139002274  
-0.0344922694  
-1.158075716  
-1.149645012  
-0.7126266612  
0.1169322779  
