-1.023465834  
-2.25934185  
-0.4697280326  
2.991177536  
1.292640078  
-0.1580524872  
-1.39425423  
-0.9903559034  
2.404791341  
-0.3493884813  
-1.175832888  
-1.294797642  
-0.1786117524  
2.817495897  
-0.1551970712  
-1.89834093  
1.671220081  
3.108634981  
0.07352244055  
-1.910872397  
-2.342801024  
1.2023749  
2.756658787  
-0.08755807529  
-1.071390679  
-1.953252705  
-2.425250029  
1.773014848  
0.4608248151  
0.03538562447  
-1.32622237  
-1.244389079  
1.498144094  
3.519218877  
2.464035812  
-0.3100736784  
-0.4798790975  
-0.9245631726  
1.94605742  
1.395119275  
-1.444993021  
-2.216455636  
-2.266986122  
-0.9379003673  
2.003866013  
0.8051230279  
-0.05459090802  
-0.4518728632  
-1.205438932  
0.5889516161  
3.107486754  
1.389929893  
-2.193068905  
-2.104022152  
-1.148734842  
2.551908227  
1.607723405  
-0.7620368189  
-1.3336703  
-1.538093555  
0.9148061025  
2.195395395  
0.2758101081  
-0.651208134  
-2.2202581  
-2.165822126  
2.159347086  
2.311644463  
-0.3071596312  
-1.306099633  
-1.919382942  
1.935899249  
1.255999083  
-0.07466530857  
-1.678885423  
-2.224488761  
1.245696486  
-0.2698604073  
-0.4285921569  
-0.9212171026  
-0.3091242907  
2.708039503  
2.139073941  
-0.2432946729  
-2.03411284  
-2.231164121  
1.547763052  
0.4979555678  
-0.6107821373  
-1.527417993  
-0.8613471567  
2.105204749  
1.158127083  
0.1079490286  
-2.374533576  
-0.6201871875  
3.25445716  
-0.07501326648  
-1.759484718  
-2.80849793  
-0.1329740264  
2.994154091  
-1.570129709  
-2.505123904  
-3.739644998  
0.6421024676  
4.13709042  
1.219579989  
-1.267056212  
-1.798373904  
-1.758133512  
1.241968988  
2.820292634  
-0.4447658786  
-0.8983055965  
-1.318081043  
0.7122151944  
3.756069662  
0.5361104648  
-0.6883187362  
0.5481409338  
2.874429466  
0.4262372669  
-1.675376218  
-3.252725603  
1.158106164  
1.033469087  
0.3171215268  
-0.9415397662  
-1.087709864  
1.69287227  
-0.1226264063  
-1.105205696  
-0.607435672  
0.9740114765  
1.723482315  
2.604746783  
-0.07938359125  
-1.289350359  
-2.333159634  
1.046530576  
4.20272766  
0.853401537  
-1.15757389  
-3.161687447  
0.3391994379  
3.18943739  
-1.079304838  
-2.468422  
-2.716248599  
-0.9362938895  
2.600485068  
1.001104852  
-0.01516567211  
-1.698527562  
-3.441392827  
1.361305621  
1.792440751  
0.4118490626  
-1.830046614  
-1.755302732  
0.4375224246  
3.162743101  
1.051846844  
-0.2822649942  
-0.828644061  
1.624930739  
0.815266017  
-0.571695374  
-2.233553361  
-0.6612498368  
2.041990429  
-0.4753888425  
-1.609630667  
-0.8406309112  
0.5679169583  
-1.230267573  
-2.792561215  
0.2808731011  
2.77064696  
1.241742244  
-0.1016662274  
-0.9732876241  
0.367226828  
2.58328972  
2.037203145  
-0.9564224669  
-1.821914091  
-1.132416294  
0.6959835585  
-0.07545353277  
-0.9628759618  
-0.586062994  
3.024219781  
-0.6460893979  
-1.561532585  
0.7590964752  
2.852944683  
-0.412357877  
-2.351051501  
-2.690045728  
-0.1162419993  
3.455749852  
0.1625315173  
-0.6309707868  
1.391177813  
2.222551596  
2.109050066  
-0.8005401908  
-2.18050713  
1.28675538  
1.808595619  
-0.1368228735  
-1.307610645  
-2.221699908  
-0.09224591227  
2.603300179  
0.09474633348  
-0.9564957891  
-1.948949689  
-0.336480099  
3.434309299  
0.6883542044  
-1.21528319  
-1.710164729  
-1.095397714  
1.914518862  
1.49613565  
-1.531288221  
-1.482926419  
1.582628802  
2.010390118  
-1.057580624  
-1.371352975  
-1.850146912  
1.15061394  
2.17804638  
0.4547563263  
-2.511416503  
-1.462767384  
1.399921634  
-0.4737654813  
-1.846131308  
-2.522395322  
-0.1583549536  
2.592968799  
-0.1381586076  
-1.211146273  
-1.950963105  
0.5354862621  
2.175557793  
0.2917105206  
-0.7892204293  
-0.8408946817  
2.662549277  
1.340197514  
-1.099568637  
-2.648776773  
0.1484422947  
3.153589409  
0.8771025673  
-0.1643876622  
-2.045219757  
-0.04136038118  
1.246717114  
2.773526889  
0.09039525944  
-2.428614235  
-1.570580483  
-0.5806750671  
1.367228969  
0.2379756317  
-0.4940657268  
-1.567599161  
-0.09886611186  
2.621317701  
1.602762068  
-1.654090867  
-1.861364939  
-0.6839856229  
-0.2673470249  
1.145346731  
-1.657902578  
-2.155154601  
-2.00088904  
-0.05616498784  
3.898825561  
0.8075349658  
1.239211736  
-1.13204777  
1.491971532  
2.330360547  
0.4667777847  
-0.6931593743  
-2.120016843  
0.5367366757  
1.464971773  
-0.436906039  
-1.938002882  
-2.732334709  
-0.8467615511  
2.214361786  
-0.8516442569  
-1.217422321  
-0.9888181825  
0.2575398474  
2.33826637  
0.6867360311  
-0.619557504  
-1.223800431  
-0.7648147079  
1.212606408  
3.305501962  
0.807739851  
-0.6714371948  
-1.154930143  
0.1242806305  
1.257009938  
2.864390861  
-0.3181946029  
-2.146215294  
-0.2118750866  
3.276300371  
1.187904792  
-1.547041821  
-0.8716074181  
-2.03695781  
2.057486826  
2.729030373  
-0.5193284906  
-1.719960817  
-1.590074604  
0.4193863532  
2.298906507  
-1.086610908  
-2.013353795  
1.238832781  
-2.248957867  
-1.429724364  
0.4579438913  
2.062087949  
1.290817471  
-0.5926116963  
-0.3897281586  
-1.240714868  
0.9899601141  
3.395191334  
-0.06260378705  
-2.787556973  
-2.224160128  
-1.859600451  
-2.496698724  
-1.204421784  
1.361149743  
0.349769405  
-1.409577359  
-2.192205849  
-2.655631426  
1.11395723  
2.295236722  
-0.8171506219  
-1.208390686  
-0.1474544779  
-1.382396439  
1.288655026  
3.09653479  
0.4953006858  
-1.782842618  
-2.614941407  
-0.4125533359  
3.319494226  
1.123834304  
-0.3819007026  
-1.507999927  
0.7101158799  
4.158956857  
-1.125887023  
-0.9749498209  
-0.0984225566  
3.342235965  
2.234711976  
-0.2886463039  
-1.361340113  
-2.791651842  
0.8043137755  
0.5778602113  
0.1924842894  
-1.438193521  
-1.773902501  
-0.2521988642  
3.651287017  
1.673574857  
0.8829182432  
-0.96764726  
-1.575793378  
0.6017235815  
3.577276248  
2.604097795  
-0.2893493624  
-1.255532388  
-2.770825091  
-0.09019623097  
1.23934705  
0.4667088402  
-1.456912349  
-3.117587669  
0.8831335862  
3.574465615  
1.202303331  
-1.407418193  
-1.596991037  
-0.1047998351  
0.8914329696  
2.457970453  
1.758417769  
-0.5898631306  
-2.435320362  
-0.4507058944  
1.102421064  
-1.245601594  
-1.162853001  
-1.59497243  
-1.866937722  
1.392645673  
-0.7023516061  
-0.5683417526  
-0.6325194728  
0.764865609  
2.827590865  
0.7169524443  
0.1250848194  
-1.191018588  
-2.471460273  
0.7235625946  
2.24518022  
-0.9934045363  
-0.4860429114  
-0.952397164  
-1.141313064  
3.280528286  
1.617696484  
-0.3754325097  
-1.544180828  
0.3441840537  
1.633832927  
2.114434648  
-0.3293943857  
-1.590168047  
-2.207887487  
0.4781722158  
1.790254987  
1.710970731  
-0.9452593258  
-2.691565572  
0.2975059314  
1.723216368  
0.3291069973  
-0.08462603153  
0.1990779178  
1.872223495  
0.8988223582  
-0.8502642006  
-1.597625818  
-1.964888054  
1.108624328  
0.8358815534  
-0.5151470354  
-1.170532764  
0.9128336324  
0.1887912087  
-1.923338983  
-1.728147733  
0.1863807248  
1.608661708  
-0.6313611055  
-2.261848934  
-1.580401767  
-0.2298462291  
2.526646156  
-1.691544456  
-1.895508603  
-0.708451111  
-1.31614289  
-0.3139891955  
1.298906681  
0.09932743171  
-0.5321171628  
-1.468281439  
1.2498538  
3.485162689  
0.5666471312  
-0.1855001438  
-0.4977244233  
-1.352532769  
3.593914295  
1.096392439  
0.3359087553  
-1.258629698  
1.35903031  
2.957510115  
-1.200102328  
-0.04528246886  
-1.0349851  
0.8073577694  
2.262371602  
-0.2071266649  
-0.6666710453  
-1.050296488  
-1.532414529  
2.104707064  
1.735005564  
0.3285765421  
-0.9826646258  
0.3802616122  
1.692487835  
-0.9342959044  
-1.064773066  
0.4144766074  
1.550235294  
-0.5752852276  
-1.508286817  
-1.493869968  
-0.7584993697  
1.220017323  
2.945129197  
-0.1174509638  
-1.108493382  
-1.209593379  
-0.3394467183  
1.443174892  
-1.411243374  
-0.8463525329  
-1.673675044  
0.4849328425  
0.567059921  
-1.456066933  
-0.5662273164  
-1.474445974  
-0.3537080116  
0.650890254  
-0.7512253167  
-0.6547278394  
-1.98160984  
1.05000794  
3.118873005  
-0.1236346394  
-0.1780028423  
-0.8208233823  
0.737811693  
1.592707559  
0.6403577034  
-0.3155269563  
-0.1588619627  
0.1215863846  
0.4989480622  
2.053262919  
0.1392153661  
-2.547265606  
-2.502549493  
0.1797563682  
-0.2225125709  
0.3840605404  
-0.6889188293  
-1.007874587  
1.631293641  
3.688386182  
-0.9989405873  
-0.5938839008  
-0.8009609071  
2.103701304  
-0.1909131993  
-1.466923059  
0.5216377446  
0.9835923747  
-0.9135694106  
-0.6892983895  
0.1103748558  
0.9729481456  
-0.1311618539  
-1.069117933  
-1.837133342  
1.301477052  
2.16267949  
-1.542088594  
-0.7494918147  
0.9414426388  
1.853116283  
1.505771998  
-1.951535451  
-1.158785253  
