-2.583815176  
-1.607092817  
0.8726683618  
2.993290395  
0.6690638576  
-1.525061406  
-1.462936281  
1.776346419  
3.546554852  
0.6348831107  
-1.294030642  
-1.957054798  
0.1283896702  
0.8972930875  
0.07482890721  
-1.634866479  
1.130592529  
2.212374894  
-1.092413553  
-2.266945259  
-1.457607193  
1.794329722  
1.616529568  
-0.3813999583  
-2.513051964  
-2.355535754  
0.269496042  
1.3060259  
2.156960908  
1.280541839  
-0.5847769532  
-0.5083601668  
1.556693721  
2.130145896  
-0.114656306  
-1.528336344  
-3.228895989  
-0.6216514221  
3.576764765  
2.329908258  
-0.8113342503  
-2.370819959  
-1.977841549  
0.02175771043  
1.6747523  
1.053321103  
-1.837309552  
-3.754922562  
-1.511676224  
1.950669221  
3.232813985  
1.161685483  
-1.061418672  
-2.722996178  
-0.08528990128  
2.328976744  
1.509738843  
-0.1656874472  
-1.023447455  
-1.094402019  
1.670135925  
2.826617983  
1.093665461  
-1.130541909  
-1.840411913  
-0.1370327483  
2.430698581  
0.5132329582  
-1.734749245  
-2.525771068  
-0.7347863832  
0.5708822832  
0.8739179688  
-0.1189694719  
-2.326346155  
-1.509515458  
2.07772902  
1.902372039  
0.02165298995  
-2.006471758  
0.6465745126  
3.350009353  
3.569378682  
0.321959592  
-2.68320894  
-2.191644363  
0.7254366258  
-0.1695278156  
-1.913125375  
-2.029236082  
0.02298567536  
1.397423133  
0.8586410019  
-1.171256634  
-3.35989772  
-0.6115726163  
2.989755459  
1.30427628  
-2.760265513  
-0.5254485613  
1.056231586  
2.017218695  
0.1715772386  
-2.206410222  
-1.006863276  
0.4274330124  
3.349600645  
0.3019608452  
-0.3396637534  
-1.886510522  
-0.5893627137  
1.842790531  
2.36206776  
0.3805242347  
-2.353485209  
-1.698391083  
0.9576421498  
2.148744659  
0.8100667891  
-2.26926681  
0.3917938805  
3.82430595  
0.7180206591  
-0.6904340982  
0.2320816937  
0.8741056944  
0.525585551  
-0.4705820986  
-1.987092652  
-0.3858428061  
1.415317428  
-1.217762362  
-1.865673092  
-2.952159028  
0.4063916142  
3.108816424  
0.717645883  
-1.423862243  
-2.268242922  
-1.58514433  
-0.0518605594  
1.779987851  
0.04829967567  
-2.113489853  
-0.6536773956  
1.383917881  
1.980697503  
-0.2620739764  
-0.8092068019  
-2.780199742  
0.2292618755  
3.483638905  
0.9484789818  
-0.0491266645  
-1.335183485  
0.2176708494  
1.951872558  
1.343639426  
-0.3745927465  
-1.641414105  
-0.2865028627  
1.190594961  
1.660664375  
0.8938309478  
-2.21853701  
-0.8178693913  
2.039019629  
-0.3580125444  
-0.8856609356  
-2.168214819  
0.1896152577  
2.906628866  
1.140831963  
-1.131529645  
-0.3341195282  
-0.6703588672  
-0.1757411303  
-1.60486819  
0.2630087355  
1.423002579  
1.240620414  
-1.220779224  
-0.5879484703  
-0.1255471124  
1.555779792  
-0.4385457733  
-1.536937321  
-2.782104247  
-0.7344305132  
1.290849732  
0.01512715694  
-2.247588668  
-1.001698101  
2.390229752  
1.530047146  
-1.430186174  
0.7155935924  
1.122955618  
-0.5098777799  
-2.385063657  
-1.144884339  
-0.404975499  
2.976791196  
1.397057186  
-0.1248559861  
0.5731296019  
1.233451512  
1.127338969  
1.101207763  
0.141268565  
1.333539109  
1.387597984  
-0.6384417468  
-2.840096289  
-0.7195232514  
1.549927799  
1.484743498  
0.2827865132  
-2.084776681  
-2.75262759  
0.2302904437  
2.543242807  
0.8405044234  
-0.3267453746  
-1.374348731  
0.2046856211  
1.630240685  
0.6765230596  
-0.618220069  
-3.090391472  
-0.294496384  
0.5152938857  
-1.249027148  
-2.728416532  
0.4014255141  
2.616351246  
2.979588661  
-0.2591251687  
-2.065353937  
-0.4600262728  
1.568496037  
-0.4979711094  
-2.540601244  
-1.990067962  
0.09862421005  
2.220568587  
-0.3607515842  
-1.180554097  
-1.43851411  
-0.4969350966  
2.557491819  
1.446483417  
-0.2656140564  
-0.6978869047  
0.3791546265  
1.74217281  
0.4513200957  
-1.447017023  
0.707700265  
2.104218539  
-0.8561564167  
-1.641216013  
-1.661743767  
0.3727889018  
2.307087447  
0.6183989892  
-0.8882400673  
-1.699175711  
-1.437539289  
0.3095713398  
3.919432565  
1.144344449  
-1.090209645  
-1.776230483  
-1.382229442  
2.381485533  
0.5244544256  
-2.107287064  
-1.500487399  
0.1335979622  
1.63275548  
-1.0899604  
-2.984320598  
-0.9412275946  
-0.5720083744  
1.549300201  
3.453071217  
1.090381872  
-0.3027823757  
0.7094835295  
0.7492535866  
0.2350711434  
0.2841956057  
-1.7757096  
-0.6145428894  
1.565998725  
-0.756545008  
-0.9904563842  
-1.097550015  
-1.214190085  
1.243616408  
2.584249783  
-0.2945365783  
-1.877983627  
-2.202366852  
1.241237352  
1.566285854  
0.7034735037  
0.3226019935  
-2.586436569  
-0.4609648941  
2.030681227  
0.4352297163  
0.4263275398  
-0.9655799724  
-1.085695836  
0.8877958917  
2.376360306  
1.225284093  
-1.724748481  
-3.355911279  
0.6829774142  
2.851264252  
1.064843025  
-1.952911835  
-1.622170779  
0.03035093113  
1.325652925  
1.211039064  
0.3600820624  
-0.8858729148  
-1.412584057  
1.631661152  
0.6910060473  
-0.4867551939  
-1.994594982  
0.4487617196  
-0.4353180358  
-0.9463592823  
1.17315256  
1.725718949  
1.282958851  
-1.020069974  
-0.3360955911  
1.208186519  
1.505612652  
2.255945172  
0.2307057924  
0.8671692776  
-3.461648774  
-2.367903584  
-1.065588044  
0.4466045489  
1.434331694  
-0.2272219255  
-1.96769892  
-1.63636102  
-1.570330857  
0.7525755965  
0.540517704  
-0.8164650503  
-1.68656575  
-2.264006602  
-1.079701471  
1.643552437  
3.052808899  
-0.02430530699  
-1.906312645  
-3.412040398  
0.4267490335  
3.347622577  
0.0919785367  
-2.208667109  
-3.383570072  
1.183404021  
1.496418242  
-0.4125563859  
-1.566997805  
2.156473947  
3.662826087  
1.218051928  
-1.764792374  
-1.746293368  
0.7036781766  
1.975722068  
0.7892482042  
-1.076407883  
-1.758395814  
0.5750158843  
1.827652773  
2.041558349  
2.112592854  
0.2000184005  
-1.269022096  
0.204033336  
1.008438389  
1.958067709  
-0.3643933361  
-1.726431522  
-0.9861237219  
-1.658983655  
0.9715421376  
0.2912244248  
0.3872256067  
0.07034138335  
0.412944832  
1.20831264  
1.242297031  
0.5433103443  
-1.276858445  
-1.354159346  
-0.8443643393  
2.423354535  
1.11166004  
-0.3207126773  
-1.911935772  
-1.949589564  
-0.5280414245  
-1.806294804  
-1.268207891  
-1.723664812  
-2.436859566  
0.8457003251  
3.520001365  
1.031588668  
-0.6227980506  
-1.418817076  
0.3436841684  
1.888172396  
-0.3803125532  
-0.2896820459  
-0.6890291557  
-1.002673576  
0.09013233933  
0.605244935  
-0.1403074614  
-1.567262227  
-1.02032113  
1.105210202  
1.261525304  
-1.028162635  
0.9404089563  
0.6536401028  
2.313254382  
2.495605351  
0.4538661423  
-1.123550954  
-0.4997962189  
-2.162230592  
1.177262329  
0.841468961  
-0.9024335106  
-2.594772681  
1.010956021  
2.019133537  
0.9626663761  
-0.1246560373  
0.1188078209  
2.243359997  
1.061875018  
-0.9334541842  
-1.486578454  
-1.519905506  
0.3144994631  
1.783548397  
-0.04476034463  
1.174266598  
-0.8583638684  
-0.589347182  
-0.3204091712  
-1.041296894  
0.2060958172  
0.5160412178  
-0.8353738209  
-0.8023928441  
-1.711396292  
-1.960591028  
-0.006110431274  
1.040436814  
0.8948300761  
-1.357532183  
-1.658600618  
1.00300371  
2.669824212  
1.59811334  
0.5576315038  
0.03056608298  
-1.45646965  
0.8741285082  
1.722769551  
0.1273102487  
-2.033984753  
-2.958433852  
-0.5729815403  
1.38516158  
0.7821791443  
-0.6106053653  
-1.810673383  
0.1038906409  
1.770624235  
-0.1469724332  
-2.036410099  
-2.302291721  
0.8718764968  
1.58432833  
0.5934405802  
0.1720041866  
-0.7980443529  
1.694878141  
1.897108501  
-0.4846690072  
-1.100343208  
-1.954450793  
0.6946948111  
0.6615568074  
-0.05985634976  
-1.112780667  
2.33684378  
0.8042833961  
0.3782299515  
-1.288107864  
-0.8998337582  
-0.3795631039  
0.7221837463  
-0.2839875505  
-1.554402186  
-2.178737173  
-1.659979404  
1.291228834  
2.13521467  
-1.612941254  
-2.176673699  
-0.3211282253  
2.225146323  
2.94645846  
1.391349023  
-0.1508130564  
-0.8857594578  
0.6805286544  
1.337053198  
0.02404638996  
-1.151480662  
-1.050287382  
-0.242105485  
1.828367563  
0.07084938297  
-1.705163655  
0.1143914482  
0.3160255004  
1.498309794  
0.2405632066  
-1.102122327  
-0.7898096309  
0.7449196932  
0.9786460882  
0.278337654  
-1.88499703  
-0.8159568356  
0.8975494391  
1.561467691  
0.38811245  
0.1191819295  
0.05516801478  
0.6645414365  
1.002604615  
1.773709301  
0.08610608522  
-1.920890384  
0.1205817566  
0.2343059479  
-0.6647004681  
-1.462331594  
1.082112243  
1.999490091  
-0.08036889571  
-1.472789487  
1.436559111  
1.723700343  
0.2748128274  
-1.612733731  
-2.5595367  
0.5770536141  
1.668653351  
-0.1722070636  
-1.748757951  
0.3662848298  
1.588383605  
1.045401363  
-0.7983197157  
-2.091971631  
