-0.7449865934  
0.05413370814  
1.253716981  
1.172119928  
-1.215547153  
0.7674337943  
0.5967071974  
0.2266078101  
-0.4708520507  
-0.877380944  
-1.123517779  
-0.1034017755  
0.3881699978  
-0.5953237737  
0.1637630185  
0.8934297338  
-0.4823580777  
-0.1031393061  
-1.61058315  
0.3282428269  
1.239669039  
1.155214439  
1.665584521  
-0.9372711115  
-0.3338667726  
0.3754470769  
-0.07431277908  
-0.01729549689  
0.4845564668  
-1.44261726  
0.5338197458  
2.077893393  
-1.269297946  
-1.355448468  
-1.85181893  
-1.15559087  
-0.6103160632  
-0.7472923387  
-0.3162972596  
0.4524596366  
-0.2521578397  
1.244699791  
0.7067434008  
0.9848968227  
0.6569410734  
0.7445462372  
0.5915272209  
-0.5900252431  
-0.6298510258  
0.2080631094  
0.7912446826  
-0.00259271834  
1.501713395  
0.2854498101  
-1.120923247  
-0.3034615372  
-0.3954820071  
0.1676895051  
0.09206521732  
0.4056762064  
-0.5803108064  
-0.817767094  
-1.846023574  
-0.23487629  
1.778632783  
2.232248473  
0.5641315093  
-0.05043891844  
-1.095511036  
-0.619556473  
0.2039581067  
-1.354922455  
-0.6155086941  
-0.4234607259  
-0.2049708949  
0.5802298425  
-0.1066863653  
-0.605853481  
-0.762752514  
0.6769881745  
0.434948104  
0.7444041679  
0.1446065144  
-0.7793686595  
0.7927001715  
0.2430657689  
-1.185188102  
-0.2753371309  
-0.2907867867  
0.04535191469  
0.4202634796  
0.2297189622  
-1.466648919  
-1.309155231  
0.7507860253  
1.329154081  
-0.1664110921  
-0.5379856518  
-0.4909321806  
0.08075018728  
1.281781617  
1.692231941  
-0.4073787693  
-0.1105251082  
0.6933955762  
1.499869101  
0.234134275  
-1.370196905  
-0.9522317633  
-0.9235731087  
0.2875978015  
-0.9062627578  
-0.5670690915  
-0.6523238015  
0.2059599966  
-0.2322798986  
-0.1088576012  
-0.6947155216  
0.168148099  
1.257601925  
-0.6583686687  
0.1315140931  
-0.4810247589  
1.716112234  
1.223038588  
0.1664190796  
0.9447280814  
0.1960410493  
-0.3232491791  
-1.532324077  
-0.2379284478  
-0.5783566651  
-1.539121221  
0.582475716  
2.276432926  
0.2175384917  
-0.8789985063  
-0.2497891695  
1.599461308  
0.2889129671  
-0.4195391097  
-0.3211108559  
-0.3709787533  
1.731087031  
-0.4221778521  
-0.1988423348  
0.7791482959  
-1.945954335  
-0.6956236314  
-0.2190851073  
-0.7010643619  
0.987575886  
0.6516488968  
-0.8893193789  
0.6403467804  
0.7396187191  
-0.3574807151  
0.4251666476  
-0.5564213942  
0.3493128632  
0.3040304283  
0.1222151594  
1.899979601  
0.273620188  
0.3552194898  
0.09063663935  
-0.3706324941  
-0.2769986876  
0.900115161  
0.9052228875  
0.7974823966  
-0.2725323486  
-0.4037898443  
0.7180135034  
1.047980995  
-0.4598644218  
-1.340876606  
-0.4081574801  
-1.055046036  
-1.66787784  
-1.319535889  
-0.04475231657  
-0.7756583413  
-1.178481326  
-0.1574079091  
1.263354598  
-0.2708516117  
-0.4596280241  
0.6660262866  
-0.1492361847  
-0.9900323826  
-0.5924997511  
-0.3983090222  
-1.657569741  
-0.09469258592  
1.610788132  
0.3160438051  
-0.8043124593  
0.2208545429  
1.475023408  
0.26653985  
-0.1344934957  
1.465146985  
-0.2690495783  
-0.5596002587  
0.8527943435  
1.227067599  
-0.1398589093  
0.1035495302  
0.5696013256  
-0.5560663031  
-1.008439651  
-1.396232991  
0.3574118325  
1.175052824  
0.1239245673  
0.9887009953  
-0.4292928496  
-0.7684047311  
1.046702471  
0.3410515464  
-0.9618827475  
-1.459941759  
-0.7494029436  
0.09871246533  
0.2577335662  
0.1369010301  
0.6096853992  
-0.8770648788  
0.2480308214  
-0.1603082697  
-1.125944679  
0.1509212341  
1.932489298  
1.063812659  
0.7963038604  
1.722013205  
-0.6687466027  
-0.1083493774  
0.1962771457  
0.3635601508  
0.1000294842  
0.406731542  
-0.4678281759  
-0.8505790139  
0.9443243844  
-1.13665305  
-1.180983663  
0.4800460032  
0.1541872694  
0.2062435057  
-0.4771204689  
0.3491016887  
2.615107514  
0.9172527492  
0.5149759611  
0.3517893247  
-0.4186515597  
0.4070826291  
-1.053049719  
-1.435718026  
0.04706285092  
-0.5689545051  
-0.6397366259  
-0.1456325949  
-0.1887718962  
-0.08542746152  
-0.3632122928  
0.5885578869  
0.009287702269  
-0.1645475437  
0.5150735152  
-0.6440265106  
-0.09721221414  
-0.7267910468  
-1.015068141  
-0.5269557633  
0.5199664636  
-0.004301792074  
0.01363265479  
-1.349099209  
-1.406809547  
-1.382442108  
-1.171542263  
1.350188764  
2.384188399  
0.1034506449  
-0.6853019411  
0.06116496928  
1.114407305  
1.005190856  
-1.379693082  
0.2244800274  
1.133163434  
1.136825492  
0.732693124  
0.2652687252  
-1.816721268  
-0.2029557693  
1.035126276  
0.7471933434  
-1.730179561  
-1.315131586  
0.6014719014  
1.125761078  
0.3757581337  
0.6408125913  
1.393450896  
-0.2092452333  
0.2772514415  
1.268801565  
-0.4238731775  
-0.1417168109  
-0.4053994267  
-0.3072674496  
0.9790386609  
0.5219932284  
-1.86818528  
-1.077032895  
-1.473194019  
0.3205432076  
-0.5548073736  
0.03453785873  
0.03988656762  
-0.2152387489  
0.1653765446  
1.470707391  
-0.3725129374  
-0.6077047245  
-1.456637337  
0.2425732531  
1.472602071  
1.359583059  
-0.4206041426  
-1.121420894  
-0.4008672537  
-1.490122402  
-1.018240147  
0.6287799622  
-0.1218047054  
-0.8139709665  
0.08636625716  
1.026527101  
0.1024873395  
1.106020811  
0.9163080391  
1.606798286  
1.674255563  
2.497129264  
-1.319827019  
-0.5702939578  
0.06794588714  
0.7818041153  
0.3682128781  
-0.8499045681  
-2.265479133  
-0.2913296109  
0.2369713747  
0.3029084089  
-0.476821574  
-1.572917923  
-0.4200541079  
0.5814898091  
1.044116019  
0.8250155716  
0.6426924766  
-1.464330191  
-0.870890411  
0.0332742239  
0.1073388787  
-0.1001362522  
0.679640985  
-0.06324136175  
1.475577774  
1.547206535  
-1.526561357  
-1.0189401  
-0.1428514428  
-0.4278028422  
-0.5365324091  
-0.2559798763  
0.5815045463  
0.216396869  
-0.005323957718  
-0.2538860519  
0.7841347385  
-0.4365067886  
0.03074359621  
-0.03565155011  
-0.769225448  
0.1470417056  
-0.7696343115  
0.6835548651  
1.096316987  
1.397848762  
0.5966998138  
0.6884679663  
-1.79751276  
-1.570202433  
0.2309328203  
1.205043044  
-0.5640416277  
-1.393471142  
-1.024118545  
-0.3294439064  
0.8606715009  
0.7314302301  
1.046301633  
0.1109724603  
0.9854585114  
0.9243459784  
1.705189548  
0.2766078173  
-0.6627196197  
-1.31478735  
1.160172206  
1.934594408  
0.6055550567  
-0.2116859633  
-1.504619376  
-0.7034657788  
0.3892149913  
0.1021939618  
-0.6163433641  
-0.8909635581  
-1.571080471  
-0.01524049096  
0.4842887135  
-1.171523966  
-0.3591734023  
-0.6834157964  
-0.2804031746  
1.200399931  
0.4788991069  
-0.5617971445  
-0.6181951919  
1.418012732  
0.01911956062  
-1.035822109  
-2.151987316  
-1.407281424  
0.1067835386  
-0.001501523146  
-1.155077474  
-0.3235107918  
0.4761596138  
-0.02802107221  
1.553604011  
0.2858628344  
0.7797350728  
-0.5403231808  
-0.9604234049  
0.184908578  
1.2175861  
0.9233896072  
0.3530428456  
-0.2024111109  
1.062924634  
2.149585823  
2.239873491  
-1.840017593  
-0.5938268961  
0.5383329178  
0.1506422186  
-1.317324629  
-1.762086817  
-0.6325075873  
1.158315564  
-0.1144794676  
-2.635273649  
-0.9259114789  
0.4462392919  
-1.568761862  
-1.881850702  
-0.1799789414  
0.5965315278  
0.4197266295  
0.2682375516  
1.000383898  
1.416461001  
0.6602839122  
0.5743157297  
2.190106115  
1.06541459  
1.543452261  
-1.250411556  
-0.4139193155  
0.3212561044  
-0.2535281177  
-1.674195639  
0.005417419949  
0.2836695253  
0.3252950618  
2.799074407  
0.01717312363  
0.08846477567  
0.3684785405  
0.4119148198  
1.21533862  
-0.1738855961  
0.4442460639  
-1.507904984  
0.3308313315  
1.006473736  
-0.5064180309  
0.4119109372  
0.3333158933  
0.5194283501  
1.521155481  
-1.501964024  
-1.444596076  
-0.02581049682  
0.0566172312  
0.2273475543  
-3.099171811  
-0.9524468693  
0.4586908978  
0.6979539701  
0.2572989623  
-0.8755068128  
0.3972179157  
0.2004879094  
1.963778535  
-0.01169353023  
-0.4207953545  
-1.876651913  
-1.852077904  
0.7642049347  
1.179078419  
-2.24673171  
-0.4973917552  
0.4381623708  
0.92388902  
1.337086065  
-0.7296642292  
-0.6915465525  
-0.8022110237  
-0.2822995231  
0.3074065343  
-1.646283277  
-1.355441779  
-0.6972205873  
0.6512368408  
-1.210362982  
-0.09262939533  
-0.5821388988  
0.7051655495  
2.421483492  
2.787402492  
-0.2905085478  
-0.5321594775  
0.3787447585  
0.7972035379  
1.463632534  
-0.7375314614  
-1.476333573  
-1.797745604  
0.2618158233  
1.220267841  
-0.3415113713  
-1.005610848  
-1.065821287  
0.8455236987  
0.7770331492  
-1.176835986  
-0.5174548435  
0.1757640259  
1.183321362  
1.042378194  
-1.785654827  
-0.9834295958  
1.712683409  
1.102803775  
-0.7234271234  
-0.1216466812  
-0.02811294654  
0.01562168187  
-0.4890119355  
0.3087864923  
2.897248721  
2.326081666  
0.03380791746  
-2.311151593  
-0.8482747519  
0.07735620313  
-0.7933563081  
-1.679719209  
-1.060727782  
0.3628365448  
1.52828983  
