-0.7280074894  
1.131679488  
1.868959949  
-1.518676511  
-0.6115868971  
-0.3538315282  
0.9607904986  
2.489814983  
-1.55802961  
-1.148733384  
-1.749030799  
-0.9040318535  
3.124863679  
-0.02572688385  
1.078970608  
1.166246905  
-0.5682263756  
-2.075237373  
-2.17471014  
1.451760439  
0.5250957415  
-0.9360403841  
-2.211395675  
-1.00130267  
-0.4892714942  
1.259015046  
1.299959391  
-0.1069899727  
1.302354023  
0.0417311081  
1.348916327  
0.3105795551  
-0.7707957333  
-1.397065891  
-1.650097466  
-1.292925696  
0.9242290864  
1.591849946  
-1.31276093  
0.714175139  
-0.8259192538  
1.791763289  
1.739138723  
2.506978408  
-0.5480561057  
0.1481789366  
-0.6781232006  
1.603663132  
-0.005187622375  
-0.6837205409  
-1.773905469  
-2.591918035  
0.2324577294  
1.837418511  
2.409106516  
-0.7328938248  
-0.7371557217  
-1.493657486  
1.129567965  
1.508691783  
0.2021125838  
-0.7092522334  
-0.7640034491  
-1.771200085  
0.3652070065  
2.449707881  
-0.6323358519  
-0.8797531217  
-2.075431262  
0.8397254284  
1.633491628  
-1.285075892  
-0.1568483245  
-1.945383957  
-0.2334016213  
3.844438143  
-0.363118009  
0.2878189087  
-0.3421291549  
2.263058877  
2.320635916  
0.2330592302  
1.871126366  
-0.4780271211  
0.6054179706  
0.04188680857  
-1.856705313  
-1.12447367  
-1.450533908  
0.5953121605  
1.66062426  
-1.741556266  
-1.312326372  
-1.711138103  
0.6910482182  
3.052419439  
-0.3080133573  
-0.3472407838  
1.145112371  
1.700109597  
1.208721653  
-1.23132195  
-0.801740823  
1.685709267  
1.297504359  
2.832158453  
-0.07397003357  
-0.3145579203  
-2.188788742  
0.7928084065  
0.5224686515  
-0.6801948053  
-1.246095352  
-0.9886427439  
-1.16847446  
0.3291650418  
0.02774356781  
-1.813498784  
-0.4275525585  
0.9431658779  
1.641497046  
-0.6536131612  
-0.6054506276  
3.236327326  
1.437459898  
0.3685763462  
1.723347134  
-1.667573292  
1.417892086  
0.3795412372  
-2.163810786  
-2.397153348  
-2.902880124  
0.7965290206  
-1.826033945  
-1.983435777  
-2.694894453  
-2.480081833  
0.9919390803  
1.111568938  
1.064104395  
-1.159599657  
-1.345827562  
2.139442413  
1.945107231  
0.07601661237  
-0.7727531067  
-1.054077697  
0.5699691416  
1.97336027  
2.945584405  
-0.05861946375  
-0.07167253757  
-1.455035861  
1.352968129  
0.3063874019  
-0.327128607  
1.410678791  
-0.1406164621  
2.451890158  
1.838297588  
0.8047501663  
-1.929030582  
-1.71517277  
-0.6708290292  
0.978754947  
-2.148098354  
-1.987196954  
-1.773985236  
0.3324802395  
1.934044718  
-2.184401134  
-1.292883934  
2.592711885  
-0.2532966482  
-0.2113115154  
-0.6342254081  
1.092681894  
1.633790959  
-0.5910079881  
0.7862819616  
-1.246587774  
0.1939432861  
-0.2948795018  
-1.568615465  
0.3339561073  
-1.37864828  
1.084898386  
-0.2849902024  
-0.1718156942  
-0.851908096  
-0.4103122076  
2.264756221  
0.3831037074  
1.928078622  
1.34310438  
0.9517383268  
-0.5332806877  
-1.90580535  
0.06207684095  
1.539053713  
0.5019313962  
-2.336787731  
-1.164922626  
-0.9598208839  
1.028952606  
1.631465431  
0.2841612049  
0.3723613167  
-1.306556176  
-0.8456335908  
-0.8420810185  
-2.041541652  
2.168277492  
0.9538566135  
0.4223698858  
-0.3782067425  
-0.2928170816  
-1.172495592  
0.8458016353  
1.422608931  
0.4805945299  
1.309354975  
-1.411725064  
1.578441499  
-0.3779937801  
0.06281472697  
-1.282758747  
-0.7410462645  
0.4086293848  
-0.9548011711  
-1.139157532  
-2.266270737  
1.507079931  
-0.1432442526  
-0.2147618829  
-0.5430572781  
-0.3733074737  
-1.126962518  
1.255983201  
-1.089920567  
-0.6222431175  
-1.936982771  
-0.2828872586  
0.5411435276  
-1.863557274  
-0.05915401212  
-0.2068516517  
1.293102371  
0.8188814838  
-0.3407023389  
0.0908920158  
-1.362353749  
4.366065236  
1.466574351  
-0.4243723472  
-1.629892881  
1.582043076  
1.951549962  
-0.1701909346  
0.6157249524  
-1.986036731  
1.271040449  
-0.3662489526  
-0.9858997291  
-0.400147205  
-1.392247822  
-1.258086267  
0.2678565717  
-0.2775712638  
-1.094561153  
1.670391766  
-0.7571175748  
1.995603797  
0.2337156771  
-1.099092992  
1.419902173  
-1.71033434  
1.694904996  
-0.0662402968  
-1.236382266  
-1.490759544  
-1.686795314  
-1.287351112  
0.4744219796  
1.807271513  
-0.3536876649  
0.5892914404  
-0.9615969417  
2.689870164  
0.453039897  
1.034914422  
-1.155451171  
0.2986371205  
-0.8729234908  
0.010353046  
-1.247148456  
-1.845100698  
-1.25162931  
0.8012831682  
1.535237011  
0.2746931121  
1.54571798  
-0.4832828176  
2.6525027  
0.63561974  
-1.108029177  
1.434872306  
-1.490070111  
2.123178765  
0.5828699607  
-0.6044352293  
-1.297537791  
-0.5712501802  
-0.3096206584  
2.659424644  
0.9453529691  
-1.017863086  
-1.708933489  
-0.9209877936  
-0.4594076171  
0.1284527921  
-1.191865889  
-0.9604998892  
-2.413484076  
0.02197229768  
0.5558960429  
0.2719728356  
-0.1259048542  
-0.8030870857  
-0.9472722478  
0.7359544268  
1.446179382  
-0.5979100698  
-0.2408508875  
1.010901775  
-0.3108232487  
0.5112145528  
-0.6597558422  
0.1079770835  
-1.276949019  
-0.7586296333  
-1.676430692  
2.070524215  
0.9500390503  
0.5866410891  
0.5352689891  
2.211112229  
2.386279875  
-1.327005606  
-3.143325251  
0.03638990392  
1.692533584  
1.185477427  
2.20627556  
-0.1482431376  
1.861276584  
2.316898795  
0.5128479457  
-0.02232780624  
-0.7586405422  
-1.231345  
-0.08108073416  
0.496638336  
0.3860035715  
-1.332248327  
-0.6832659984  
-1.615925701  
0.146850897  
2.448682295  
-0.7702864544  
-0.03584472509  
-1.637384079  
0.2509006743  
1.429838865  
-0.1757756664  
0.9870964435  
0.09523466965  
1.226743927  
-0.9981080256  
-0.9080311704  
-2.602874369  
-1.258346051  
-1.539406439  
-1.779681677  
0.7476806411  
-1.855556725  
0.6308912032  
0.7248055511  
1.178099723  
0.2498329523  
2.037855612  
-0.2940943392  
1.153918747  
1.580502305  
1.709994507  
0.08077310014  
1.117058642  
-1.07950254  
-0.09573302558  
0.1646165631  
-1.068329158  
-1.46065729  
-1.9404996  
1.106154507  
0.6377872726  
1.174180386  
0.1346162108  
0.3668219353  
-1.700435391  
1.379584059  
0.2222264538  
-0.3587516554  
-1.14728605  
-0.7341989508  
-0.8653404516  
0.08527002677  
0.2797889108  
-0.1396815814  
0.1816646333  
-0.8814609048  
-0.3092142229  
2.031804881  
-0.04830622254  
0.9193120089  
-1.818714324  
-0.206657947  
0.5968895812  
-0.967390639  
1.977071503  
-1.737843034  
0.4488980682  
0.1538450148  
0.07589231222  
-1.387648185  
-0.2878268467  
-1.073862255  
1.060363014  
-0.101537845  
-0.2551288452  
1.816613775  
-1.723945036  
0.5404786009  
-0.5668852495  
-0.24670415  
-0.2594829068  
-0.3894181567  
0.8600919898  
0.7538519365  
0.5834909624  
-0.5101078302  
-0.8081993525  
1.242294671  
1.516962303  
0.6619080625  
0.5411180843  
-0.324881053  
-1.158280196  
0.2126247366  
-2.001809568  
-0.7317996538  
-1.355666581  
0.5789045544  
0.9634883277  
-0.9092334826  
0.9417330576  
-1.836220706  
-0.08769825238  
-0.3878667531  
0.2445029949  
0.7179972232  
0.6336043842  
0.7936727774  
-0.8968658045  
-0.794595434  
0.1020074135  
0.6169682615  
2.815116434  
0.1270335935  
0.5941589104  
-0.8596890364  
1.18384412  
-0.469165974  
0.05283739733  
-0.8527082171  
-0.8249027994  
-2.198337625  
0.3333190179  
2.219167826  
0.3213854921  
0.6939626061  
-2.388445759  
-0.7898554892  
3.488262652  
0.2040494859  
0.1215962006  
-2.498562582  
-0.3588041164  
2.566703096  
0.07802353194  
0.3964600169  
-1.892841564  
-0.2964739274  
1.620762108  
0.07466147705  
0.5706808684  
-1.536144516  
0.4366690036  
1.011429587  
-0.0994349736  
1.872476976  
-1.225066423  
0.7971124385  
0.04603181853  
-0.2430836986  
2.837698094  
0.8983534239  
1.29290601  
-0.2946372055  
0.02176151494  
-2.506099717  
-0.8105577252  
-1.042569127  
-1.454979413  
-1.952513082  
-1.116089012  
-1.170766148  
-0.04732338433  
1.32107384  
-0.4426676427  
0.346050713  
-1.395882  
0.2296183549  
-0.08896100635  
0.2196913551  
0.7755812464  
-2.383158463  
0.03499487386  
1.71969931  
-0.9209685151  
0.4147576876  
0.5334125503  
0.2330488262  
2.11567325  
0.5122480103  
0.7576958771  
-1.334027765  
0.5436242437  
-0.7395248059  
-0.2056865261  
0.2409296139  
-1.556411566  
0.5754176783  
-1.374000484  
-1.333909816  
-0.7925435145  
-1.831110371  
0.09174643894  
-0.5150779866  
-0.1666378484  
1.187046227  
-0.8292677502  
2.237591722  
2.282757949  
2.332414577  
0.09435536726  
0.9392678896  
-0.9706296228  
0.3998344199  
-2.059436041  
-1.354251186  
0.4355796511  
0.8801169732  
1.124803083  
-0.4918313356  
-0.6673107634  
1.074760392  
0.1652292173  
-1.130807845  
0.917625665  
0.6186860359  
0.4831999912  
-0.3703353202  
0.1276656938  
-0.8486708514  
-0.3950452481  
2.127878293  
0.01179250796  
-1.050307087  
-2.013291503  
