0.3494448507  
1.116619088  
1.638078243  
1.49612755  
0.5432426923  
-0.8554960133  
-0.8753291347  
0.02811975656  
0.681276713  
0.747462948  
-0.5316428014  
-0.6140201919  
0.02148020089  
-0.3008317595  
0.06111020341  
-1.383991311  
-0.5818971902  
-0.1963603862  
-0.08526314056  
-1.099342857  
-0.1331164886  
0.8695413073  
0.3146887246  
-0.4785624583  
-1.535656321  
-2.052781858  
-1.832338629  
0.4320622507  
1.653014068  
1.238479347  
-0.4267714406  
-1.193188461  
-0.8744260074  
-1.192530069  
-1.178478723  
-0.08078976237  
-0.5321526842  
0.451950226  
2.393149863  
2.159874467  
0.2642018464  
-0.3885831488  
-0.4803943216  
1.221772935  
0.4662718799  
0.3339618178  
-0.8045501701  
-2.069384707  
-1.461292729  
-0.8800993363  
-1.172884685  
-0.438720111  
-0.3125086205  
-1.205764605  
-0.2685954965  
0.7030696874  
1.007518501  
0.7794780056  
-0.2274908408  
0.3647834416  
0.9307766301  
1.92352211  
2.206264365  
0.8077377798  
0.3711730261  
0.7578168585  
0.9650156222  
0.8035711703  
-0.1341101404  
-2.060335343  
-1.663312065  
-0.4184273034  
-0.3033812426  
-0.9101500233  
-1.321558283  
-1.336583229  
-0.1189367437  
1.938938734  
1.617063454  
0.3183772039  
1.786169009  
2.244836118  
2.207535213  
-0.0555517124  
-1.654389783  
-1.171226386  
0.3287087233  
0.5584566522  
-1.99924168  
-2.525139388  
-1.01675925  
-1.657752717  
-0.4289007375  
-1.163283736  
-2.016872694  
-0.200680379  
0.3470493522  
0.5493691835  
-1.177194264  
0.0168285131  
2.567084914  
2.769724126  
1.471919408  
-1.260274121  
-2.210987587  
-1.415789809  
-1.078738424  
-0.5431767179  
-0.7995968162  
-2.226458329  
0.4089175226  
0.7577412545  
0.8560488944  
0.9344207309  
-0.1238820988  
-0.3760278305  
1.145035152  
1.507334029  
0.4094235196  
-0.5040972865  
0.4666136311  
1.398406164  
1.236455978  
-0.8255013494  
-1.59717413  
-0.34756219  
0.4711320821  
-0.326965596  
-0.6802284904  
-0.2914277271  
0.06401300755  
-0.2896197983  
-0.9732964203  
0.2867219613  
1.140396464  
1.169248101  
0.4909145507  
1.197673822  
1.180328101  
0.7908401631  
0.7760704268  
0.3936129694  
-1.095314648  
-2.856920596  
-3.362857839  
-1.349550612  
-1.374615817  
-1.536480167  
-1.779123988  
-1.537462983  
-0.09589591017  
0.5404727258  
1.965645551  
0.8449339524  
0.7629550646  
1.59393378  
1.374652184  
0.8874294033  
-0.0001640527581  
-0.3693637708  
0.3202739756  
1.512039131  
2.154285173  
0.4387547705  
-0.7388220368  
-0.9956193569  
-0.03190966343  
0.4644779272  
0.1950996798  
-0.2027318527  
0.1963218654  
0.266327975  
-0.5836462733  
-2.013407821  
-0.1884018041  
-0.3495273563  
-0.6341849318  
-0.4298318379  
1.592956585  
0.9068893337  
0.3813828769  
0.1514332816  
-0.4941714365  
-0.1767035811  
0.7285598224  
0.6405849679  
-1.490468125  
-2.115292098  
-0.400565123  
0.2106719475  
-0.4945437646  
-0.1395950122  
0.1122702358  
0.1041584978  
-0.4493888073  
0.09488295015  
0.402736986  
0.6178036755  
-0.1545338318  
-0.1562951654  
0.8659346983  
2.769692622  
2.460925581  
0.7766117456  
0.5128775646  
1.096715503  
2.618630675  
-0.03181711518  
-0.5111269959  
-0.454051124  
-0.5528948709  
-0.5244538367  
-1.017354132  
-1.487306161  
-0.1732431126  
-0.02892909845  
0.04016230379  
-0.8014228262  
-1.152941959  
-0.6446697722  
1.839354597  
1.020707321  
-0.07924775439  
0.1635917704  
-0.01423932721  
0.04651785397  
1.099169044  
0.07303995952  
0.134468561  
0.1807160638  
1.845793564  
1.114812358  
0.2809872783  
-0.8226694642  
-0.2654456176  
1.017191936  
-0.3121801317  
-1.516353568  
-1.211478284  
-0.5883212493  
0.09657843071  
-0.5580339224  
-1.600524061  
-1.096164919  
0.3487052747  
-0.1792834957  
-0.18166781  
0.1162041082  
0.3726407774  
2.127686821  
1.264599775  
0.2600273267  
1.232389109  
0.3097633574  
0.9590477788  
0.7575686797  
-0.9533380719  
-0.965154105  
0.4521515068  
0.2980498909  
-0.5255086179  
-0.292424491  
-0.08623882404  
0.7572512971  
0.8244539563  
-0.1148334668  
-0.6085468228  
-0.7130476254  
0.2672698216  
1.088112801  
0.5781922625  
-0.05277368669  
-0.707500519  
-0.0465213036  
-0.2296373172  
0.5341096638  
-0.3874961055  
-0.6114889898  
-0.5316542758  
0.704242721  
1.178106297  
-0.6332975711  
-1.4890525  
-1.036409654  
-2.163802623  
-1.57106416  
-1.066207987  
-0.3668445403  
0.120830777  
-0.2256157153  
-0.06173808463  
1.688382817  
1.882461692  
0.9863748827  
1.262131763  
-0.9263688775  
-1.001141154  
-2.018059047  
-2.413141903  
-0.7944914563  
0.5598518822  
-0.9168606132  
0.9414003645  
0.6245861138  
0.6161751527  
0.8097157405  
1.31533133  
2.627981215  
1.201392641  
0.1421772908  
0.6789556538  
0.5547612123  
1.075553542  
1.262166705  
0.1902001308  
-1.163348694  
-0.3129420189  
0.04523608742  
-0.04440343748  
-0.4384538138  
-1.963088457  
-0.5360054873  
0.2243634472  
-0.2855291857  
-0.3896159448  
-0.1519711359  
-0.0298074736  
0.0200274678  
0.3527401517  
0.7959430412  
0.7969314898  
0.5120692952  
0.4466914007  
0.465371424  
0.3570014702  
-1.555238311  
-1.244771204  
-0.01904535937  
-0.7819354512  
-0.3200090736  
1.030869426  
1.462774686  
1.876870289  
2.419431496  
3.101375737  
1.213354882  
-0.7894380627  
-0.3190960837  
-4.234996495  
-1.626869493  
-0.7553298561  
-0.5034445556  
-0.9273770513  
-3.665922422  
-3.602259528  
-1.528430709  
-1.523554278  
-0.7998376193  
-0.1451325616  
0.4356460118  
1.559188441  
1.704915159  
1.254262978  
1.703877157  
1.318199585  
0.442586673  
0.8170820447  
-0.395996387  
-1.898088962  
-0.911477461  
-0.6892126063  
-0.03926064148  
-0.4266493987  
-0.9806395709  
-0.8929626416  
-0.7080929203  
0.6270978422  
-0.08945499652  
0.3936616737  
1.052193168  
1.458514674  
-0.01605451702  
-0.1581871386  
-0.3597905433  
0.2413236379  
1.117608886  
0.2794215017  
-0.6114669145  
-0.2136142857  
0.5840353538  
0.9697336998  
1.867846464  
2.57963521  
1.181932478  
0.8628200347  
0.4533728082  
-0.7802906632  
-0.462547685  
-0.5999858385  
-1.667343159  
-1.271897336  
0.07177927814  
0.1674729072  
0.347257017  
-0.1869891556  
-0.3636987425  
0.8583772669  
2.047683303  
2.494189266  
1.97117935  
1.417884259  
1.317682174  
0.2472066437  
-0.2853500474  
0.1483421587  
-0.7536405529  
-1.972251029  
-0.3705553185  
-2.645759782  
-1.827681928  
0.2043565039  
0.4614432245  
-0.9405214461  
-0.636175129  
-0.6865867604  
-0.01982205156  
0.4732393044  
0.363032942  
1.706686132  
0.8771494148  
0.03329110773  
-0.5830551479  
-0.7426493979  
-0.978736674  
-0.2904643553  
-1.111063906  
-1.462665411  
-0.06701197  
-0.7204120363  
-0.406076291  
-0.2100658855  
0.1798035085  
-0.6088648988  
0.7559438908  
2.167326209  
0.9960919769  
-0.1996292518  
1.427155628  
-0.2256391323  
0.7745816336  
-0.4493553638  
-0.9735752533  
-1.049013716  
-0.5682805707  
0.4911952687  
0.2967414664  
0.3716990668  
0.6465861371  
0.7836507057  
-0.8921123166  
-0.645147244  
-0.1090790249  
-0.08749221493  
-0.04354756124  
0.290929605  
0.1802191085  
1.087439522  
0.3591647538  
-0.217578894  
-1.620488184  
-1.253079976  
-1.023818081  
-0.5044928886  
-0.7668223732  
-0.8708142678  
0.7476584073  
0.8175301646  
1.042555682  
2.161096071  
2.143925585  
2.599990706  
2.094879226  
0.3550760054  
-0.9003219586  
-2.094982636  
-2.205782716  
-1.888710342  
-1.194524232  
-0.5302026097  
0.03113408154  
1.073939771  
-0.1615954141  
0.1649441035  
0.7676146136  
1.115278884  
1.325802941  
1.702530443  
1.366337865  
1.24694433  
0.9323214713  
-0.7175610065  
-1.160632619  
-0.3204101881  
0.008012455012  
0.8350229836  
1.261200994  
0.8040827867  
0.5830102767  
0.7805629707  
0.6626622014  
0.6310291244  
0.5944115984  
-0.158969508  
-1.010129654  
-1.234120202  
-0.197447855  
0.2375921846  
-0.1375784821  
0.2545825958  
0.5213595873  
0.861779872  
1.206070934  
1.097741766  
0.2203749168  
-0.5694393879  
-0.901755979  
-0.2051471649  
0.8951845408  
-0.6674896835  
-3.443367505  
-3.24145087  
-2.373908349  
-1.169075839  
-0.7251259947  
-0.9895856523  
-1.99249915  
-0.404985666  
-2.022991194  
-3.796633008  
-2.094839854  
-2.199353303  
-0.7411614132  
0.4255923682  
0.5538345175  
1.685304564  
2.455596744  
1.999027204  
1.462341235  
1.495927455  
1.153384509  
0.3178512968  
-0.3364055847  
0.6294898269  
0.348511536  
-0.8763651391  
-0.6629377729  
-0.6303332312  
0.3407558239  
0.6590280887  
1.61717905  
2.068169341  
2.166992951  
0.5544550362  
-0.7468222498  
-1.082493224  
-1.774796307  
-0.6493882888  
1.025564679  
-0.01164779812  
-0.9423171018  
-1.524611504  
-0.1712883738  
-1.099807962  
0.007259028807  
-0.1185497566  
1.525160066  
1.129477058  
0.6918862868  
-0.1616699233  
-0.4251259435  
-0.01162401987  
0.4726935403  
-1.639295615  
-1.136651555  
-0.5111077978  
-0.4073374192  
-0.3191986633  
-0.2099775007  
0.9602158953  
1.639549658  
