-0.6121536336  
-1.611608047  
0.2893518976  
1.950958566  
1.575941006  
0.445774959  
-2.363209483  
-0.8257413014  
0.4297658972  
0.1831560683  
1.043260469  
-1.213434237  
0.0116947354  
1.704865993  
1.574038932  
-1.727696823  
0.1651959506  
2.568515634  
1.168248703  
-0.5343143338  
-3.010222945  
-1.348658201  
0.7866978508  
1.399239872  
1.82055851  
0.4539607788  
-2.456957123  
0.2574000085  
0.7954882995  
-0.1177970749  
-1.199225894  
-1.660759783  
-0.3571493316  
0.06578859978  
1.760490592  
1.066843234  
-0.1245264251  
0.1081149761  
0.3311542992  
0.53467596  
0.9186154905  
-1.424407283  
-2.214451448  
-0.1858892082  
1.831128716  
2.034597996  
-0.3615628027  
-3.227137541  
-2.330483151  
-0.1214267161  
1.620839901  
1.785266582  
-0.1875522884  
-1.905658514  
-1.215597787  
-1.088027139  
-0.03682244014  
0.2628107453  
-1.202579317  
-1.202294441  
0.8836787917  
1.084741454  
1.373685646  
1.468347586  
-2.530836936  
-0.7410971196  
-0.9810493187  
1.724561068  
0.9364255188  
-1.915655047  
-0.8438303087  
0.4420604652  
1.923624697  
0.1854887167  
-1.769495708  
-1.707895394  
0.5172232663  
1.285414262  
0.6114790255  
-0.9597064518  
-1.024127271  
-0.4611187574  
1.113484645  
2.086227277  
-0.18235393  
-1.325478968  
-0.4664817951  
1.432736857  
0.9198134682  
-0.7798888176  
-0.2976210915  
-0.116720911  
0.8739417831  
0.08216617812  
-2.054897917  
-2.152466748  
-0.05033914708  
0.7299292867  
-0.9427871339  
-2.387884627  
0.1136977342  
1.932776493  
1.297540133  
-0.4992974145  
-2.344443124  
-2.007548875  
1.258537278  
2.052127551  
1.742500894  
-1.725261226  
-1.635564073  
-0.9575921872  
0.2165468721  
0.5676212321  
1.114667907  
-0.124747082  
-0.6588154056  
0.9105197985  
1.767929059  
-0.3041989615  
0.2222361469  
1.335432027  
1.048291541  
-0.6147311429  
-2.790339855  
-1.763015658  
0.6452409687  
-0.374861742  
-1.82759012  
-0.6353817009  
-0.001419146493  
2.672221662  
3.813398637  
1.480993075  
-0.02494576092  
3.062857628  
3.404270095  
2.308526227  
-0.8528513312  
-1.004115857  
0.3673558405  
1.229611174  
0.808457046  
-0.3082747654  
-2.479497495  
0.234872757  
1.022168344  
1.11864749  
0.1533573076  
-2.23674443  
-2.203641474  
0.8034098055  
2.137199131  
2.451451357  
-0.9191637834  
-2.373493426  
-1.323272762  
-0.2231242053  
-0.5095115335  
-1.766626868  
-1.935239526  
-0.2016187043  
0.9049059303  
0.5223773992  
0.06864955506  
-0.9494035544  
0.4398184736  
0.4661443255  
1.387177506  
-0.878673773  
-1.453758432  
-0.09527558741  
-0.4107486695  
-1.910785442  
-1.217820924  
0.3639941688  
1.889033508  
-0.7361930696  
-0.379573289  
1.233138378  
2.787410589  
1.776242387  
1.057895629  
-0.8123142719  
-1.051938698  
1.156489277  
1.192694599  
-1.951026792  
-1.852143633  
0.988258042  
-0.04456204382  
0.1873587806  
-1.15301017  
0.1899457349  
-0.7535330853  
-0.9972016041  
-0.3314292965  
1.066525866  
0.7230680425  
1.456849988  
-2.391436675  
-0.7938153878  
1.253949542  
0.7523534108  
1.614248666  
-0.9562126458  
1.258434425  
2.231873655  
1.338998164  
-0.4958308166  
0.6914358528  
0.3942423763  
0.2643695635  
-0.8935838036  
-1.412167927  
-0.3649647444  
1.012758625  
-0.2653316884  
0.2236061893  
-0.378486501  
-1.582879404  
-0.3418226173  
0.02035229739  
1.014318988  
-0.8892040214  
-0.6745229602  
-0.1320096232  
0.2340655462  
-0.1135289535  
-1.589103251  
-0.8257861534  
0.9393865709  
2.425351837  
-0.6785962913  
-0.7832096704  
0.6354870798  
1.22591332  
0.8727711564  
0.09937717205  
-0.870949483  
1.135904945  
0.5607014309  
-0.005266022743  
-1.754415918  
-0.6071684405  
-0.6730776184  
0.7227719979  
1.611313921  
-1.313859189  
-0.3102193781  
0.8797144973  
0.5576351718  
0.005480060575  
-1.962242573  
0.4408520288  
2.32157558  
0.5681870812  
-1.050462435  
-0.8128682611  
-0.6146842983  
0.09515693707  
0.08023172657  
-1.081844498  
-0.7706788708  
0.1066610575  
0.8102723095  
0.8219770545  
-0.832177938  
-2.14406197  
-0.7143719177  
-1.826791157  
0.01673605849  
0.2247550302  
-1.521051362  
-1.499536518  
-2.140625398  
-0.9728769892  
-0.3384077717  
-0.632058811  
-0.3281548957  
-1.36451128  
3.644136093  
3.423034689  
3.132969602  
0.7776054049  
-0.2123927007  
1.001353992  
1.63935727  
2.330155838  
-1.731358372  
-0.7891774878  
0.7695198645  
0.5014741016  
-0.6468554526  
-2.204700567  
1.648783745  
0.1507249054  
0.1201113566  
0.1727244154  
-3.47187972  
-1.188094024  
-0.4487347524  
0.6635089629  
0.8128908962  
-1.229589025  
-1.250957596  
-0.9312947909  
1.001552967  
1.750059062  
-1.71494838  
-0.1224586441  
1.359858849  
1.243986466  
2.274858064  
2.127464552  
-2.236602384  
-0.6617126888  
0.8173719144  
0.6713715575  
0.1074769923  
-2.190122129  
0.2281053614  
0.3090498034  
0.5781830761  
1.807692036  
-0.3818128406  
-0.6353067711  
-0.1463765797  
1.295568983  
1.565621852  
1.009451955  
-0.8873267438  
-0.7530253057  
1.151347858  
0.5261351869  
-2.465113477  
-1.186255409  
0.1432228671  
-0.8587683443  
-0.7828662043  
0.4907230146  
2.116197311  
1.341576913  
-0.7602236365  
-1.082344529  
-0.7329834963  
-0.616337286  
2.799183924  
-5.488387977  
-0.494593182  
0.451061244  
-2.330081621  
-0.5521383507  
-0.6992182899  
0.3444602506  
0.3033522078  
-1.45749885  
-1.964175258  
-0.1910599097  
-0.6940359863  
0.3026660836  
2.290343165  
-0.9597133732  
-0.07297092341  
0.7615921111  
0.2628143699  
0.8860997525  
0.9680860202  
-3.022165908  
-0.676676191  
0.5513111538  
0.7512700117  
1.308950662  
-1.505585399  
-0.418585378  
0.3530878636  
0.7791630396  
0.2171983005  
-0.8134371378  
-0.05636318946  
1.427520017  
1.249973017  
1.091930732  
-0.530697987  
-2.300752062  
1.211228294  
1.883148684  
-1.080362266  
-2.3084479  
-1.191591384  
0.9277648147  
1.107464814  
1.054370728  
-0.4589213122  
-2.320573156  
-1.036980274  
0.2153565379  
1.102095859  
1.094628425  
-0.06475824818  
-1.842863656  
-0.6417706313  
1.193786882  
2.182989714  
-0.6018813612  
-3.173105437  
-1.030055615  
-0.3425264906  
0.6682763691  
2.125898392  
-0.7909687616  
-1.961810121  
-2.84294714  
0.3011205532  
1.201385628  
0.4290379521  
-1.337256013  
0.7212929358  
3.541496102  
3.65250365  
3.651353053  
-0.775416922  
-0.5974915102  
2.121488216  
3.122955825  
2.488007597  
0.6491917677  
-0.129683473  
-0.6756774623  
0.3884549365  
0.5928135067  
-0.8125932403  
-2.400816841  
-0.1988428783  
0.9855983868  
0.1341061971  
0.6182856154  
-2.051023152  
-1.919870908  
-0.9832447799  
0.4184753289  
1.154953803  
-1.367735068  
-0.8772091978  
-0.6110523187  
0.3869015426  
0.5094752573  
0.2891560477  
-1.139915476  
-1.468374268  
0.1459917469  
0.8106103341  
0.04707617498  
-2.253067638  
-0.8364657932  
0.9616887408  
0.9727128453  
1.216055157  
-0.4912419022  
1.791108979  
0.9962322332  
1.384729019  
-0.4258228223  
-1.012362528  
-0.747525764  
0.5549393779  
0.5950952196  
-0.5014928148  
-1.676735247  
1.086735001  
0.4683877442  
-3.196181911  
-2.405168225  
0.6305618177  
0.9554310931  
0.936609082  
-2.245809883  
-1.758708896  
0.8400409531  
1.303849782  
0.1678442411  
-1.153029578  
-0.9532188035  
-0.3620666741  
0.5679855755  
1.613057944  
2.519322479  
-1.618147394  
-1.946932575  
-0.198904183  
-0.4576351311  
0.6618810812  
0.2642865166  
-1.376814241  
-0.2519618674  
1.385541851  
1.74481317  
-1.815357958  
-1.689155342  
0.657015705  
-0.01597219223  
-0.4038996621  
-2.201852661  
-1.553559616  
-0.2157139367  
-0.01378614452  
0.8443072493  
0.6574766811  
-1.815431669  
-1.275019846  
1.108340409  
1.463169651  
-1.824319768  
-1.093152284  
0.5547117492  
-0.2617855996  
-1.659966489  
-1.332391204  
-0.1392746687  
0.2931527059  
0.4967121165  
-1.915627974  
-2.697232024  
-1.807631839  
0.6385457357  
1.166957068  
1.453334279  
-1.831228584  
-1.484261779  
2.510442006  
4.427894783  
4.544481519  
2.026067025  
1.385566149  
3.513479016  
3.916945097  
3.211495652  
0.8505812284  
-0.4563962414  
2.222598797  
2.060164695  
0.2788652654  
-2.992700186  
-2.879363421  
-0.02307703236  
2.056196862  
2.130564921  
-2.11232978  
-1.465495412  
-0.37626814  
0.7390835044  
1.473411188  
-1.873111762  
-2.456824781  
0.405423554  
0.6847741309  
0.9451180484  
0.2552066451  
-1.454558979  
-0.9315786294  
1.349710794  
1.707210204  
-1.40461862  
-2.883017161  
-1.642429454  
0.2057504512  
1.32790316  
0.9630618929  
-1.24405484  
0.539752507  
0.8308779336  
-0.9658276444  
-2.590872516  
0.3049806474  
1.527947309  
-1.155303731  
-0.7593409302  
1.229813297  
0.8613013457  
-0.2635106217  
-1.933005899  
0.180380026  
2.285498974  
1.256022739  
-1.839521694  
-1.905953298  
0.9143237038  
1.404772739  
0.6312812666  
0.698106031  
