-0.9841246339  
0.04493348308  
1.198241906  
-0.03790456479  
-0.8318558578  
0.1536945838  
-0.4827400408  
-0.3957062499  
-0.6496712655  
0.9161392464  
1.248215428  
0.09695332114  
-1.350626894  
-0.5020782579  
3.574478629  
1.308299962  
-1.337192135  
-2.068575189  
-0.393176771  
2.387905825  
1.178067625  
-0.3739266244  
-0.5345999384  
-0.721460988  
-0.1163523251  
0.2211453758  
-0.6777686897  
-2.720709885  
-1.190520773  
0.3288171875  
2.038532376  
1.323859851  
-0.03659431726  
-0.6114937558  
-1.166964489  
0.1376575321  
0.1185301761  
0.1574230038  
-1.4890653  
-0.5497952713  
-0.5672856389  
0.6241404306  
0.3929364828  
0.9486531417  
0.1355068548  
0.4886805285  
1.041281216  
0.9463059706  
0.5844570208  
-0.7567139157  
-2.197099667  
-1.704156442  
0.5783430072  
1.241296117  
0.0216663933  
-1.319138829  
0.951355723  
1.905533719  
1.389435036  
1.016258985  
0.02942475242  
0.1177586321  
0.6097211078  
1.123137385  
0.1986554248  
0.1605309097  
-0.1984898624  
-0.8868495392  
-1.745754591  
0.5388089553  
0.3299261191  
-1.177247484  
0.3689376996  
-0.1012516247  
-0.4473240759  
-0.07546352415  
-1.818728881  
0.6756869335  
0.9090247103  
0.053001508  
-0.5807684277  
-2.21004686  
-0.9558380745  
-0.4534547824  
1.914055702  
-1.644635034  
-1.069307971  
1.872399048  
0.5891559736  
0.6217128387  
-0.3013758579  
-0.02029937671  
0.4398099377  
0.130682224  
-0.4967160887  
-0.1918278721  
-0.6151723888  
-0.297999603  
-0.5353600542  
-0.4793874195  
0.4829046677  
0.09827053732  
0.2496413924  
0.9531891885  
1.004686694  
0.5142916558  
-0.5538450191  
0.7428448808  
1.037860553  
0.2108318418  
0.2041234085  
-0.7868054794  
-0.980652693  
-0.5967196927  
1.314388211  
1.311733028  
-0.05415952318  
-1.590345706  
1.722668643  
1.252734016  
0.6426252033  
0.01038727378  
-0.4044411198  
3.293658519  
0.7780069342  
-2.043388243  
0.1110446518  
0.6989526053  
0.4788155305  
-0.04730727024  
-2.403164731  
-1.478298614  
-1.580230531  
0.4792524478  
0.7711764751  
-0.8202221688  
-1.902303532  
-0.6192495961  
-0.6755753958  
-0.5793715771  
0.5599503716  
-0.9147377334  
-1.220439604  
-0.04910433654  
0.3997087272  
-0.3055884367  
-1.584761334  
-0.8304949494  
-0.4597718645  
-0.9082662096  
0.4528084258  
-1.599303792  
-0.4192472458  
1.303418728  
3.086866966  
1.439765602  
-1.653438123  
-0.6891384682  
1.604012227  
1.210225386  
0.5345291637  
-0.06989566431  
0.6697663972  
0.8529860988  
0.6378995929  
-0.03206155744  
-0.8610590146  
-1.212417636  
0.4781395555  
0.4503210262  
2.115974644  
1.315490418  
-0.5169492441  
1.980910682  
0.5724503378  
-0.940562134  
-0.3196840898  
-0.3975683228  
-1.016518861  
-1.695966168  
0.2113770057  
0.9904412746  
1.028068507  
-0.286305785  
-1.68366875  
-0.9107901173  
-0.9150495318  
1.683809969  
1.771538415  
-0.4334740379  
0.2559820574  
-0.1146786635  
-1.551345615  
-1.966436696  
1.205847373  
1.904715047  
-0.2675779136  
-0.461501571  
-1.004362229  
-0.07674687963  
-0.2035065904  
0.38884492  
0.2211478554  
-0.08606936837  
-0.2980113535  
-1.710200043  
-1.120985444  
-0.3066947653  
2.881006645  
2.034425411  
-0.9976760257  
-0.6532224733  
-0.2312219111  
1.531646166  
1.804193147  
0.2349500345  
-0.1942880761  
-0.3689061966  
0.2812270075  
-0.3278730387  
-0.6299201621  
-0.7891139199  
1.495760646  
2.346523433  
-0.7301280486  
-1.64016768  
-0.5954427395  
-0.1218393223  
-0.0749700884  
0.2038964066  
-1.153317339  
-1.691904972  
-0.9419992091  
1.451701767  
1.619835314  
0.3655087684  
0.2265177032  
-0.05147673145  
0.9781782669  
0.5411593684  
-1.449085399  
-1.201723385  
0.6651638161  
0.7805185632  
1.339580566  
0.05272632507  
-0.7798785875  
-0.02081955284  
-0.3401067361  
-0.5746234293  
-2.384768924  
-1.35663624  
0.5558488908  
1.660405016  
0.9543671288  
0.2701506538  
0.09770948738  
-0.7964762111  
-0.5116388215  
-0.6699671887  
0.7862879411  
1.699051142  
0.06122840982  
0.3915538191  
-0.916319645  
-1.854352101  
-0.9556350974  
0.7897088691  
0.2706241201  
-0.3566516117  
-1.72793287  
0.1833219993  
2.058153606  
1.399984962  
-0.609321127  
-0.6073346039  
0.9581496465  
0.2482396711  
-0.03754822152  
-0.8705507971  
-1.760831321  
-0.4084267349  
0.2326126333  
0.7104073466  
-0.7306909366  
-1.421387233  
-2.236540191  
0.4107045895  
0.8630490511  
0.5628160655  
0.4469894516  
1.240733984  
2.392206956  
0.2815978489  
-1.378909739  
-1.277158125  
-2.029114881  
-0.6837660089  
0.3955952779  
-0.2928215386  
-1.638305673  
-2.726657338  
0.4271875619  
2.72568091  
1.696170057  
-1.379640714  
-2.384805932  
-0.646082927  
1.360716651  
1.368574257  
0.415964749  
-0.1109733301  
1.935691692  
1.994459096  
1.66765102  
1.480918887  
0.3944378768  
-0.5214845746  
0.3088946372  
1.653195161  
1.207822628  
-0.5041281329  
0.3135493391  
0.3085080477  
1.751827515  
0.5716012814  
-0.2847575317  
-1.615028611  
-1.177995902  
-0.8274190606  
0.7182726428  
0.4088235555  
0.3184750288  
0.2062993159  
-0.8951920111  
-1.871348455  
-1.74070656  
0.7492965055  
0.0411404316  
-1.517337695  
-1.591845867  
-0.3997568357  
1.460628177  
1.683074  
1.667805482  
-0.4814145768  
-0.4274589005  
0.4264969023  
1.64877104  
0.04347367325  
-0.9270631371  
0.496158423  
0.06539287212  
-0.09631714222  
-0.2752932665  
-0.1731306265  
0.9065252613  
0.2634522746  
-0.7034636321  
-1.857765213  
-2.594542778  
-0.6730406458  
0.8657129807  
1.546265475  
0.2809891412  
-2.000111525  
-0.9501973024  
0.0644792973  
-0.06221671547  
0.619857063  
-0.6444063433  
-0.5574625813  
0.2436173673  
-0.3016523134  
-0.9237781866  
-1.174970289  
1.352854349  
1.800495633  
0.02856151765  
-0.248650608  
0.4821485592  
2.12702993  
1.460333422  
0.3038327095  
-0.3932612613  
-0.1285029257  
-0.4057289714  
0.5219183077  
0.2935898629  
-1.759246484  
-2.301143783  
-0.1460326871  
0.176134753  
1.58073668  
1.403628158  
-0.5204881665  
0.7262063601  
2.042333377  
0.5559310099  
1.073652661  
0.8549318578  
-0.4882950472  
-0.977282218  
-0.1426591455  
1.460948639  
1.18561194  
-0.9703903276  
-1.344197101  
0.1683633342  
0.803664264  
0.1391143742  
-0.2679886885  
-1.32400194  
-1.33794817  
-0.4840178738  
-0.771269146  
0.391984746  
0.5098448787  
-0.4090769202  
-0.4536922437  
-0.9557863217  
-1.684003313  
1.178407419  
1.689637372  
-0.5302442567  
0.457939584  
-0.1625716214  
-1.744576345  
-1.671886792  
0.6263072134  
1.402400789  
1.720873617  
1.457847363  
-0.1582374784  
-0.279496849  
-0.328545434  
0.5191205124  
-0.4598533435  
-0.805657367  
-0.7304342336  
1.854475313  
1.550316131  
-0.3826042158  
-0.4664893513  
-1.226551294  
-1.645232186  
-0.8257177391  
1.124448058  
0.9893757403  
0.02920224044  
-0.8127089638  
0.5059956881  
0.08574265059  
-1.108768469  
-0.3984956653  
-0.5251809898  
-0.4442443534  
0.4359968423  
0.01904232674  
-0.7684004393  
-0.4012521984  
0.3877521357  
0.1402870837  
-0.7165013863  
-0.6367445229  
1.219208111  
1.450804607  
-0.03843148853  
-0.7851190604  
1.078444243  
1.499529472  
0.5896762802  
-0.6420825032  
-1.957169115  
-1.835552345  
-0.991074664  
-0.7378885749  
0.4070501047  
0.7158900835  
1.159732148  
1.565094712  
1.087723826  
0.03117527678  
-0.8479840623  
-1.401445784  
-0.5188512643  
0.6353968641  
0.4088347522  
-1.260085584  
0.3955049322  
0.7287148701  
-0.7202227654  
-0.04626787194  
-0.3467687548  
-0.3916653479  
0.8061586555  
0.07877218375  
-0.2453853086  
-0.1638801432  
0.2007348312  
-0.5841110245  
-0.2105954816  
-0.3440683363  
-1.630087905  
-0.9557629912  
1.405035561  
1.835227855  
0.8453803236  
0.7811397783  
0.8736573329  
1.53657669  
0.8445954336  
-0.7231035736  
-1.148359534  
-0.3220422918  
1.72295522  
1.416323274  
-0.5220077856  
-0.2846389603  
-0.4959031806  
0.9630885807  
0.4645346577  
-0.8802442862  
-1.643990406  
-0.5725481944  
-0.4055039137  
-0.1863726323  
-0.1574304743  
-1.350968403  
-0.5476792943  
1.729413322  
1.477908935  
0.2669151921  
-0.06723661279  
-0.7123201763  
0.05157037568  
1.55654388  
-0.9428385983  
-0.2726169708  
-0.06418033226  
-2.261229163  
-1.252835383  
-0.7828276345  
-0.5727667168  
0.0002328841941  
1.610558856  
1.753849963  
1.592418119  
1.193478846  
-1.582375878  
-0.9177288128  
1.192031038  
0.5689966254  
-1.224347571  
-2.233183913  
-1.27788385  
-0.1147377288  
1.809197812  
-0.1684022437  
-0.9446748081  
-1.078155496  
0.172064764  
0.3809808238  
0.987810333  
0.4398131312  
0.4373632474  
0.4918781742  
0.5502488008  
-0.492763027  
-0.5841367355  
0.6439788559  
0.7696644345  
-0.4329042493  
-0.6156321059  
-0.660120021  
-0.3729152011  
-0.1721872946  
-1.349785421  
-1.091665696  
1.169689325  
1.479585752  
-0.0395200159  
0.2828373535  
-1.066997709  
-0.7508964622  
-0.4674169814  
-0.6475715604  
0.2121229625  
0.4959591219  
2.408272845  
