-0.7729019319  
1.768403612  
1.631044124  
-0.7750784389  
-1.146980961  
-1.33313508  
0.7495597123  
0.1706880653  
-1.247702277  
0.0791637717  
-0.04222388681  
0.9829456467  
0.6605533994  
0.06141035246  
-0.2320265781  
-0.1157023301  
0.408325929  
-0.7240249337  
-0.8654601937  
0.4790973808  
1.379700748  
1.124369107  
-0.5859898482  
-0.8801192696  
-1.603391427  
-0.08960395115  
2.203553855  
0.8260500341  
-0.8427386194  
-1.307763094  
0.5450960907  
0.3670263636  
1.040772566  
-0.4964427241  
-2.119565828  
-1.088427057  
0.3082201216  
0.5926542744  
0.5101692304  
-0.9196412419  
-1.12604886  
0.8810351484  
1.69489755  
1.201168262  
-0.9109996664  
-1.74687332  
-2.490133858  
1.420007225  
1.980633823  
2.203870326  
0.04635985544  
-1.960006121  
-1.289492891  
-0.3712959867  
0.2877775717  
0.07784003847  
-1.449619814  
-1.98559908  
0.9421288254  
1.085874908  
2.285641538  
-0.5879659189  
-1.182892624  
-0.5184205577  
1.063169575  
1.491948185  
0.9178518379  
-1.669343135  
-1.923590724  
0.9667249207  
2.610760042  
1.482025198  
-1.239367845  
-2.093133568  
-0.7646011604  
1.364280425  
0.3548747765  
-1.344627342  
0.06243713313  
1.733920846  
0.9633487051  
0.06361660694  
-1.000852694  
-1.623431168  
0.2718935424  
1.541215609  
0.07310621509  
-2.440617572  
-3.399420696  
0.8242025442  
1.982211432  
0.6255695216  
-0.5028304069  
-0.09061005212  
0.866228854  
0.9821747171  
-0.2526248761  
-1.037654294  
0.6794777515  
2.081820771  
1.724330222  
-1.359222549  
-1.098691802  
1.137424694  
2.392721427  
2.0387302  
-0.2573332093  
-2.279828213  
-3.268285599  
0.03155928113  
0.8308125997  
1.182641003  
-1.416847413  
-2.356632746  
-1.114574614  
0.9826687308  
1.343740485  
-0.8725687065  
-1.391266866  
-0.6974434372  
0.771511386  
0.120195385  
-1.44682017  
0.1942719544  
1.9170344  
1.382775858  
-0.3189283876  
-0.754647513  
1.699640722  
1.748925313  
0.2146434191  
-2.858010783  
-2.896544335  
0.6236324338  
0.9743670905  
0.4073487997  
-0.6513652339  
-1.640198203  
1.603760175  
2.009556216  
0.9693576859  
-0.5187002799  
-0.8645925619  
0.5927099452  
2.219119744  
0.5115614267  
-0.5598976512  
-2.693912434  
-1.397418578  
1.558106276  
1.005802187  
1.142197734  
-0.009599412938  
-1.534770409  
0.4926769249  
1.779606356  
0.9298445193  
-1.073497987  
-2.747542645  
-0.5420224708  
0.3085461276  
0.2067584274  
-1.471781173  
-1.62735482  
0.2730848404  
0.8657890363  
0.03137183329  
-1.95846464  
-0.8028429143  
1.720249758  
1.761912347  
0.8117895577  
-0.6294386487  
1.253571676  
-0.6064362405  
-1.638333609  
0.7335518649  
1.964846143  
1.737277495  
0.5453092815  
-1.298199333  
-2.537535998  
-0.3195415128  
2.605460793  
1.996128629  
-1.030683294  
-1.5304428  
0.6526774399  
0.7000763433  
-0.01858976014  
-0.1637201326  
-0.3879230149  
0.4128244235  
-0.1642888645  
-0.09786270828  
1.216284983  
-0.8260482208  
-0.7219852249  
-1.590648966  
-0.8534757661  
2.614521014  
1.445690771  
-0.2147108811  
0.5810660915  
-0.317977186  
0.9813039543  
0.2015662306  
-0.4584664812  
-1.006274246  
0.9284716261  
0.5308437492  
-0.7962354302  
-1.873419311  
0.9829127241  
0.2887337857  
0.6963226629  
-0.9382866259  
-1.404859658  
-2.007064693  
0.4155469036  
0.7338575053  
0.8828692552  
-0.7781985406  
-2.938047668  
0.9210519658  
1.636101633  
0.7189515879  
-0.1610274335  
-1.372212272  
1.815134938  
0.2481029785  
-0.5325806703  
-1.156147782  
-0.5304810077  
0.5397296057  
0.5026243134  
0.2762214425  
-1.198300516  
-1.501780738  
0.9708787192  
0.2905765598  
0.1430542756  
-0.6811089152  
1.007101857  
0.7599215775  
0.4813590001  
-1.225979929  
-1.274987783  
1.458342426  
0.8368422203  
0.9246187075  
-0.9590129405  
-1.366908039  
0.5852325342  
0.2188531211  
-0.2594522822  
-0.6244437775  
0.5554282875  
0.9638441813  
0.8502398299  
-0.7365336603  
-2.151671072  
-0.1667260356  
1.377640918  
1.371607587  
0.185128045  
-1.306931728  
-1.229879863  
1.340044502  
1.392765475  
2.226823383  
0.4771927058  
-1.898096263  
-1.112133754  
1.265262343  
0.2381979979  
-1.291915667  
-1.376980752  
1.724608816  
1.397661553  
-0.006462704819  
-1.620197236  
-3.381342634  
-1.302985717  
1.94305689  
1.302984463  
1.039348732  
-0.03950643253  
-1.559344453  
0.7841457279  
-0.2112084633  
-0.499205545  
-1.194206676  
0.3223879456  
2.044569839  
2.144587887  
0.277214905  
-1.391563127  
-0.2401277579  
1.867538343  
0.7673763548  
0.2495459067  
-0.8652514516  
-2.306802201  
-0.659987523  
1.171323759  
2.5627044  
0.1545321191  
-1.930969994  
0.04203126139  
-0.2358425556  
0.5187739046  
-0.8180173196  
-1.833283302  
-1.379238406  
0.6758236586  
0.5242019456  
0.8006232433  
-0.8866713405  
-1.26342936  
0.1875998096  
0.3009245409  
-1.286556759  
-1.208874752  
-2.503897802  
-0.4729209961  
1.870897658  
1.401212899  
0.06271302162  
-0.9711725555  
-0.2523935352  
1.357557398  
2.244408492  
0.1716498052  
-0.8951434757  
2.794868868  
1.472200961  
-0.2403610808  
-0.5366006114  
0.0446673782  
-0.107488522  
-1.215652592  
-0.8389347297  
0.2296524727  
0.1826908222  
1.001510287  
-0.6061697381  
0.3508506767  
6.857607799  
-0.8783916695  
-0.9102161201  
1.742494138  
1.54952866  
0.4490054303  
-1.579402065  
-1.240162126  
0.02776758732  
1.653488939  
1.582179776  
-0.4299836132  
-1.718909612  
-1.364413396  
0.09445085409  
1.136821259  
1.681585998  
-0.4193128849  
-1.226576574  
-0.5786152819  
0.2764077834  
0.2691330523  
-0.3764098221  
-1.664215294  
-0.8448984922  
1.133847528  
0.9445692113  
0.1150725532  
0.7812472808  
0.2947290479  
0.05097822652  
-1.088404449  
-1.541022091  
-2.330177022  
-0.8793389442  
1.484986087  
0.3690219541  
-1.129621255  
-1.434553457  
0.8536093388  
2.682012651  
1.474548889  
-0.9342461534  
-1.136116636  
-1.106077443  
-0.4758507271  
1.455870148  
1.086073558  
-0.1687863939  
-1.191952221  
-0.9360661099  
1.161525276  
1.324185363  
1.081350519  
-0.4322769305  
-1.45742031  
0.272713988  
1.539422113  
0.2124854949  
-2.695055729  
-1.222399676  
-0.6505297294  
1.3021302  
1.250564706  
1.115400362  
-1.273567617  
-2.762285456  
-1.405273815  
0.6198919075  
-0.4243024853  
-2.255791658  
-1.957788071  
-0.4480886742  
1.366149018  
1.457175436  
0.1614730459  
0.3920391924  
-0.3157552008  
-0.7321473662  
2.02856297  
0.8497291082  
-0.3315397323  
-1.633048484  
-0.5443871348  
1.060830011  
0.7724680376  
-2.625034828  
-0.6212666909  
1.649660011  
2.857630968  
3.331280544  
-0.0911017239  
-1.053041876  
-1.542263397  
2.301275657  
2.674456215  
1.168596378  
-0.9954373742  
-1.946278335  
-1.266843736  
0.6997487676  
0.5878336335  
-0.4691976286  
-1.649944238  
-0.9273120216  
1.405221101  
0.7436791119  
-1.757792699  
-1.463550111  
-2.467676294  
0.6579419001  
-0.2640447492  
-1.50101508  
-1.546335019  
0.5197349798  
2.579517483  
2.304331942  
-0.8019746371  
-0.4301620744  
1.293875981  
1.956962973  
-0.7564195367  
-1.371896419  
0.6583089567  
0.4734926093  
-0.6453272951  
-0.7208645129  
-0.364069221  
3.092522451  
2.357539853  
-0.6180959468  
-0.9485071328  
-2.105213478  
0.7117004366  
1.810782994  
2.807322693  
0.4323006906  
-1.251697862  
-1.423205613  
0.3696574559  
0.5352402303  
-0.2726080046  
-1.639253568  
-1.806959796  
-0.5652935791  
1.615075206  
-0.03256929542  
0.6316776308  
-0.34770034  
1.072919646  
0.9857446338  
-0.735451026  
-0.5771103564  
-0.8915231169  
1.053000791  
1.074558889  
-0.08952073519  
-0.4317514666  
-2.191094934  
-0.5713532108  
2.271206025  
0.008337250978  
-0.6156864182  
-1.137907179  
1.197013728  
2.307015888  
-1.322085012  
-0.2238420769  
-0.1992052338  
0.5569865526  
-0.7057690385  
-0.7925034674  
-2.493354698  
-0.4334091555  
0.2825333749  
0.8565587601  
-0.5245366003  
-0.5297695074  
-0.8322181074  
0.9728979007  
0.8714431161  
-2.54982313  
-3.116452166  
-2.516946509  
2.418546542  
1.541786213  
1.842967912  
0.3468425884  
-0.4764903653  
1.229573804  
1.092874736  
-1.142673836  
-1.054184799  
-0.1855573347  
1.235590006  
0.2082533844  
-0.9902433444  
-0.9387082595  
-1.228813013  
0.2868265797  
0.336855635  
0.4238830572  
-0.5402685042  
-0.5249042195  
0.2544814452  
0.3244366292  
-0.6301242442  
-0.3252209286  
-1.250567515  
-2.032132387  
1.34744623  
1.303006193  
0.2886700433  
-0.7425431707  
0.9114657823  
2.445726007  
0.8419193996  
-0.9568400836  
-1.007230538  
-0.6636046173  
1.709847831  
0.8983417341  
0.6136976463  
1.275453974  
-0.3202471185  
0.0001467550965  
0.1870481339  
0.7861212254  
0.4716471331  
-0.6642233769  
-1.238168146  
-0.5705404459  
0.7422449709  
0.9911664271  
-0.5082903327  
0.02604841826  
1.480226275  
0.1988062912  
-1.228502908  
-1.528558622  
-2.243280809  
0.5915639015  
