-1.105116023  
5.826838207  
-0.6970805761  
-3.742212139  
-1.784416105  
-0.3597290378  
4.872000903  
0.3546211103  
-2.105236835  
-2.664408335  
-2.118137648  
6.527147711  
-0.6275478414  
-1.973103317  
0.1197597245  
4.903709473  
-1.78534845  
-5.746474307  
-0.6933438982  
3.363184773  
4.276397928  
-0.3613322599  
-4.285258735  
-2.152378311  
-0.6693211331  
3.69085404  
0.1359975651  
-1.665796489  
-5.778510242  
1.783676259  
3.977375279  
1.310378372  
-2.014133777  
-5.557474211  
-1.876975696  
-2.409542895  
6.852599471  
-0.1237344817  
-2.232964959  
-4.773186955  
1.460742714  
3.854906809  
5.876893661  
0.08416012233  
-2.718413725  
-2.881730906  
-0.1982085292  
4.98931816  
1.62225329  
0.2344587976  
-5.585028655  
-1.447810448  
-1.286876726  
6.690708894  
1.117776162  
-2.190314277  
-3.222320039  
0.6050692637  
4.59715432  
1.405542028  
-0.8291681582  
-5.123117728  
-2.309315149  
-1.243063537  
5.798970074  
0.1059530124  
-1.560837122  
-3.415401327  
-0.2129205491  
4.006660609  
0.001384874802  
-1.487138592  
-4.775434512  
-0.3557278626  
4.344305064  
0.6984386296  
-2.38633385  
-3.434268014  
-0.7015813412  
6.527042938  
-0.4282575801  
-1.749835716  
-5.40291964  
1.921774931  
3.178072558  
0.1862692998  
-1.720766981  
-2.925772755  
3.189748883  
4.903971395  
0.1666851067  
-1.806176626  
-3.484092409  
-1.025248622  
5.177107388  
0.2165083411  
-2.192423896  
-1.37390907  
3.164083316  
5.92333329  
-0.5221750463  
-4.573148904  
0.614310159  
2.159779401  
5.24807179  
-0.2940395551  
-2.723518787  
-3.036758551  
2.148019857  
4.438441154  
1.374030956  
-0.389386061  
-5.081234022  
-0.7040824457  
2.437971642  
5.877095582  
-0.5419932145  
-2.040356706  
-2.056377392  
4.814356393  
-0.09951828438  
-5.227145807  
-0.8342205601  
2.647816479  
3.007230845  
-1.903512584  
-4.934672969  
3.032292755  
4.628044868  
0.1101287294  
-1.277658468  
-6.899986797  
-3.048641047  
-0.2307324678  
-0.8669937702  
-5.72817115  
-8.389148978  
-2.128015561  
1.253296265  
4.142743187  
-2.407906611  
-5.585811379  
-0.1905489959  
1.721578451  
6.19608327  
-0.7535569439  
-4.953586183  
-2.215524515  
1.609373953  
6.859234969  
1.520102873  
-1.073157505  
-3.890801837  
3.975699671  
3.364446021  
2.924413035  
-1.112910561  
-4.732942217  
4.486821669  
4.131828055  
2.606686674  
0.9112880051  
-3.544249373  
-0.9941100314  
4.449394041  
3.373986163  
-4.167463983  
-1.702442245  
0.620539109  
5.00411031  
-1.033347338  
-3.61913099  
-1.254375815  
4.259089304  
0.07873065142  
-3.133203121  
1.364760703  
5.334440939  
-1.826748924  
-1.605061247  
-3.866046609  
-0.03880706979  
2.217206175  
-1.098770232  
-2.504472949  
-5.99115032  
1.257046503  
3.882428584  
2.204906674  
-3.927254615  
-3.614643378  
5.741987498  
-0.3221601023  
-1.514906321  
-0.9714601301  
6.497429253  
-1.182646749  
-5.848491236  
-0.473512838  
0.1049606157  
7.152511535  
0.4749401152  
-3.807964303  
-2.265281515  
-0.408868624  
3.766830252  
-2.516439605  
-0.1949306692  
2.113098514  
3.692356929  
-1.883548702  
-5.500254654  
2.024505884  
3.44439879  
3.698714238  
0.4441524856  
-4.617497191  
-2.631151932  
0.6992868742  
5.321155807  
-0.7824899593  
-2.03755807  
-2.74721282  
3.399451892  
3.551547605  
0.5560062158  
-1.512960051  
-4.405064656  
2.100499057  
2.164689758  
-0.7558943037  
-5.389441938  
0.7762991506  
4.84542084  
4.832586032  
-1.430025121  
-4.427673947  
-2.15470925  
4.006234683  
2.008816303  
-5.538165783  
-2.225091497  
-0.6281597335  
4.838880518  
-0.9758195892  
-3.09168458  
-2.556520096  
-0.8105523905  
6.610685961  
-0.7434492052  
-2.183765414  
-4.15699351  
2.825221991  
2.429053833  
0.323162165  
-3.37743211  
1.127995993  
5.134288059  
-0.1709759611  
-1.391653026  
-3.122088225  
4.282220222  
4.554066834  
-0.4400488622  
-1.552011515  
-4.647228128  
0.2450347594  
-0.3768239392  
6.779334421  
0.4014879642  
-0.8276899614  
-3.94994735  
3.512165164  
6.062367919  
-0.03031619118  
-1.669178049  
-3.237169231  
3.26442142  
5.235159685  
0.03498948608  
-1.966153755  
-7.31735172  
-4.09450414  
-1.792873037  
4.472194553  
-2.380018622  
-4.217832747  
-4.862118904  
4.061513817  
2.449083243  
-2.868463837  
-4.920298722  
5.070806701  
4.842622703  
0.744919283  
-0.9218404464  
-4.056271382  
-2.315868438  
-1.418805183  
6.661240552  
-0.3841518209  
-1.896321881  
-3.017600977  
3.060896852  
4.183805023  
-1.44659056  
-2.270536729  
-4.108335482  
5.09091305  
4.868955435  
2.681503298  
-3.25433487  
-3.14445527  
-3.038884091  
1.501217486  
4.439369021  
1.683749836  
-3.903419075  
-1.6338155  
0.9016459351  
6.952820391  
1.392910244  
-4.018974628  
-3.37368747  
2.69434523  
4.988270199  
1.460173753  
-1.072104237  
-6.022544659  
0.1173501739  
2.72709357  
5.705411318  
-1.630517043  
-3.540113165  
-0.6507112019  
1.467338544  
-2.841101951  
-1.95161414  
7.657389741  
-1.193302406  
-6.229454661  
-2.980077703  
0.2822902408  
6.180405135  
2.544546518  
-1.420960508  
-3.496436494  
-1.668911751  
10.86618149  
-1.231228498  
2.54873062  
2.700146205  
-1.82833103  
-3.446667198  
-4.605964245  
0.3399576816  
4.570990865  
4.470496903  
-1.360457656  
-5.30675168  
-2.955849669  
-2.644547011  
6.884202044  
1.768940358  
0.9347952735  
-4.651844292  
-2.653102481  
-2.579967332  
7.354798608  
0.8200358675  
-2.806827753  
-3.440659683  
-0.3309035026  
4.260541618  
-1.143910143  
-2.257049059  
-1.696154741  
8.245812204  
-0.09023046377  
-3.859234751  
-4.23341428  
-0.2165647701  
4.179317553  
-1.124576623  
-2.263125019  
-4.418624732  
4.118016827  
5.184544048  
5.219088274  
0.7875631278  
-1.775145236  
-2.982542133  
2.844315018  
4.237310933  
4.911344116  
-0.2973791515  
-2.127840888  
-3.200424496  
1.347491392  
5.05366806  
4.042495039  
-2.483049423  
-5.597596239  
1.63370579  
4.197718453  
5.784541869  
-1.143219305  
-4.610527633  
-2.560642034  
0.135828423  
5.390894774  
1.181733456  
-0.4333281979  
-3.830288102  
-1.738518603  
-1.411875541  
8.117461693  
-1.797192356  
-7.612593383  
-5.670486761  
-3.656828533  
2.93993529  
-2.38193278  
-4.447193135  
-4.852159369  
-2.189141083  
3.413578325  
-2.577985894  
-3.255838548  
-3.274032909  
3.329961217  
4.040664366  
5.210531626  
0.5972019944  
-4.719797236  
-1.41715285  
4.214073622  
2.878536225  
-0.5384292469  
-1.172855356  
-3.37672884  
3.237789834  
4.363616437  
-0.2681220924  
-1.826490244  
-5.08271002  
-1.650169679  
-1.282803489  
8.179175712  
-0.5312671454  
-5.61747174  
2.01759583  
4.931502542  
1.186039469  
-1.60146056  
-5.673834616  
-0.1175175864  
2.226564568  
1.959901627  
-4.432973658  
-2.046270613  
-1.941641059  
6.744597347  
1.065540505  
0.04451768532  
-3.64334344  
2.936950254  
3.759805631  
-2.79580151  
-1.593122798  
-0.3761265386  
5.404730327  
-0.8535324002  
-5.481966108  
-1.531958836  
-1.525035062  
7.606529137  
1.051624864  
-2.391177385  
-2.430405887  
1.095787764  
4.561634143  
0.5528521801  
1.227774152  
-4.731922317  
-1.803440526  
0.1762066409  
6.337874116  
-1.009236019  
-2.100474956  
-2.82880091  
1.356429471  
5.077214884  
0.9532787749  
-0.8501893736  
-2.659053671  
1.942704409  
5.191822685  
-1.314263341  
-2.865783069  
-2.527273649  
0.8396983141  
6.083965022  
-0.5497704112  
-1.419686261  
-2.738952611  
2.375921444  
4.004455231  
-0.4589087245  
-0.9943327392  
-3.091526026  
1.744150986  
4.303064443  
-1.437447206  
-1.964404856  
-0.2631514765  
7.297814086  
-0.4386775269  
-2.99564219  
-1.789245886  
1.892364381  
4.518237205  
2.305482996  
0.06872584096  
-4.07677385  
-1.279699793  
-1.287226578  
7.394710128  
-1.098796021  
-5.866631717  
-6.234468906  
-0.7264829551  
0.04605815817  
-4.578080954  
-6.568380835  
-6.316629321  
2.55655874  
1.83481084  
-3.151673579  
-3.459430251  
-3.903445663  
-1.703598018  
7.635794422  
-0.07872850863  
-2.268499704  
-2.108974579  
3.505760829  
3.872579702  
0.836008721  
-2.198155435  
-3.782630619  
2.866011474  
4.516872695  
0.7037584314  
-3.136234614  
-4.497648448  
-0.122338028  
0.4398861605  
2.96830469  
-2.098367809  
-4.651287345  
2.837781807  
3.40498672  
4.645214209  
-0.5414770602  
-2.451659418  
-1.160030661  
5.083664531  
0.333714778  
-5.553840108  
-0.6076398799  
3.690566259  
2.313680197  
-4.099640502  
0.4387704787  
4.660402385  
-2.953162536  
-4.795438835  
-1.455010804  
3.167488535  
5.880310542  
-0.5921139003  
-3.362221171  
-2.103016028  
3.636177586  
-0.5047684978  
-5.510114998  
-0.4774532344  
-1.585859058  
5.760865283  
