0.1714387442  
1.336113873  
-0.6255897136  
-0.1522121208  
0.6879426476  
0.09380218952  
0.5506970738  
-1.403424444  
-0.2360387466  
0.2275788725  
-0.7681124292  
0.01567003542  
0.06401896723  
0.9828042026  
-0.8166091416  
-1.140145974  
-0.5344227302  
0.3314789559  
1.457389444  
-0.5059679116  
-0.0296238149  
0.1639327302  
-0.1994157282  
0.7866121542  
1.005128202  
1.55936936  
-0.2618209194  
-0.1274246045  
-1.400451058  
-0.5587388964  
-0.5543404919  
-0.2118693432  
-1.154793354  
-0.08924186563  
1.172339116  
0.2885878917  
0.9280579022  
-0.5333841617  
0.471797008  
0.1002711049  
1.132633303  
-0.1932041896  
0.0408875006  
-0.8251304881  
-0.9252504726  
-0.5188891964  
-0.1127531385  
0.6800703631  
0.6366373544  
0.1154313136  
-0.215002088  
0.6917050585  
-1.080404368  
-0.3554210109  
-1.029388797  
-1.677433603  
-1.500582124  
-0.07487477386  
0.4123311859  
0.2626995908  
0.5242776987  
-0.4928252011  
0.5263186811  
0.2440161004  
1.480265298  
-0.1644572258  
-0.05426370142  
-0.175910681  
1.2502977  
1.344211235  
0.3391355565  
-0.322043295  
-0.3652497037  
1.445948562  
2.29263842  
-0.3471675541  
-0.2658383274  
0.680773207  
0.4535158875  
-0.09543861188  
-1.288819978  
-1.27572442  
-1.407009016  
0.8126576039  
-1.206856516  
-0.3135454708  
-0.440112438  
-0.2310290193  
0.5608440343  
-0.6746194167  
-0.9202635923  
-0.4874233979  
0.2315343139  
0.2609463674  
0.6124137719  
-0.6165459001  
-0.3946855103  
0.03854782805  
-0.4268888761  
-0.427192655  
-1.17316713  
-0.5964919892  
1.786815498  
0.07043081359  
0.4579986312  
-0.4393777473  
-0.3765664643  
-0.4509793378  
1.370090161  
-0.1597250588  
-0.334312746  
-0.2457451946  
-1.251473627  
1.320461293  
1.884362903  
1.161654742  
-0.9881954845  
-0.1784983426  
1.090852479  
0.604473525  
-1.186631788  
0.6637903722  
1.976089598  
-1.312782938  
-1.560659684  
-0.125294617  
-0.6528210998  
1.542125969  
0.1976847672  
-0.08821501284  
0.08059007407  
0.4883741545  
0.4833070349  
-1.515005434  
-0.8877464081  
-1.006082979  
1.153476332  
2.809844895  
-0.2914416349  
0.8540182336  
-1.224060313  
-0.2180984445  
1.99841885  
-0.6795285738  
-0.7795875628  
-1.751414336  
-0.5953578638  
0.8904689537  
-1.000148708  
-0.7733186087  
-0.9277026819  
0.2444330115  
0.2375193418  
1.174837314  
-1.265421884  
-0.7382734092  
-1.07410822  
-0.8576732462  
1.357165665  
-1.64335069  
-0.8326923972  
-1.92245973  
-1.756699536  
0.7518593684  
0.882407524  
1.142263753  
1.482937825  
2.272532033  
1.703012325  
0.9472366251  
-1.020035775  
0.1100727373  
2.765039978  
-0.9075748749  
-1.331903338  
0.5470829949  
2.162882317  
-0.3081643151  
-0.8410574979  
-0.7064775875  
-1.42882228  
1.189403551  
0.9402840356  
-0.7235367315  
-0.2023293526  
-0.645430412  
0.9270222376  
-0.6133835719  
0.5411946372  
-0.4339878295  
1.441402527  
1.714168711  
-0.9186067637  
0.1711288829  
-0.2314535999  
-1.188460288  
-1.35320826  
0.9466858213  
2.661112139  
-0.004861230065  
-0.4964121396  
-2.233061722  
-1.660210749  
1.613006132  
-0.7213219721  
-0.7527573931  
-0.5682297954  
0.929297403  
0.3515628125  
-1.885928711  
-1.507776549  
-0.04005619034  
1.635103139  
-2.001956932  
-1.150410149  
-1.030523254  
-0.8934950461  
1.350660662  
1.908086337  
0.2407448471  
0.1514928841  
0.9890175179  
0.1173551908  
0.6442536256  
-1.187609413  
-0.6784620936  
-0.230600765  
0.7213776971  
2.623424718  
-0.3331177824  
-0.5965968904  
-0.4201439939  
2.841203726  
0.2410528335  
-1.16769819  
-1.638343504  
-0.8770137721  
0.1281868626  
0.9974286931  
-1.941378603  
-0.1914479096  
1.240115469  
0.7521499779  
-0.2582291588  
-0.8050688712  
-1.074274336  
0.5823663234  
-0.2744045251  
0.7804948266  
0.454600462  
0.4723850225  
1.058624434  
3.088660036  
-1.233428452  
-1.704507529  
-2.325376621  
0.8975663431  
0.6443257777  
0.6244097684  
0.2610215972  
-0.3280789412  
2.259707769  
0.3706950917  
0.1337359329  
-0.9984731143  
-1.231285948  
1.427403398  
-0.563884417  
-0.01542101987  
-0.5129615225  
-0.005026223693  
-0.6820796562  
0.6235200857  
-0.04759092429  
0.3149525377  
-0.6529609216  
-1.191907009  
-0.1970963225  
0.8729292828  
1.001889847  
0.1920356189  
0.9391315865  
1.503208181  
-0.429288953  
-0.8265399928  
-1.7689743  
-0.6560163889  
-0.2630452837  
0.8570791418  
-0.7184791818  
0.353484578  
0.5305954228  
1.645215745  
-0.7368417263  
-0.3982706871  
-1.050453292  
0.7181164581  
1.800441024  
0.7157122821  
0.7877557562  
0.1823927799  
0.4683477368  
-0.1855161575  
1.421402758  
-0.05688340042  
-1.082411817  
0.4182426173  
-0.4034470851  
1.200924069  
-1.574645514  
-1.309431983  
-1.525939417  
-0.1684845608  
-0.5785693484  
0.01304551332  
-1.790081693  
-0.6973843701  
-0.9341217161  
0.76316909  
0.9373417156  
-1.023384024  
-1.356301303  
-0.6473714995  
-0.09028033689  
0.379772492  
-0.05273518639  
0.05836303064  
0.07948001108  
0.3366924241  
3.017192719  
1.823433988  
1.206435867  
-0.9557340395  
-0.369139378  
-0.02293074464  
-1.150650217  
-0.1507060037  
-0.06744668129  
0.1294718838  
-1.136856758  
0.1716580775  
1.418594161  
1.821243814  
-0.8378967564  
-0.6609783768  
-1.233840584  
-0.2020935371  
0.4244800646  
3.901400076  
0.9884174068  
2.224327498  
-0.1395017643  
-0.4705690562  
-0.8239894229  
-0.9178278024  
1.268706588  
0.2510874091  
-0.7908668088  
-1.812351683  
-0.8951840161  
1.593133778  
0.9597169849  
2.08692081  
0.1725160866  
-0.4553223052  
-0.3499572971  
0.7715448542  
-0.7778481137  
0.01568415342  
-1.28534823  
-0.4230193441  
0.7226986737  
0.625919416  
-0.3801832245  
-1.181635143  
0.4054024314  
0.7116302031  
-1.271845868  
-2.344015932  
-0.9691071677  
-0.1569496453  
0.8215344132  
1.618351487  
-0.5273981237  
0.4553245994  
0.4873265883  
2.411467772  
-1.382657986  
-0.8520561117  
-1.137246464  
-0.3187717815  
0.6445764202  
1.185488758  
-0.4127235369  
-1.786597471  
-2.197797831  
-0.9756950201  
-0.3405109189  
0.9552171891  
-1.035264086  
-1.392478061  
0.3630532727  
0.7858127452  
2.549161971  
-0.3698703533  
-0.415351176  
0.3043051602  
-0.2218372668  
1.27736431  
1.410919485  
-0.1390571415  
-1.119134467  
-1.12215894  
-0.5546961655  
1.916308726  
1.075479205  
-0.8526868957  
-1.65349547  
-1.73027996  
0.9409751451  
0.35783785  
1.108208012  
-0.6452555629  
0.1699558421  
0.2129174969  
1.077262722  
1.487674613  
-1.002535093  
0.1715121482  
-1.261741662  
-0.1289758691  
-1.116752807  
-1.195229641  
-0.5214628274  
-0.001924876445  
1.038880197  
0.2672430698  
-1.00150538  
-0.484571558  
0.6006717743  
0.7901534661  
1.148795136  
-1.660510526  
-0.3785982612  
0.9694070409  
0.1892625227  
1.707896096  
-0.5353659391  
-1.857845596  
-0.9677272493  
-0.691292364  
2.138538502  
-0.7667669696  
-0.7197707569  
1.112854211  
0.544563118  
1.410836767  
0.2587085243  
-1.697244884  
0.09285053781  
1.590504402  
0.9345743698  
0.6341062217  
-0.2292459745  
0.9517559169  
-0.9773508144  
0.2552312894  
-1.435344438  
0.085254649  
0.6081106074  
-0.1939847817  
-1.648679091  
-0.5571412861  
1.530669436  
2.823687686  
0.02821739978  
-0.9907745211  
-1.509186963  
-0.2035005637  
0.9733149555  
1.799179991  
0.1976950666  
-0.1709943025  
-1.290164281  
-0.9176257502  
-0.1481028337  
-1.144905921  
-1.334764039  
-1.474731358  
-1.318909439  
-1.085387848  
1.567049683  
2.22830265  
-0.6250563354  
0.4906353432  
-0.2066723515  
1.090729213  
0.4393677925  
0.7462359752  
0.1740857168  
-0.4760133494  
0.8343211235  
0.7986679579  
-1.057852838  
-0.5693810138  
-0.1914815462  
1.676203838  
1.789591119  
-0.495034523  
0.06982004088  
-0.7429471011  
0.3776811239  
-0.1985198818  
0.01361265523  
1.448828826  
0.2500011572  
-0.4843489697  
-0.2057448452  
-0.6207515069  
0.071654279  
1.089701624  
1.713105023  
0.3994102191  
-0.002094205938  
0.2355476477  
1.529249742  
0.1397598944  
0.313383151  
0.03714520111  
-2.087845049  
-1.728997403  
-0.8134305408  
-0.8731647554  
-1.381100519  
-2.874831611  
-2.611089922  
0.5607462978  
1.402189569  
-0.120117835  
-0.9011529932  
0.181206722  
-0.2521501932  
0.1983760044  
0.3795868131  
1.167281308  
1.242126029  
1.140372687  
0.2355562346  
0.523527567  
0.2573116753  
-0.7829058333  
1.384138194  
-0.7735755843  
-0.6294575312  
-0.5905436847  
-1.009141565  
1.090803052  
-0.07400687938  
-0.03635358407  
0.5583416184  
0.02450862054  
1.778881136  
-0.798707973  
-0.5527175811  
-1.333362265  
-1.125418342  
-0.3051700119  
0.0459008915  
0.3687223861  
-0.19200584  
0.06781747435  
-1.004798968  
-0.84879805  
-1.300489829  
1.059580355  
1.221079593  
0.2464734661  
1.078410125  
1.874447016  
0.09608076242  
0.6260035837  
0.1237211627  
-0.7218861134  
-1.038525111  
-0.4025860376  
0.3292944689  
-0.5306937868  
0.04111906573  
-0.8714692296  
0.7157584899  
