-3.2606327  
-1.358144197  
0.5491496598  
1.726690939  
0.5889338306  
-1.542338444  
-0.3574924645  
0.5507816048  
1.968179771  
0.5503590492  
-0.620136262  
-0.9451136025  
0.8443032183  
0.8419278338  
-0.2916052492  
0.8608117302  
1.330356381  
1.123385685  
-0.5179477953  
-3.432446279  
-0.6977172959  
1.245884842  
1.868685072  
1.583299294  
0.6958330281  
-2.568399762  
-1.156433631  
1.598379548  
-0.3291292177  
-0.06593208398  
-2.05447978  
0.4117244463  
1.844670621  
1.217401598  
-0.5776257691  
-0.5462582633  
-0.949890528  
-0.2133076548  
0.5705920279  
-0.3532713987  
-1.651939609  
-3.009208131  
-0.6788624337  
1.547514464  
2.338421557  
0.3023278836  
0.132340949  
-1.151023952  
-0.1951004928  
1.901818257  
1.452640642  
0.6855778233  
-1.191174132  
-1.159576226  
0.330684942  
0.4132331235  
-0.0779708248  
-0.0277385707  
-1.455839721  
0.4313692895  
1.856582584  
2.154079055  
0.7534560104  
-1.121363731  
-2.167106757  
-1.496822569  
0.471195339  
0.2544602789  
0.1028802891  
-1.802623672  
-0.7217385907  
1.165902956  
-0.6035004693  
-1.086492354  
-3.089185744  
-1.588278515  
1.839295033  
1.970160957  
-0.3198808765  
-0.02544675967  
-0.05655919813  
1.377179413  
1.061103673  
0.5803139599  
-1.050914269  
0.5330438938  
1.577623389  
1.394891251  
-0.6416032684  
-1.693749288  
-0.9465631581  
1.210346108  
-0.0118061408  
-1.913635335  
-2.160953829  
-1.349702919  
1.465838426  
0.9632547872  
-1.235027208  
-0.1757200636  
1.291626474  
1.61297325  
1.103440787  
0.03484935654  
-0.5719188058  
0.1446051304  
3.084056629  
0.2924717377  
-0.2245191466  
-1.795422973  
-0.0679083067  
0.8556991764  
0.7973022634  
-0.172835356  
-0.8564904432  
0.3216822859  
-0.449347033  
1.545770698  
0.6461707313  
-0.2325656506  
-0.06297367703  
1.183326553  
1.122092094  
-1.13027715  
-0.1692294707  
0.03053616251  
-0.1915161148  
-0.09901367507  
-0.4564121031  
-1.051977103  
1.278931754  
-2.063944309  
-3.703346894  
-2.529212785  
-0.6941413191  
0.2391391808  
0.07096155731  
-0.03632985473  
-0.8678149727  
0.4414873052  
0.4841964043  
1.309284209  
-0.6511643271  
-2.302083176  
-0.8387138143  
0.4029216202  
1.56137976  
0.6045976239  
-0.3418217355  
0.4522891343  
-0.3312140637  
0.7980703497  
0.943050569  
0.576187487  
-1.145377695  
0.5136129282  
1.182494643  
-0.2819599948  
-1.298322041  
-0.3403473508  
1.377011155  
1.366649465  
1.369299478  
1.314431275  
-0.8490634323  
0.4279052217  
1.542939158  
1.060574072  
-0.893443335  
-1.751047783  
-1.917576152  
0.7834712519  
-0.04322254801  
-1.894327778  
0.7910857924  
1.122636193  
-0.6358260225  
-1.042477719  
-0.2431540395  
1.860598461  
0.8277025394  
0.5077648024  
-2.017068674  
-1.314907513  
1.405939581  
1.302097146  
-0.6922476084  
-1.381304031  
0.5719372283  
0.6668217439  
-0.8125041114  
-1.698716387  
-1.253480095  
0.7076722875  
0.07459950549  
1.747569187  
-0.4689935389  
0.4206245916  
-0.4168342972  
-1.080521874  
-1.849556622  
0.3108024367  
1.378603833  
0.08550330452  
-0.3005452452  
0.4586767124  
1.473610416  
2.103721724  
-0.5302331765  
0.9737369073  
0.8333741947  
0.3422755264  
-0.547282991  
-1.803344714  
0.8295806551  
0.7398541427  
0.9585715043  
0.7284471378  
-1.072094508  
-1.476245798  
-0.3286035148  
0.6982941735  
0.2608724174  
-0.6301028508  
-1.342899515  
-0.02948948816  
0.407449956  
-0.2398423457  
-0.5916342131  
-0.7882772588  
0.05362058176  
1.122094186  
-0.9441256745  
-1.976674792  
0.3788118491  
2.259861704  
1.939662036  
1.347491099  
0.7924540606  
-0.4776800451  
0.9113296763  
-0.233684577  
-1.707581585  
-0.6619058865  
-0.4856026178  
1.138768668  
0.2490563804  
-2.314829091  
-0.7143492267  
0.6305719088  
1.728364942  
-0.02725101329  
-0.4811806177  
0.1311478736  
0.5419332323  
0.3355342183  
-0.3910920921  
0.1633374459  
0.2626996056  
1.297022866  
0.09393572038  
-0.1980873162  
-1.732020197  
-0.0674841413  
0.8876572289  
0.878497004  
0.3747968271  
-1.192570125  
0.5860505373  
-0.2107727631  
0.4598864646  
-0.6078749649  
-1.159686393  
-1.329598331  
0.6467658966  
1.549873261  
0.1052257702  
0.5720495749  
0.725673112  
0.8839365441  
2.559645386  
-0.2625739527  
-2.726914579  
-3.60731117  
-0.4165977027  
0.411250473  
1.901634946  
-0.5661695332  
-0.6327400326  
1.41850826  
0.5351787934  
0.3712974291  
0.2251115994  
-1.659369759  
-0.09132681696  
1.365613645  
0.3225827549  
-0.1808919913  
-2.594493468  
-1.803352209  
1.052312751  
1.863301242  
0.08509800555  
-0.7524071382  
-2.350330386  
-0.7988378532  
1.018401129  
-0.468131575  
-1.495805094  
-1.312023499  
1.068989668  
3.016396257  
1.988964657  
0.4617247014  
0.2544521226  
-0.5952370324  
2.130493808  
1.375022592  
0.03991931913  
-0.7304113577  
-0.4105046048  
0.5770207683  
1.379711157  
-0.3480464587  
0.3790730173  
-2.169456039  
-0.8368192269  
0.7393777642  
1.03051911  
0.1430369804  
-2.772573418  
-1.593640207  
0.2062813408  
0.9695666097  
0.1919229682  
-1.441030171  
0.09034583595  
-0.489650118  
-1.047406249  
0.5042725363  
0.7121720221  
0.6784228654  
-1.163716029  
-0.4465473214  
0.7598785664  
1.01693314  
1.138947809  
1.44056489  
5.042275472  
0.6828466655  
0.5738159479  
-1.055248177  
-0.8127262887  
0.5278256633  
-0.7215729539  
-2.121352989  
-3.377120552  
-0.1593473391  
1.424245848  
1.061111003  
-0.4094359722  
-2.224670741  
-2.640866588  
-0.5017699037  
0.7452912509  
1.503978175  
0.3687433886  
-0.9885205297  
-0.8950670515  
-0.5227914454  
1.788829441  
0.7681669986  
-1.111404663  
-1.439218537  
-0.6460924748  
0.22297265  
-0.05701617956  
-0.7820829969  
0.5730880793  
2.273079534  
0.2115870635  
1.335598752  
-1.24395148  
0.02125463263  
0.5903944953  
0.01425927573  
-0.5661241431  
-0.7853968157  
1.163787313  
3.054254785  
2.496230078  
0.05085617984  
-0.1003971957  
-0.3733723566  
1.515205141  
1.912053937  
1.628300963  
-0.696181733  
-1.367827932  
-2.493459429  
1.35921405  
1.433726907  
0.07013919673  
-0.558473904  
-1.929690908  
1.151375487  
0.5280725037  
-0.1515194108  
-0.7237055368  
-1.084354046  
-1.432881334  
0.9379979094  
2.069668521  
2.068478278  
1.522367626  
0.554126444  
0.5317713025  
0.433054445  
-0.3037806929  
-3.588143447  
-4.087641421  
-3.463638735  
-1.228219241  
1.24072792  
-0.8130656242  
-1.172237151  
-2.096635497  
1.322428888  
1.076814598  
-0.7575644098  
-1.273708146  
-2.272579074  
0.888259813  
1.687389883  
0.4407113922  
0.1266518084  
-1.204747825  
0.185084129  
0.8715484263  
2.055040773  
-0.7909262657  
-1.569874415  
-0.7016095994  
0.8567197704  
1.443167088  
0.210176308  
-0.1981438827  
-0.08317959595  
1.258051752  
-0.1830758975  
0.2603773536  
0.2023253168  
-0.2650151133  
1.021681713  
1.130564717  
0.3886215463  
0.4408996345  
-1.528328747  
0.2070555942  
0.7071699872  
0.138975034  
-1.242961183  
-0.6771954439  
0.5884568943  
0.1913753045  
-0.1806951492  
-0.4681985069  
-0.3112493874  
0.8606872184  
1.042793961  
-0.8641626632  
0.671577139  
0.6900977896  
-0.9309532104  
-1.186431026  
-0.8181549662  
0.3358585305  
0.4826502214  
0.8794231837  
-1.426730017  
-0.4725092453  
-0.8269906989  
0.8805389466  
2.415947043  
1.085164939  
0.6852361121  
-0.6978806475  
0.2967247912  
0.9670677861  
0.2137447441  
0.6554415877  
0.430900661  
-0.828522874  
1.512618348  
1.257952001  
-0.1541012136  
-0.6525295419  
-1.079935242  
0.7661671771  
0.9329139676  
-0.2133495714  
-0.7716084692  
-1.55702967  
1.004012684  
1.844840107  
0.04841361127  
-0.5635757115  
-1.458055273  
-0.773615387  
0.6440009773  
0.2653053878  
-0.1329528939  
0.4838815487  
1.522791662  
-1.274518195  
-0.8633419448  
-0.7810674657  
0.9030981344  
1.577217404  
-0.03794727154  
-1.141613824  
-1.20727803  
2.091804618  
0.9515923351  
-0.1155382116  
-0.04442507188  
-0.3704807497  
1.03650739  
0.1477390504  
-1.823835547  
-3.454366312  
-3.873128138  
-2.90737861  
1.339706188  
0.576016912  
-2.403879566  
-3.435333104  
-2.587435685  
1.732425351  
2.36050759  
-0.353937115  
-0.7469589074  
-0.6657396616  
-0.05681044196  
0.3779460129  
-0.4780640467  
-0.7759060863  
0.2177319716  
1.676724917  
2.555163217  
0.1460112147  
-0.6802984881  
-1.548815092  
0.6745856663  
2.716230783  
1.258081874  
-0.1892793209  
-1.576589639  
1.136274169  
1.876724794  
-0.8534982692  
-0.8577574004  
-1.452902879  
1.143625513  
2.34552569  
2.599082412  
-0.3040113197  
0.7815180785  
1.333056291  
0.1902807012  
-0.5600553484  
-2.166171573  
-0.008555199009  
1.211098964  
-0.7287857404  
-1.843810651  
0.1765080501  
0.2444433697  
-1.03319618  
-1.936867561  
-0.1032157969  
1.716234752  
0.8290043234  
-0.2275933924  
-0.8875705639  
0.6756236782  
0.3887385349  
-0.9709615367  
-0.6851034714  
0.645256076  
