1.217655904  
0.9472302597  
-1.21793089  
0.3555111443  
-1.143665311  
-0.9579013189  
-0.4366830595  
0.002879526603  
2.101776282  
0.3180999283  
0.7413766552  
1.806441337  
-0.773687955  
-0.9754056506  
-1.104742498  
1.156034238  
0.3783567233  
1.78702133  
0.432139933  
0.3896776481  
0.8833641792  
-0.3196914307  
-0.9984459439  
-1.674194237  
-1.760320618  
-0.9408074516  
-1.011455798  
-0.9416455049  
-0.878466138  
-0.9296883925  
-0.1482046189  
-0.9028476083  
-0.242261079  
0.03457213318  
-0.4353175541  
0.02816502089  
1.275683375  
0.7026830354  
1.116709936  
1.091814114  
-0.08294002872  
1.33688205  
1.949678711  
0.003428631482  
0.850430079  
-0.1352777056  
-0.4448159891  
0.3181178887  
-0.0611154616  
-0.3522377948  
-0.2386680099  
0.4910788097  
0.2410877089  
3.386593569  
-0.4055485391  
-0.3616433941  
-1.51849218  
-0.3998069262  
0.3890182256  
-1.064069685  
-0.6294245206  
0.1930010234  
0.1243390748  
-0.3534450523  
0.4872448984  
-0.1480156614  
2.105932978  
0.6726230238  
-1.28362081  
1.044968958  
-0.2016255228  
-0.08651571045  
0.07580514999  
-0.2039165791  
1.003391582  
-0.7123467061  
-0.409678972  
-1.684326794  
-2.181985023  
-1.079730374  
-1.518358071  
-0.3775911923  
0.02187096474  
0.02214413411  
-0.08408888928  
-0.8541719002  
0.1890716096  
-0.4846389273  
-0.7781217163  
0.643176289  
0.3315840142  
1.503069582  
0.4187472797  
-0.5548193224  
0.6118059437  
-0.7897699026  
0.06770836982  
-0.7654226562  
-1.215976219  
-0.6754314349  
-1.695173014  
-0.9947195337  
0.09268235136  
0.3327158198  
-0.04189645996  
0.1190857453  
2.312163953  
1.079074824  
0.9252107365  
1.828446829  
0.4505242058  
-0.4698396192  
-0.1123974298  
-0.7692273322  
-0.01501835354  
0.04013066719  
-0.7073318612  
0.8931040536  
-0.08647242542  
-1.149620925  
-0.1742086688  
0.08339066926  
0.4658941685  
-0.6555884224  
-1.965583525  
-1.660578593  
-0.2455772074  
0.9049520948  
1.510268405  
-0.2983695768  
-0.2456101003  
0.07352719523  
0.7511034359  
0.4452800391  
1.745180243  
1.023882306  
1.758844015  
0.7840391711  
0.2267216951  
0.1309877335  
-0.838099301  
0.3704259904  
-0.7890449217  
-0.8350598622  
-1.074284676  
-1.26860053  
-0.3988547004  
-0.8940177559  
-0.9633148187  
0.05841037247  
-0.9409586185  
-0.4535260774  
1.013189376  
1.668557316  
1.411246047  
0.2720098417  
-0.8559347552  
-0.2965580663  
0.5389979826  
-0.3077907284  
-2.488315886  
-2.927038299  
-1.066992234  
0.1919494049  
0.3182291214  
0.8440903668  
0.7926339247  
2.013524506  
2.434464611  
0.6779984827  
-1.013507299  
1.2019099  
-0.02111953946  
-0.8318461126  
0.1543589898  
0.1033273216  
0.3607221295  
0.05485190777  
-0.4329644109  
0.9041990314  
-0.09851709762  
0.1161937877  
0.7225820122  
-1.129183916  
0.1250853975  
0.2200772129  
0.002884646779  
0.06123492414  
0.1674166984  
0.2607195072  
-0.1404407297  
-0.5645178625  
-0.6323176737  
0.3672505093  
0.09725588545  
1.054857514  
0.3560495973  
2.269118736  
0.3505420613  
0.04607094701  
1.396182364  
-0.4999752054  
0.7014758208  
-0.7916919835  
-0.4902207134  
-0.09782360034  
-1.801066134  
-0.659272752  
-0.4817581194  
1.603724624  
1.634786463  
1.295653352  
0.9561192375  
0.02197118292  
-0.3600161672  
-1.654378744  
-1.148027142  
-1.600161374  
0.1589282422  
0.6802064841  
0.05505026849  
1.135890233  
0.03003964205  
1.088544622  
1.786119227  
0.5922455321  
0.3151433797  
0.741849682  
-0.07313508892  
-1.487422958  
-2.137289452  
-0.8816412977  
-1.286697247  
-0.5494477215  
-0.8560374855  
-1.014642324  
0.3928880977  
1.100556804  
1.519692801  
0.5575282292  
1.772619962  
-0.3587526323  
0.1650957682  
-0.1191557798  
-1.704248126  
0.3214417905  
-0.9007717831  
-0.3767173083  
0.241220982  
-1.173380201  
0.623339374  
-0.4350975884  
-0.2375856033  
-0.4767262308  
-0.5849463786  
1.091824969  
-0.3074365197  
-0.5935458772  
-0.7460032535  
0.7507697763  
0.04309591794  
0.9398922534  
0.08865554648  
-0.6048660682  
0.2471967956  
-0.2852491772  
-0.5272958344  
0.2003625017  
0.2100645078  
0.2348871347  
1.199757278  
-0.3510717643  
1.602491733  
-0.9452989967  
-2.414661182  
0.3885410821  
-1.082073812  
-1.699729116  
-1.084254713  
-1.276327867  
0.6092277754  
1.875745207  
1.314301269  
1.182465557  
0.4273245516  
-0.7203355266  
1.896024682  
-0.1151384163  
-0.1631928134  
-1.483455634  
0.3539602286  
-0.02992123918  
0.3005178511  
0.5044861408  
-0.03058199708  
-1.013121871  
-0.2477252965  
-0.4086831372  
0.2869360987  
0.9383278132  
0.50034896  
1.264996952  
-0.6732237653  
-0.7355100946  
-1.263693768  
-0.4377524501  
-0.6553048493  
-0.7124912186  
1.504052731  
0.5875317612  
0.2911952932  
-0.007996772662  
0.7918696041  
-0.4553970573  
-0.272622051  
0.3353679084  
1.041360757  
0.4268291899  
1.649342646  
0.9976830138  
0.3623363426  
-1.762369454  
-0.07527464532  
-1.351780917  
-0.8018736323  
-0.2337760999  
-0.9954088332  
-0.7741110532  
0.1143926157  
0.3956311412  
0.6189242962  
1.644963903  
0.7492333329  
1.240979248  
-0.5549068032  
-0.5513700452  
-1.086562053  
-1.340088801  
-0.448673917  
0.2029859991  
1.324551738  
0.04398762286  
0.1648441324  
0.5272853984  
0.3598302935  
-0.665301623  
0.6666417636  
-0.8987999274  
-2.941508796  
-1.298686805  
-0.05098952452  
1.230066417  
-1.185507683  
-0.2981307933  
-1.88937875  
-0.5928249551  
-0.3392216698  
-0.6842359432  
-0.466046932  
0.1681227347  
-0.8686374135  
-1.927554757  
-0.02232616838  
-0.4550421665  
0.3715730837  
1.303605988  
0.9184776177  
0.6352908055  
1.458904432  
-0.5047635315  
0.9809825382  
-0.290077108  
0.5595639959  
0.1370756209  
-0.3655732358  
1.329199686  
-0.8318808943  
0.09823807421  
-0.684178188  
1.691581977  
-0.6613776489  
0.5811233199  
1.054914362  
0.589251664  
1.013297386  
0.009826462827  
0.8797159554  
0.2337784484  
0.2042532037  
-0.1260071533  
0.3835886545  
-1.373093666  
-1.402736301  
-0.2706218945  
-1.296385058  
-1.854510671  
1.92942865  
0.9692451542  
1.774994038  
0.693807463  
-0.29513467  
0.5518859329  
0.2968326407  
-0.3184346174  
-0.1412924139  
-1.76362818  
-2.38419668  
-0.2267338721  
-1.437535818  
-0.7110601004  
0.6898907186  
-0.3257373647  
-0.4669382145  
1.156994974  
0.0735319071  
0.6448728535  
1.763776688  
-1.783007851  
1.517411615  
1.246558087  
2.13776203  
2.316947959  
0.1972884983  
3.690593713  
1.80546207  
-0.6367510506  
-0.08808379617  
-0.003055143785  
0.8885900367  
-1.658079212  
-0.6879834642  
-2.184730254  
-2.754706569  
-1.588283129  
-0.03169263694  
0.2066422015  
-0.0005897721946  
-0.5529544688  
-0.7379360934  
1.305258086  
0.1978208975  
0.8526630476  
-0.1674029932  
-0.03017422608  
0.8084195395  
0.3782467316  
-1.251939327  
-0.9950418807  
-0.9203731103  
-1.015110889  
1.371869942  
1.259276706  
1.445980294  
-0.4431511142  
-0.1536220842  
0.835906441  
0.00508110065  
1.389421064  
0.8395024077  
0.8447936032  
-0.08184370674  
0.3143069092  
-0.5665995467  
-0.9946503048  
1.08254954  
-0.1216782819  
0.1368684192  
-1.180583303  
-1.463658863  
-1.513505492  
-2.516660127  
-2.14441061  
-1.969751752  
1.372270535  
-0.008303772174  
-1.026083604  
-0.4901546026  
-1.743746237  
3.337998067  
0.452551954  
0.2723400601  
0.8401355621  
0.8858246306  
-0.2555471853  
1.027048472  
0.8842563125  
0.05554228018  
0.3414694994  
-1.611861147  
1.210229126  
-1.020098189  
-0.9921302523  
-0.07608628728  
-1.534423673  
1.328393039  
0.5283189706  
-0.2649368753  
0.5912785015  
-0.022002943  
2.128521227  
-1.395440749  
-2.009998984  
-0.5486540656  
-1.628546436  
0.4868547448  
-0.9551471582  
-1.434666186  
0.8329590636  
-0.4292429659  
0.4025545825  
-1.34098294  
0.2315730177  
0.6878550033  
-0.4143578141  
-0.4121345527  
-2.799192021  
-0.6264597308  
-0.5021722677  
0.9837660585  
-0.9991346892  
-0.1307702014  
1.348353114  
0.158737711  
0.5323272183  
1.2862657  
-0.291207296  
-1.308819608  
-1.248658203  
-0.6271871468  
3.419698935  
0.1546540832  
0.5983435615  
0.8980597102  
-0.3086716313  
0.8222803178  
-0.1483701029  
1.630250626  
1.968867469  
0.6200918053  
1.034427596  
0.04229086615  
-0.5232909608  
0.6739297098  
0.002019671659  
2.349869481  
0.3538315381  
0.4057774718  
0.1263613426  
-0.6786799422  
1.847037791  
0.697636176  
0.240072725  
0.7143557569  
-0.944810891  
0.6095261992  
-0.06064912789  
-0.2770050975  
-0.7852382233  
-1.393111081  
-0.8243716168  
-0.08093752422  
-0.8175079958  
-2.196388457  
-0.6405413149  
-1.7055712  
1.433705705  
0.08843899755  
0.04672010426  
-0.6313573088  
1.085457654  
2.265639663  
1.239448796  
0.966226385  
1.33368497  
-0.4284348636  
-0.5302720464  
-2.061406626  
-0.2212737205  
-0.7551516396  
-0.1111282573  
0.4277938709  
0.7957516755  
2.332565384  
-0.05892680603  
0.457312493  
0.5631781627  
-0.6973810357  
-0.7540615685  
-0.8974720221  
-0.8440964196  
