-1.574575313  
-0.1021091852  
0.8291239043  
1.477964228  
0.1460132162  
-1.342907948  
0.0897215255  
0.8089886793  
1.212220699  
0.1845457203  
-1.352749393  
0.3745821301  
1.106306698  
0.5029411581  
-0.3797218238  
-1.425127295  
-1.198131185  
-0.5424430262  
-0.2471807091  
-0.565811213  
-0.5746703158  
0.5470073164  
0.3146901233  
-0.191289483  
0.4773079794  
-0.1660182999  
0.579288658  
1.581950052  
0.5576704936  
-0.01924835564  
-0.2344196021  
0.6061941555  
0.4504984021  
-0.4441964958  
-1.487223656  
-0.3848623459  
0.5380413585  
-0.1068882588  
1.314052103  
0.2539944859  
-0.4258918986  
0.05106080219  
0.07929429143  
0.5553381116  
0.7271391762  
0.09680162416  
0.03534430103  
-0.9815250961  
-0.1827287007  
1.140637807  
0.7793902948  
0.3644610542  
-2.316875681  
-0.5320703783  
1.076652733  
0.8307420357  
-1.262446054  
-1.042636476  
0.8467416785  
0.6703769411  
1.214626127  
1.639321684  
-0.02077486086  
-1.160475917  
-1.10224799  
-0.6342728309  
0.3293665378  
-0.3329069331  
-1.049813963  
-1.497229938  
-0.6894488898  
0.6162460993  
-1.756772843  
-0.8064500315  
0.1854510056  
0.3063350848  
0.1154338479  
0.1794725274  
0.4676942405  
0.9355335897  
0.4470898611  
1.627599732  
0.4841131249  
0.5582088977  
0.2722211942  
-0.604724539  
-0.2095466636  
-1.448119012  
-0.01291858161  
0.1817842783  
-1.931312279  
0.06513659617  
-0.5558307303  
0.1514429203  
-0.2584707056  
0.1720035724  
0.805010157  
0.3239071412  
0.2194618065  
-0.0958792735  
0.5204884451  
0.02458235296  
0.02911621491  
0.3142317304  
-0.3644274969  
0.2031495885  
1.181095424  
-1.983151934  
-1.620610581  
-0.2648950597  
0.4322261263  
1.41166489  
1.527196085  
-1.237223435  
-0.3096162282  
-0.8856089593  
-0.6667129111  
0.6864185257  
-0.5384150409  
0.5096361271  
-0.05854673548  
1.744692607  
0.2496068776  
-0.291105112  
0.1717305933  
0.646597023  
-0.4313806022  
-0.4623420168  
-0.6522100214  
0.4164605541  
1.344718211  
-0.76099288  
-1.62374807  
-0.07000576799  
0.8247776267  
1.077251159  
1.302669236  
0.09518837071  
-1.329142115  
-1.782405744  
0.7424039739  
0.6021312015  
0.8367302124  
0.6852595062  
-0.2103785081  
0.3939083153  
0.4762088934  
-0.4474388806  
-1.501968102  
-1.142289593  
-0.5554120078  
1.548903166  
-0.2755298366  
0.01273984602  
-0.6690570566  
-0.8613313615  
1.184878494  
0.3972064303  
1.448408959  
0.2021544952  
0.4637822166  
1.614086865  
0.6561216169  
-0.002138900212  
-0.1668351526  
-0.1120077947  
0.4625284403  
0.3218688491  
0.5097237233  
-1.341764978  
0.8026854031  
0.8741187291  
-0.5772942584  
-1.456825817  
0.1806400362  
0.2719865498  
0.2915539826  
-1.333071964  
-0.6607763469  
0.980157351  
-1.77448848  
-1.416038833  
-1.197048803  
-0.3605937994  
0.173277786  
-0.09827096715  
-0.2811765399  
-0.8978200698  
0.2135459133  
1.24751541  
-0.03815066696  
0.5658488246  
0.2996275042  
1.073446429  
0.2722799479  
0.4442309121  
0.6634655726  
-0.1606161983  
-0.7916168382  
-1.227158886  
-0.9247309239  
0.9314403933  
1.128328697  
-0.7402980211  
-0.4164657387  
0.6817470504  
0.9127415032  
0.09754070477  
-0.2328403802  
0.002884672155  
0.7904148208  
0.5512410105  
-0.03259857695  
-0.03242307283  
-0.1272658799  
1.204606807  
0.8974593126  
-1.114737923  
-1.081464609  
-1.154611372  
0.1239154649  
1.545062687  
-0.5177413732  
0.3502231635  
0.5435822321  
0.9399118741  
1.095609338  
-0.3682551468  
-0.5276416939  
-0.9048776785  
-0.4929549385  
-0.4423807331  
-0.8419742954  
-0.6304172454  
-0.06568807232  
-0.03186677447  
1.093254157  
0.2619211223  
0.4836376245  
0.3296934359  
-0.2062372769  
0.4368523079  
-0.605105861  
-1.790774327  
0.8780952372  
0.8853579065  
-0.3908991907  
-0.4995766844  
-2.450429874  
0.1264112152  
0.3366373091  
-1.214797524  
-1.794681775  
-1.227615537  
1.258633265  
0.3312006366  
0.7948170883  
0.971733208  
1.017395407  
0.6471742223  
-1.299480014  
0.3482995013  
-0.1863660537  
1.289644544  
2.318928376  
0.2933873958  
-0.1227422335  
-0.2460957675  
-1.758219957  
0.4294563371  
1.418324246  
-0.8630077163  
-0.1482862623  
-1.402666548  
-0.9199668115  
-0.1815271866  
-1.433486381  
-0.9119613651  
-0.3513351011  
1.66564412  
1.307632878  
-0.633236102  
-1.330011939  
-1.412677259  
-0.4319260918  
0.7889422222  
1.292241147  
-0.5350419777  
-0.7697696375  
-0.3025843417  
1.475547431  
0.5839603597  
0.8654495598  
0.01174451469  
0.3721329734  
0.9347148375  
0.04870238199  
-1.028928158  
-1.797882669  
-0.3945303644  
0.5300214946  
0.8416068729  
-0.2185230664  
-0.9010065403  
0.7960523695  
1.113602417  
1.249033249  
0.05233518241  
0.2724671408  
-0.1761382328  
0.311276221  
-0.6947262406  
-0.7481660592  
-0.9443057571  
-0.3150597069  
-0.8275191666  
-0.008790927366  
1.084405863  
1.242850601  
-0.2121929373  
0.03954056398  
0.2343723415  
1.255116528  
-0.2369368662  
-0.2638014008  
0.1084892423  
0.3871436662  
1.37529313  
-0.2883461659  
-1.522923981  
-1.831362291  
-0.3434161464  
0.5986057852  
-0.7493769718  
-1.428171404  
-0.7637290664  
1.164300424  
-0.02231680659  
0.8382329077  
1.966582597  
2.427074536  
0.2205649766  
-0.03481686599  
-0.018738439  
-0.07267363852  
0.6243936772  
0.8360511055  
-0.0186421901  
0.1764635761  
-1.952162277  
0.5178413027  
-1.07475619  
0.5082618183  
0.5852066638  
-0.7089946451  
-1.411329094  
0.006525347527  
-0.4193074782  
0.4013407106  
0.8673433033  
0.3885756669  
-1.080166415  
-0.6251125333  
1.434068096  
1.764650026  
-0.1792937453  
-1.156295191  
-0.1525225385  
0.13265086  
1.215172503  
1.224096743  
-0.458967655  
-0.9948334745  
-1.473251701  
-0.3911518098  
-0.7562289013  
-1.293700389  
-0.1378996979  
0.2286095344  
1.627402696  
0.7304162746  
-1.718698213  
-1.213854269  
0.2089740371  
0.3603847772  
-0.01814414101  
-0.4255225324  
0.06612179663  
0.119497319  
0.5451544806  
-0.04546010911  
-1.146232563  
-0.9813023791  
-0.8492413747  
-0.0950070234  
0.2238512478  
0.9977585704  
0.1672111382  
0.04974149791  
0.2970050382  
0.8939170748  
1.473203863  
-0.08461247958  
0.5602005908  
0.6416558148  
0.1077123145  
0.510641795  
0.1256584859  
-0.6742544381  
-1.651065408  
0.4283801587  
0.5382886947  
1.398808354  
0.6440692739  
-0.2992281296  
-1.480908622  
-0.07200190191  
0.04113305235  
-0.1138652149  
-1.653129583  
-1.09389209  
0.03548025539  
1.185670596  
0.6898018362  
-1.188893838  
-1.862172968  
-1.25191598  
0.3165261098  
0.9259393263  
-0.9503889822  
-1.009840605  
-0.6162281576  
-0.1003964413  
0.3463303904  
1.372300399  
0.3702072907  
-0.009561398125  
-0.1627224493  
1.364516957  
1.556272635  
-1.067558693  
-1.272499977  
-0.5699087189  
0.7211902844  
0.7739267504  
0.4966628307  
-0.09766001258  
-0.2731974748  
0.8237617314  
0.5618724503  
-0.6317553615  
0.2385408572  
1.199451336  
1.247812917  
1.488265556  
0.01517932439  
-1.125933854  
-0.2354853523  
1.863792567  
1.079111205  
0.02715644215  
-1.134482774  
-0.3198743463  
0.8262834679  
1.744421032  
-0.4534225866  
-0.8373434473  
-1.003715509  
1.204087798  
-0.2526944483  
-0.6096823166  
-0.3711391877  
2.017586251  
-0.3020699572  
-1.986273518  
-1.13102293  
-0.3110856692  
1.036361716  
-0.3982153723  
-1.842807397  
-2.963930338  
-1.395303789  
0.1159022968  
2.121105408  
0.5996124454  
-2.152934172  
-1.644482678  
-1.106606589  
0.8087995546  
0.5553407064  
0.1617752309  
-2.191862061  
-0.03740464136  
0.3737800195  
0.0403785485  
-1.578815257  
-0.2914657385  
1.267465653  
2.323996826  
0.3479261669  
-0.9842547033  
-2.065394041  
-0.3545446019  
1.499333564  
0.6710925412  
-0.6386903255  
-0.2794588532  
-0.1076529505  
1.258292325  
1.529349454  
-0.8347185354  
-0.7994810518  
0.0130486544  
1.229554929  
0.3900866264  
-0.8482191277  
0.3961006753  
1.524544546  
0.8270084339  
-0.8567627099  
-2.336690152  
0.2917310122  
0.7677423741  
1.439845979  
-0.5151614672  
-1.099228076  
-1.543560753  
-0.4290916014  
0.772029403  
0.4095518587  
-0.799543922  
-0.3204640023  
1.49378246  
2.81905374  
2.104378322  
-0.7517179744  
-0.1591854532  
-0.08391648737  
-0.08288512151  
-0.0990911013  
-0.9153381057  
-1.437696059  
-1.055268392  
0.3501470137  
2.324184358  
0.20090043  
-1.030528589  
-0.3344380111  
0.8179369331  
2.740313109  
-0.150768386  
-1.030229162  
-0.730433028  
0.5818957035  
1.354827512  
-0.8613361817  
-0.8936113161  
-1.792056318  
-2.194977176  
1.771936166  
0.3076006171  
-0.3881235229  
-1.301634091  
-1.123243857  
1.152539011  
1.988995213  
0.782058395  
0.0984931983  
1.134921501  
0.3138239758  
-0.8106022305  
-0.5936735825  
0.567573591  
0.9735150208  
-0.4590325516  
-0.2344569806  
1.527094378  
0.4680846536  
-1.078708509  
-0.506818504  
0.1343662301  
2.537581655  
0.5967692525  
-1.466364956  
-0.4453219542  
1.630508163  
-0.1491572684  
-0.9047421888  
-2.653532647  
0.2219670783  
