0.1793907081  
-0.549726277  
-1.014574636  
0.218503235  
0.05974553222  
0.5983403807  
0.3195645803  
-0.4550318959  
0.8942962719  
0.8562110297  
0.03091523331  
-1.143803615  
-0.3030266342  
-0.366472889  
-0.7126802323  
0.2850034957  
-0.2126406305  
1.052687129  
0.5382697482  
-0.9803223814  
-0.4060560223  
-0.7680325815  
0.1317865568  
-0.07423884561  
0.2812040936  
1.153317067  
0.6165989142  
-0.1168489531  
-0.05075048992  
0.378020698  
-0.5200083384  
0.3890677796  
0.6608826296  
1.17790609  
0.883902705  
0.1265306543  
-0.3760722833  
-0.4010258906  
-0.07606717976  
1.005783614  
0.8724113648  
-0.9863344531  
-1.773249608  
-1.091979233  
-0.00586337063  
-0.1475215508  
0.6551450176  
-0.1055692005  
0.4968989865  
1.016463764  
1.513694987  
0.1483370143  
-0.3942789416  
-0.8676229772  
-0.253526651  
0.9000153566  
0.02478016655  
0.1516605815  
0.2305840315  
-0.01119034753  
0.5257447373  
1.667458225  
0.9289714086  
0.6348159693  
0.05083775095  
-0.1968174608  
0.12098634  
0.2855215032  
-0.7247202342  
-1.327068212  
-0.5546266432  
-0.7041610296  
-0.6821502916  
-0.2427319664  
-0.276299651  
-0.4374405434  
-0.01173658857  
-0.366306612  
-0.3044676065  
-1.697703554  
-0.5550053705  
-0.4900329544  
-0.2449093446  
0.5962147484  
0.1405520391  
-0.4544398748  
-1.850839726  
-0.9136372362  
0.2317959491  
0.8961097819  
-0.01586737376  
1.023939697  
0.2626866725  
-0.4939227199  
-0.6507950325  
-0.7784834608  
0.3907066767  
-0.04307666009  
0.2940422425  
0.2780866207  
-0.6046186674  
0.6662318079  
1.284871497  
-0.7893065207  
-0.6461333632  
0.4391017591  
1.001013717  
-0.3924615395  
-0.3602592087  
-1.822395093  
-1.174874294  
-0.2894989695  
0.895613952  
0.1533178653  
0.9978189291  
0.3391805872  
-0.5452732431  
1.383781104  
0.7083343208  
0.6548673933  
1.225954672  
1.075771221  
1.196373346  
-0.311303008  
-0.74668576  
-1.142340285  
0.1112262091  
0.3034749249  
-0.4936028261  
0.4021835191  
0.4199546024  
0.1978843722  
0.8205342386  
-0.2427996985  
-0.6088253172  
-1.194595682  
1.672110075  
1.249611249  
-0.6544430114  
-0.6251469684  
-0.7543567137  
0.2571231854  
0.651348975  
-0.2426549516  
-0.2830671207  
-0.3029987906  
0.2226215811  
0.04865407965  
0.1286342514  
-0.8727720216  
-0.9949029401  
-0.01164198335  
0.1072876011  
1.174422356  
-1.007860342  
-1.299066305  
-0.4612646689  
0.2089000935  
-0.07238065655  
-1.991066627  
-0.1964427879  
-0.1659995371  
0.4916051339  
0.1325745592  
0.5166977184  
1.41043908  
1.280640076  
0.5461119201  
0.6317791226  
-0.2276043018  
-1.106528631  
0.6493120987  
0.8871783046  
-0.9809677282  
-1.864629923  
-0.4108440112  
1.711870953  
0.4142146902  
0.2790587526  
0.6824908915  
-0.007217841819  
0.6734203828  
0.9548394494  
1.231725285  
-0.08598903367  
-0.1160545726  
-0.5003450643  
-2.173408493  
-0.7137441533  
-0.4346391828  
0.1938173598  
0.0501178175  
-1.130906014  
-1.508066671  
-0.2940089111  
0.1748946359  
0.1132221158  
0.275943604  
0.765058258  
-0.2764322042  
-0.8897326471  
-1.502070091  
0.6530184994  
1.81331461  
0.8273134811  
2.269272394  
0.2411879176  
0.5010195024  
0.8988439121  
0.3726451787  
-1.399179363  
-0.198013475  
-0.2801878939  
-2.647025246  
-0.811378938  
-0.08234653859  
-0.4389127246  
0.7900922644  
0.5043413563  
-1.798446607  
-1.187192148  
-0.3489483118  
0.4353827188  
1.80247359  
-0.5363691121  
-0.08967595487  
0.5273007991  
0.8642093764  
2.128374893  
0.004732693676  
0.06155777784  
1.185933005  
0.6209210367  
-0.822955617  
-0.403311044  
-1.133361063  
-0.8837394059  
-0.7197755646  
1.450696697  
0.5453908586  
-0.1864995654  
1.088460651  
0.7471528254  
-0.4943231541  
-2.160682765  
-0.8628581377  
0.3742396413  
0.762832888  
0.2986230563  
0.4998835764  
0.6880586472  
0.2028179205  
0.5638698657  
-1.938551875  
-1.107294701  
0.9371537404  
1.55897903  
-0.4318623002  
-2.283806528  
-1.14433262  
-0.435602283  
0.6038245152  
-0.1071155525  
-1.148206667  
0.8349334377  
1.404316323  
0.3122731256  
0.564345116  
-0.2293594522  
-0.9510322986  
0.6086679723  
0.2424398164  
1.41141967  
-1.526539666  
-1.524206252  
-0.07672760763  
1.052567713  
1.52875008  
-0.6564953989  
-1.416729271  
0.4330371547  
0.4266356124  
0.8805173791  
-0.9278607264  
-1.238055176  
0.5658482495  
1.065835942  
0.2611029813  
0.2529899227  
-1.654170854  
-1.173187006  
1.152518999  
2.480042766  
0.08094682711  
-1.462409984  
-0.6297034277  
0.7987544433  
0.07594510577  
-0.2811559422  
-0.5974744851  
-0.09365962129  
1.117125291  
-0.4268920546  
0.3150111325  
-0.277232786  
0.2344678068  
0.7527089629  
0.4099446695  
1.002587979  
-1.776215541  
-2.191096541  
0.1720764235  
0.6274405184  
-0.3319013949  
0.496088272  
-1.037360519  
-0.2204332834  
0.5283259242  
1.056768011  
0.2315937057  
-0.8621901319  
-1.29928605  
0.7243072485  
0.6997728723  
0.4518893566  
-0.6468788817  
-1.569670667  
-0.7286068399  
1.564077713  
1.570520409  
0.2924391142  
1.165900009  
1.322975929  
0.7986804602  
0.5346273152  
-1.324166377  
-0.4396714329  
-0.3692566863  
-0.7056428371  
0.4202105237  
2.526767385  
2.002143794  
1.453309081  
-1.849978291  
-1.948247043  
-0.8037194235  
0.1959169693  
1.713003704  
-2.779701038  
-5.35652311  
-2.168690844  
-0.9609270747  
-0.301546396  
0.04748595607  
-0.4475054044  
-0.4686586925  
-1.49422471  
-0.9024569155  
0.3987988694  
1.463971764  
-0.0883340852  
-0.5818579692  
1.229792174  
-0.2305262292  
0.7947132027  
1.288428735  
0.7644662402  
0.2775798316  
-1.257171037  
-0.5246679113  
0.9271810269  
0.5862329167  
0.1211215405  
-0.6785332049  
-0.1650971184  
0.05102909981  
-0.1040671671  
-0.7325771517  
0.25361706  
1.039349669  
1.021263191  
0.007942589941  
-0.2897208996  
0.9956934553  
0.722269099  
0.3640096834  
0.0867097219  
-2.188896301  
0.1871524572  
0.5644461151  
0.4544462687  
0.3792208128  
-0.2333761127  
-0.6130742458  
0.1260321061  
0.872820142  
0.7997393597  
-0.03248145882  
0.6703201173  
-0.04258355455  
-0.3308442929  
0.1896042781  
-0.7316980016  
-1.921993268  
-0.602644446  
0.8739199477  
1.379736803  
1.475077961  
0.3947257451  
0.2731906922  
-0.9273324031  
1.301944609  
-0.2522058425  
0.8687307013  
0.1708137443  
-1.336995305  
-1.907246757  
-0.6262468852  
1.029814313  
0.6175580526  
1.334325644  
-0.569416926  
-0.4368521058  
1.255257543  
-0.06435623334  
-0.4689928615  
0.6876690233  
-0.2308368471  
-0.7063072652  
-0.7015836466  
-0.08041922665  
-0.9217836652  
-1.780361672  
-0.1485268457  
0.3697604492  
0.5569537996  
-0.7185838713  
0.9427508598  
0.0658641835  
-0.08361176664  
-0.614443172  
0.2130497158  
-0.2217921924  
0.7115304335  
1.181570601  
0.7935174109  
0.5320001525  
-0.8633711394  
-1.638645644  
0.5024223987  
0.7647935877  
0.6554085819  
-0.8998330743  
-0.214243808  
0.4387032607  
1.103655144  
-0.3055762578  
0.4013260912  
2.421956714  
0.7312901703  
0.3851303939  
-0.4907980432  
-1.038967441  
0.1752362965  
-0.02805859107  
0.04649015441  
1.395052854  
-1.246416619  
-0.5386646121  
-1.32744823  
-0.8158109845  
-1.173954386  
-0.82551168  
0.2396053002  
0.8153464484  
0.0006697993278  
-0.6697029615  
-0.9613458703  
0.1403619634  
-0.2964002573  
0.2082662613  
-0.1917503591  
1.67609116  
0.6837039832  
0.09364667237  
-0.005273032525  
-0.359240936  
-0.5817918488  
-0.1801511785  
-0.3789445212  
-1.242204312  
-0.6929146293  
0.5206882165  
-0.08454060723  
-0.2406809383  
0.4653301292  
0.1457473764  
-0.2864627823  
-0.3384200356  
1.037722429  
0.5512583314  
-0.458173948  
-0.4988567098  
0.7329365891  
-0.1493449955  
-0.9520379069  
0.3805205071  
0.2135321575  
0.03199312364  
-0.1445724854  
-0.5014913485  
1.333696641  
-0.2788541011  
-0.8354325638  
-0.003889200066  
-0.8913092012  
-1.521624708  
-0.3388272869  
0.09160673306  
0.616021749  
0.2437446867  
-0.01174553935  
0.2535834587  
0.6579483428  
1.891803469  
1.150210017  
0.1324169206  
-1.414628364  
-0.9917379155  
0.8645138364  
-0.2962762561  
-0.3188725346  
-0.920895449  
1.244371111  
0.8565121091  
-0.1076698408  
0.8679839078  
0.5620965464  
0.4493011803  
0.4464358864  
-0.197469095  
-0.6761407935  
-1.438117716  
-0.3364762163  
0.7289918566  
0.5745855252  
1.223824043  
-0.5643082318  
-1.667106238  
0.6893065616  
0.7641085041  
0.9015092688  
-0.3905708381  
-1.019412571  
0.3317084701  
2.158700359  
0.4081988451  
-0.04960084375  
0.3629407458  
0.5222463394  
0.6374144241  
-0.01016582104  
-0.671632997  
-1.481428238  
-1.924043201  
0.3992760914  
0.8294353033  
0.3147800973  
0.6048260811  
1.034676943  
0.6650210113  
-1.579947407  
-0.1139430301  
-0.3450215291  
-0.3488760814  
-1.538216048  
-0.2837610247  
0.935971497  
1.586220941  
0.1644587383  
-1.476384084  
-0.7345422645  
1.490056667  
1.063083566  
-0.3550582718  
-0.3371612069  
-0.4766045842  
0.2363244175  
-0.1653899697  
-0.04592115951  
