1.770068833  
0.01022505683  
-1.892574111  
-0.2575107797  
0.8683071749  
0.9990455233  
-1.314249443  
-1.75209048  
-0.7608446929  
1.178217335  
2.096627205  
0.5602928581  
-1.74347581  
-0.03629357457  
1.247735359  
-0.9552627412  
-1.815498643  
0.245965831  
0.2037129438  
1.255469621  
-0.428856407  
-1.123329261  
-0.06632022436  
0.7422399884  
1.935782839  
1.479377907  
-1.305078658  
-1.113053331  
0.4988079258  
0.9275317408  
0.7181294137  
-1.235915132  
-0.9013947485  
-0.3081192949  
0.4443538473  
1.232605319  
1.5932273  
-0.2944238598  
-0.973008462  
0.08268894354  
0.4314107949  
0.09575062879  
-0.04642844549  
-1.472866179  
-0.1793079318  
0.8021233203  
1.272222121  
0.7573016687  
-1.71551708  
-1.616137098  
0.1076440975  
0.5677578576  
0.5506077287  
-0.2613422657  
-1.743242799  
-2.214985816  
-0.1715145805  
1.571685322  
1.370338195  
-0.9170901441  
-0.9727280645  
-0.2072031574  
0.07175354922  
1.5502339  
0.7066183595  
-0.9660207231  
-1.630272446  
0.28003225  
0.3363431407  
-0.6224013837  
-1.41790115  
-0.6840239908  
0.3348687289  
2.202777354  
1.187038534  
-0.5061205096  
-0.006733511815  
0.618498796  
1.070101649  
-0.2425526385  
-2.170893506  
-0.5790191347  
0.5307090733  
-0.3980945139  
0.5678985261  
-0.1672246344  
-0.1669374547  
0.5952221448  
2.448438481  
0.2127318659  
-1.051582312  
-0.873131683  
-0.03146969031  
0.5621918459  
-0.103424718  
-2.447235079  
-0.1027863598  
1.159580864  
0.9695270218  
0.341982119  
-1.275969051  
-0.1380980286  
-0.04696387021  
0.5438524737  
-1.237476284  
-2.175893074  
0.6863720506  
1.318870704  
0.3412942855  
0.01752032319  
-0.4494296253  
-0.5865150233  
0.9876590204  
0.7718367305  
2.076785934  
0.8911414292  
-1.177754271  
0.9376375015  
-0.6316500012  
0.8858187463  
-0.4475691274  
0.2652586386  
-1.40197844  
-0.6788890914  
-0.4126415807  
-0.8018729208  
0.5248652797  
-0.01249137368  
0.5627416311  
0.3844093864  
0.03819181699  
0.6473559194  
-0.2247839859  
0.500479716  
-0.574777955  
0.2423548484  
-0.6349011596  
-0.07474135473  
1.664625612  
0.7645353979  
-0.9494756853  
0.5837825677  
-0.5901673735  
-0.856881166  
-2.162707768  
-0.2934169355  
2.024755119  
-0.7310019186  
0.5358580276  
0.9742622532  
-0.3047938377  
0.6744194711  
-0.1712516748  
-0.5511738424  
-0.2097005136  
-0.6949070695  
-0.02891853949  
0.3654711214  
-0.1976806585  
0.0966389871  
0.4083055573  
0.09379479042  
0.4341517165  
0.9092240627  
-0.2835340512  
-1.116244657  
0.1051099704  
-0.5299797954  
1.049044646  
-0.0377204938  
-1.154227835  
1.366503039  
0.7420169878  
0.9164573136  
0.4495895081  
-0.9771485579  
-0.05475669699  
-0.9450321142  
-0.3914089903  
-0.2878868293  
-0.7671472035  
-0.1088892149  
-0.3299702942  
-0.3792586557  
0.9318316388  
-0.1472275885  
-0.8085647392  
0.6170088763  
1.076435237  
2.289176954  
1.34144565  
-0.5566875204  
0.3546475672  
0.08170190196  
-0.4930784781  
0.6260783213  
-0.1116108172  
-0.1951979283  
-1.149940675  
-0.03439377443  
-0.7268121452  
-0.3074704125  
1.000415293  
0.3712974764  
0.9666661181  
0.2766509458  
0.1655276595  
-0.7245150731  
-0.6933182573  
0.2631758936  
0.2808209699  
-0.6602393017  
-0.1993645043  
0.07062145746  
-0.467241839  
0.09300456986  
-0.3511021399  
-1.074386745  
0.5034442746  
0.7440770204  
0.7070332001  
0.526722265  
-0.6683393062  
-0.2708414197  
0.8235853223  
0.539259052  
2.303766256  
-0.510300265  
-0.6028430671  
0.8950748688  
0.8531468539  
-1.622515563  
-0.6756414954  
0.3484406182  
0.4763997636  
0.2130208022  
-0.4417489563  
-1.116618089  
-0.9104899654  
-0.484865127  
-0.751594514  
-1.595770821  
-1.010455323  
0.03558567945  
-0.1882513024  
-0.8177033292  
-0.7063590737  
0.8048699057  
-0.8484608757  
0.1155979827  
0.4905207398  
-0.08995804863  
-1.184070158  
-0.03362105445  
-0.9460243156  
0.08247017286  
1.394928926  
0.05403768254  
1.310913227  
0.8418010762  
-0.8106147486  
0.8166672387  
1.954664372  
0.4637843125  
0.02959663395  
-0.975504969  
0.0143358356  
-0.03165725422  
0.1023524175  
0.3573668364  
-0.9290912603  
-0.7591449456  
-0.2798269296  
0.6373086856  
0.6841137922  
-0.03598015048  
-0.5948077262  
0.4493215049  
0.3573902468  
0.2833403257  
0.2006241723  
0.1288603895  
-0.9894368242  
0.6357534719  
0.3688144648  
-0.07916812645  
0.6563471638  
0.6114749493  
-0.2053084993  
-0.4171477152  
-1.254700024  
-0.2917391885  
0.7887507831  
0.2481329915  
-0.9220786798  
-0.604482686  
-0.1935098356  
0.1338479342  
1.152442257  
0.525495  
-1.265224864  
-0.2919762949  
0.8483994459  
1.207312862  
1.2881513  
-0.6207139413  
-0.5566485761  
0.5714846056  
0.5880604652  
0.5172488216  
-1.114718239  
-1.69396172  
-0.706634946  
-0.9228187506  
0.3540251711  
-0.558002581  
-1.780642761  
-0.8566620195  
0.6800162925  
0.4891598649  
0.03250068868  
-0.2688010916  
0.7406108273  
0.754948053  
0.4281495541  
2.035975547  
0.2257153688  
-0.379273011  
-0.1539439423  
0.3435429723  
0.9814800561  
0.5473500425  
-1.647500005  
-0.009756529388  
-0.3160918754  
-0.02087127361  
-0.1769543652  
0.9148698879  
1.762214535  
0.0777994186  
0.3164142978  
0.5274394528  
0.285826578  
0.7437437547  
-0.6972732278  
-2.573523938  
-1.210682547  
0.4238782522  
-4.059852071  
-1.878234362  
0.738413692  
-0.02374081887  
-1.305062829  
-0.4268591081  
1.415509499  
1.566311288  
1.428844671  
0.3298376121  
-0.2859390448  
1.086740168  
0.4063699219  
1.157550613  
1.075769658  
-0.3727991696  
-1.613318323  
-0.3470355702  
-0.9813251805  
-0.09402414817  
-0.5116397082  
-0.8135910996  
0.1895140722  
0.439613748  
1.421446959  
1.097577239  
-0.2451843558  
0.974111697  
0.5330862829  
-0.159323644  
-2.250742116  
-0.3445818509  
-1.228309535  
-0.4474064365  
1.072995692  
0.4661068005  
0.1100954309  
1.067667972  
0.08631662197  
1.18156615  
0.4589841467  
0.5077914975  
0.4716324747  
-0.3956675971  
-0.1655982877  
-0.2090663061  
-0.7618599628  
-0.7205511752  
1.363468316  
0.4143836756  
-1.211328235  
-1.52137197  
-0.3492158311  
0.3552020695  
0.05862040742  
0.02858014415  
0.8635177284  
-0.1782230395  
0.776174453  
0.9145481031  
-0.9912218479  
-0.7577422494  
-0.4556613869  
-0.5258730637  
-0.3410227487  
-0.0103127789  
-0.1754981254  
0.4357137891  
-0.04022041331  
1.002726494  
1.172529617  
0.6074029751  
1.119539008  
0.07511876257  
-0.4050604052  
-0.5043690184  
0.3647320668  
0.5228691022  
-1.544160835  
0.627752585  
0.3574224455  
-1.59284807  
-1.493134213  
0.3149111224  
0.2205503638  
1.597148547  
0.02452199972  
-0.859459065  
-0.412789522  
-0.5706092826  
0.1717539514  
0.657391149  
-0.5334169726  
-0.8435592268  
0.08689641385  
1.058244438  
0.9619014652  
0.04557347314  
-0.9498559304  
-0.1882751967  
-0.08732650468  
0.804652618  
0.6001404737  
-0.3976774616  
-0.006107314127  
1.219534575  
1.110138581  
-0.2982291183  
-0.812262655  
-0.4832269132  
-0.009754539177  
-0.2191291616  
-1.671036565  
-0.5364399553  
0.6068895764  
1.361547259  
0.9051428552  
-0.6687589025  
-0.2820182858  
0.5349198352  
0.1060681303  
-0.8661157995  
-1.413630087  
-0.4567931203  
0.2743756737  
-0.8426174883  
-0.6394974313  
-0.5476583781  
-0.02439706996  
2.002263655  
1.164751026  
-0.2747360815  
0.2417018485  
0.6632001313  
1.239884606  
0.793531502  
-0.8262851768  
-1.503728385  
-0.3616859891  
0.4971524345  
0.7262814368  
0.07005614827  
-1.11452355  
-0.2485652536  
-0.567303171  
0.7059672749  
-0.2037125926  
0.3533040536  
0.5714073823  
0.2032308942  
0.1813923922  
-1.080604969  
-2.140469534  
-0.4163092426  
-0.2236474136  
0.7073793654  
-0.01508112161  
-0.9449626064  
0.3637725821  
0.2933683081  
0.568654738  
0.7380298782  
-0.6677031785  
-0.3078731701  
-0.1801453383  
0.7471334141  
-0.7297598864  
-0.3077993021  
-0.1435456194  
0.1296008436  
-1.112735903  
-0.08205734538  
0.4268055587  
0.3581191704  
0.6564707351  
-0.02125890337  
-1.330645076  
-1.393256005  
-0.4681310992  
0.7255225021  
0.1731602988  
1.602559505  
0.5140435276  
-0.1174273817  
0.20221069  
-0.5974715207  
1.112230699  
1.371551804  
-0.4679412519  
0.3574638774  
-0.2333857301  
0.1911540828  
0.4638488204  
0.8280634055  
0.4543381886  
0.07153474641  
-0.5168947991  
-0.3938851844  
-0.04164299766  
0.0356389809  
-0.5318658619  
-0.1763807471  
0.9689844141  
0.4244023127  
1.342167973  
0.2221709385  
-0.1686421255  
-0.5307029713  
-0.8930314687  
-0.03028310276  
-0.05638232451  
-0.397015983  
1.004782617  
-0.02217355218  
0.5347366391  
-0.4599765695  
-0.8639676454  
-0.3706562012  
0.2003219767  
-0.2833384845  
-1.033597897  
-1.219578271  
-0.4272965934  
-0.1756572413  
-1.101332068  
-0.8376251644  
0.7832653473  
-0.185230195  
-0.3974672153  
0.266580353  
0.4031636913  
1.539479246  
0.9416050626  
-0.3787461027  
-0.3354736948  
0.08242674034  
0.6730627477  
0.04298908735  
0.0684328198  
-0.4045351123  
-0.8693403601  
1.655845697  
