-2.344827371  
-0.7816661185  
1.41451028  
1.454348087  
0.1714046845  
-1.614144232  
-0.2763424646  
0.1047689417  
0.2130548842  
-0.05933325748  
-0.4864732789  
-0.251783374  
0.9446197631  
0.7735580487  
0.6076765124  
0.5791167403  
1.711579798  
1.202198804  
0.3078894715  
-0.2972569528  
-0.801947037  
0.7712946422  
0.9805621982  
-0.7080210376  
-1.187524262  
-0.3414369694  
-2.057225812  
1.168093506  
0.4247387339  
0.113836027  
-0.4063457102  
-2.353234342  
0.2511381521  
0.5218657772  
1.26294093  
0.4981822786  
0.1050780848  
-1.03845969  
0.3668647081  
0.4014682404  
0.1022327074  
-1.416639347  
-1.10888803  
0.5057884339  
0.5630919189  
-0.6420448183  
0.04030562022  
-0.4028568191  
-1.789781928  
0.1975762967  
1.74896763  
1.592538953  
-1.070232894  
-0.1632311581  
-0.5322325261  
-0.194154402  
0.07550438467  
0.8458501398  
-0.4137646585  
-1.834233458  
-0.285531887  
0.5573792977  
0.7501788547  
-0.2669073468  
-0.2391776091  
-1.04992083  
0.95481148  
1.580808916  
0.06681144923  
-0.5064473515  
-1.670041188  
0.3161480325  
0.3319870825  
-0.5312611439  
-0.08623084318  
-0.7581805294  
0.6598805999  
1.49740903  
-0.5404907966  
-0.5952418769  
-1.745349032  
1.099617674  
0.752864981  
-0.1981935236  
0.1556657565  
0.2780343526  
1.574497229  
0.6613295007  
0.918409164  
0.05048516627  
-1.472290835  
-0.4822544277  
0.6527089819  
-0.2735639118  
-1.286042676  
-1.049182539  
0.6905301393  
0.420885029  
-0.5114510266  
-1.500330096  
0.4286665668  
2.405742091  
1.668858966  
0.1691858612  
-1.133780004  
0.3682368487  
0.5857239296  
0.3677217957  
-1.005470771  
-1.371236608  
-2.243486034  
-1.404342363  
0.5123042309  
0.9253806141  
0.09241004006  
0.1037087684  
0.6440264589  
1.824423408  
1.052364879  
-0.476989249  
0.306598966  
0.5327495156  
0.1738253702  
-0.6173582594  
-1.089943667  
-0.08028925991  
0.722315955  
0.0181209132  
-0.1096058523  
-1.111564421  
0.1034238341  
0.6418223548  
0.3099219518  
-0.005708268012  
-0.6774377608  
1.048862709  
2.178949622  
0.3152862695  
-1.964006972  
-0.9476916935  
0.1592486254  
1.579999895  
0.4181822218  
-2.454226919  
-0.9940956944  
-0.5250071643  
0.9300661199  
1.261291057  
-1.126018256  
-0.2909709247  
-0.1921418979  
0.00613164871  
1.654907314  
1.014590572  
-0.3075224864  
-1.226731596  
-0.4006459564  
0.8864172693  
0.2082127248  
-1.033102329  
-0.7676138  
-0.722213567  
1.947891335  
2.428594115  
-1.120419466  
-1.571116165  
-1.226522665  
0.2047486514  
-0.3240149885  
-1.183497397  
-1.464059637  
0.1928234404  
1.014059282  
-0.6001390854  
0.9250585195  
0.798075319  
-0.03112032303  
-0.6075246202  
0.5142631039  
1.493126032  
1.400041444  
1.043591295  
0.509853392  
-0.7467302264  
-0.04962294421  
0.9494655915  
-0.4754697286  
-1.298310452  
-0.4610323314  
1.034120657  
1.548502304  
-1.052203362  
-1.839281768  
-1.026250277  
0.03177277929  
-0.255777594  
-0.2563804825  
1.302758578  
1.698899412  
-0.9631438408  
-0.575630271  
0.3951450375  
1.421481845  
1.751688311  
-0.6264407667  
-0.6751543757  
0.2084999114  
0.8163079139  
-0.4978063955  
0.1106969368  
0.151432497  
1.414034877  
-0.05639921893  
-1.176182206  
-1.52272958  
-0.3508413495  
1.064109091  
0.4388208469  
-1.415573399  
-1.5588792  
-1.17425751  
-0.1829226258  
2.061025574  
0.4266806322  
-0.2220326467  
-0.7233002246  
0.07424490664  
0.3908233882  
-0.1390890158  
-1.213890482  
0.6772110048  
1.657912866  
-0.2846402694  
-0.7804719358  
-1.01570754  
0.6446304784  
1.280961901  
0.9612618037  
1.005644632  
-0.9354379198  
0.2004144272  
1.194998147  
-0.9076142276  
-1.501177932  
-0.1789140116  
0.6640515071  
0.9967283858  
-0.4403674509  
-2.053587028  
-0.260845043  
0.4740663277  
0.6966431426  
-1.795963135  
-1.256713014  
0.02010038981  
0.2786173276  
0.02731770658  
-0.9011052778  
0.3963385028  
1.077215502  
1.595857746  
0.8906006942  
0.2757982634  
-0.6313157441  
-1.077407258  
0.7671192872  
0.669940726  
-0.9157900218  
-1.007734462  
-0.7872852437  
-0.5166122673  
0.6878702727  
0.06379375055  
-0.6751151468  
-1.738098017  
-0.4393897442  
2.498086446  
0.6878276935  
-0.02850077319  
0.07206933518  
0.1149153308  
1.752481041  
0.3385525935  
-0.7747596883  
-1.163924818  
-1.413088302  
-0.2186785655  
1.857026567  
0.6675433964  
0.1456466528  
-0.2730482765  
1.499424198  
0.01015269117  
-0.4975410464  
-1.188271247  
-0.5299807451  
0.2465449706  
-0.5109168739  
-1.652924924  
-1.541737151  
-0.2067301635  
0.3124524032  
1.242611612  
0.4071343096  
-0.1425943303  
-0.7597671766  
1.059290248  
2.434292517  
0.5901499755  
-0.8461291464  
-0.5729348603  
0.1874215447  
2.077653491  
1.129815811  
-0.341019532  
-1.351152504  
-0.4756719229  
-0.1962227366  
2.010321621  
0.8105454429  
-0.09942120038  
0.0333970167  
0.7155914844  
0.4379928783  
-0.6732274957  
-1.961248056  
-2.270659938  
0.5932314155  
1.22376286  
-0.03630554981  
-1.232656754  
-1.018718197  
-1.511700088  
1.011091804  
0.5399780267  
-1.803254995  
0.3312412277  
0.8488082606  
-0.05344464958  
0.5081257806  
0.6605992236  
1.699665461  
-0.9780173513  
-0.2034465022  
-0.9409558993  
-0.1941800968  
1.505522027  
0.4252796388  
-0.5262809338  
-1.557204565  
0.2056403337  
-1.03073303  
-1.353829693  
-0.002610421025  
1.855162496  
0.01322009222  
-1.670164505  
-1.470986878  
0.1364071704  
1.025241398  
0.5665322651  
-0.4392838483  
-0.08112974506  
-2.092084026  
-0.9764714941  
0.4123642071  
1.981428152  
-0.3813701653  
-0.9298918072  
-1.067673633  
0.6324915726  
0.7685969033  
-0.7493170792  
-0.0395032783  
-1.089382898  
0.4432475637  
1.571150984  
0.9440253618  
-1.092912582  
0.2597270712  
1.636785706  
1.265421391  
0.2318032121  
-0.9943249658  
-0.4387518564  
1.156598624  
0.5907152189  
0.8706962478  
-0.7694369212  
-1.550719585  
0.7624739995  
2.213491157  
0.5783077404  
-1.592552219  
-1.754375624  
-1.501040218  
0.1705562373  
1.468888118  
-0.3559306039  
0.4120957135  
-0.331767113  
0.9631196962  
1.697232605  
0.143396338  
-0.8210389928  
-1.7606586  
0.3848554635  
2.6044846  
2.233499914  
0.2544954247  
-1.664308672  
-1.034882339  
-0.7919294421  
1.80175444  
2.414118951  
-0.04229926025  
-1.758548803  
0.1014525509  
1.601143189  
1.591711675  
-0.139673644  
-1.152110348  
-0.6688137177  
0.8164057247  
0.8789190569  
0.3534636292  
-1.600827148  
-2.450999819  
-0.3182685723  
1.625879424  
-0.4079604689  
-1.622551992  
-1.45640174  
0.2029363521  
0.7035586925  
0.6926841625  
0.3641494093  
-1.735366679  
-2.934019924  
1.180257562  
1.199865784  
1.135489403  
-0.4693001785  
-1.310362876  
0.1246666992  
0.7623779722  
1.713168852  
-0.04115319471  
-0.3137677506  
-0.1716633834  
-0.01784049884  
-0.03521316007  
-0.2407020792  
-2.008463583  
-0.09647863571  
0.3422935199  
2.581861088  
-0.7756530688  
-1.694967403  
-0.3964117203  
1.784648911  
0.6009113825  
-1.093801859  
-2.674821614  
-0.5052576014  
0.7790714125  
0.2270878333  
-0.7987383398  
-0.160351251  
0.09765503564  
0.01470730524  
-1.290218286  
0.4785641783  
-0.2898586222  
0.9790555271  
-0.05983617766  
-1.383616095  
-1.481644114  
0.3205772306  
1.279691253  
0.493807293  
-0.05028188757  
-0.7541953194  
-0.0524246054  
0.03233140081  
1.569533262  
0.6519989102  
-1.168677632  
-1.894769721  
0.3681671876  
0.8180064193  
-0.8639004755  
-0.7476327176  
-1.926070362  
0.1689713366  
1.766442036  
0.3082816435  
-0.6818288177  
0.9292782478  
1.693900018  
1.363856784  
0.1122727303  
-0.6631056827  
-1.441361772  
0.6694965448  
1.229352379  
0.9588838427  
0.8345179609  
-1.760245563  
-1.306281138  
1.095303361  
-0.7793270091  
-1.591331482  
1.172652748  
0.2136180888  
0.3450424672  
-0.3301169928  
-0.09178473481  
1.335126436  
2.033558295  
0.8407356972  
-1.247269168  
-0.8711510368  
1.418530684  
1.016771682  
-0.09183614674  
-2.269046363  
-1.678776945  
-1.071902612  
1.243532481  
1.294657006  
-0.6233408832  
-0.9260235096  
1.858166516  
1.538051517  
0.05281103018  
0.0365933134  
-0.8792376293  
-0.5761777786  
0.9128834197  
1.577372841  
-0.575064882  
-0.8270019386  
0.2847125836  
-0.2384395981  
0.3971687616  
-0.1885974058  
-1.042237093  
0.3560529762  
1.081483125  
0.6770445635  
0.3215042761  
-0.3451130674  
-0.625531293  
1.240244815  
1.175472522  
-0.193052434  
-0.3749207354  
-1.978795234  
0.2233683108  
0.4387857895  
0.009429821573  
-0.3619071322  
-0.5146441149  
1.450737425  
0.595268223  
0.4931448509  
0.741738028  
-1.334667067  
0.3189031857  
0.5272224728  
-1.110627243  
-1.771216209  
-0.3088397632  
0.3490483307  
-1.076980191  
-0.681274182  
0.262200053  
0.8945086037  
0.392529234  
-1.120873067  
0.8251728625  
1.769218339  
0.03206221304  
-1.901627917  
-1.018499069  
-0.08749754261  
1.426492674  
0.859434799  
0.2867786916  
