-0.3522565187  
-1.791749034  
-0.4516649696  
0.4429175859  
2.331812678  
1.469536818  
-1.435276787  
-0.1649759363  
0.4962421486  
1.37441201  
1.240460919  
-0.6998854953  
-1.303183594  
0.9709216598  
1.681099759  
-1.70394253  
-1.073570136  
-0.1662102266  
0.3504952392  
0.545910918  
-3.024575731  
-0.2483401745  
1.005253841  
1.798846255  
0.6919402255  
-0.03648594448  
-1.652590797  
-1.167029823  
2.048732436  
1.268293057  
-0.09052796388  
-2.685396255  
-0.9911345251  
0.7508006515  
0.2048904782  
1.150552027  
-0.4328102666  
-1.854539102  
-1.360967563  
1.624330061  
0.5646167902  
0.06568042049  
-1.742026796  
-0.2659215017  
0.04984630362  
1.462200943  
0.009463678787  
-0.219441293  
-1.715407661  
-0.9968200142  
0.3864507408  
0.9664623761  
1.083133932  
-1.371818227  
-1.246925818  
0.4796811584  
2.190717987  
1.486626751  
0.2511680672  
-1.924524564  
0.1569222454  
0.4107328651  
1.063742446  
0.5185398124  
-2.391287493  
-1.663331787  
0.4331143346  
3.7578694  
2.186774162  
-1.218735343  
-2.612372021  
-1.322954247  
2.186883359  
0.7770089858  
-1.090187515  
-1.848399686  
-0.3200651327  
1.99448631  
1.190797465  
-1.238762275  
-1.215659085  
-0.09043005425  
2.737147903  
0.7438829561  
-0.02157695774  
-2.382646967  
-1.653923244  
2.079770204  
1.090923933  
-2.11005545  
-1.405906728  
-0.2359470926  
2.281451115  
0.6356168951  
-2.359951309  
-1.502135811  
0.4054263644  
3.19455163  
-0.542321449  
-2.512410981  
0.1961316001  
1.924433216  
1.194799624  
-0.5041644573  
-2.480651826  
-0.7579882285  
0.6937039216  
2.431286938  
1.45748157  
-0.9981704526  
-3.147615567  
-0.4149531872  
1.013267411  
0.9652246081  
0.4262903885  
-1.444491306  
-0.1515262397  
0.4570465332  
2.040386371  
-0.6488862559  
-0.9589075881  
0.9420114669  
0.1051279703  
-0.650970853  
-3.229949015  
-0.9055417836  
2.838972453  
1.069120001  
-1.201721749  
-2.505291553  
-0.5718417755  
2.016793977  
-0.1082502807  
0.5071709883  
-0.5513783  
3.016782034  
3.428476767  
0.8877808737  
0.1818498843  
-1.944199154  
0.8858990484  
1.269330394  
0.3814475349  
-1.039137056  
-2.131256706  
0.8280586478  
1.068609756  
1.523501482  
0.9897616755  
-2.20291485  
-1.731700655  
0.3479291516  
3.476903508  
1.097370176  
-1.653516013  
-2.64485534  
-0.1576422284  
2.611615225  
0.98846537  
-2.390330898  
-2.958447615  
-0.5994325946  
-0.1967409707  
2.124481982  
-0.1742022533  
-2.922577417  
-0.429825564  
1.4969521  
0.9721635241  
-2.754345871  
-0.8250520113  
0.2599550887  
2.147474987  
0.2253304505  
-1.386886062  
1.610182251  
1.812714698  
-2.044021129  
0.1822784713  
-0.05501166611  
2.91575466  
1.546558645  
-0.138224114  
-2.16969901  
-0.6892067383  
1.261684832  
0.4757370476  
-1.435962641  
-3.565557585  
0.8216781051  
2.064181419  
0.07625875214  
-2.041184446  
0.2558979851  
2.642341282  
-2.248816088  
-0.4151905381  
1.828363361  
0.5163490648  
1.108188152  
-1.930692208  
0.2272516034  
0.8071618491  
1.695790285  
1.305283051  
-2.605683573  
0.1896904284  
0.7844478775  
0.1379283867  
-2.434569514  
-0.6534178956  
1.42476069  
-0.6581652433  
-1.290148576  
-2.50238544  
-0.1132793048  
1.108085043  
1.776071889  
0.5670062616  
-2.757743967  
-1.091599605  
0.5555977966  
2.497766352  
1.293883693  
-1.004731579  
-1.384843515  
0.7001909776  
2.081526226  
0.7294011938  
-1.711131288  
-1.046051133  
2.892899009  
0.189390555  
0.3113030306  
-1.720750639  
1.041102354  
1.632630669  
1.18735242  
0.5109155734  
-1.420736309  
-0.6136622058  
1.551466641  
1.287337586  
-2.789403861  
-0.4251090528  
0.5210914227  
0.8272299427  
-0.1104613577  
-2.46427735  
-1.610005785  
-0.6030610761  
0.8491796404  
0.1815360953  
-1.198117139  
-0.7860366782  
1.335926577  
0.8374464387  
-2.000108921  
-0.3755397244  
0.1529496453  
2.468797662  
1.020966974  
-0.3839162351  
-1.127152525  
-0.870547582  
1.197616373  
0.6554368946  
1.781730381  
-1.636875717  
-0.7243433866  
-0.5999231747  
2.275801995  
1.141818034  
0.1223993777  
-1.149485831  
-1.215132759  
-0.4909155249  
-0.7161657813  
-1.768095048  
-1.527238663  
-0.04492959087  
0.8375867468  
-1.300895137  
0.739112181  
-0.5242269233  
1.527404775  
1.306401366  
1.2116651  
0.1421086084  
-0.8706538724  
0.2105274992  
1.40059752  
1.666156225  
-1.694075543  
-0.7608429075  
-0.01856107183  
-0.3102984669  
0.6084878219  
0.8138099585  
-1.682197134  
0.04863199451  
-0.2482869989  
0.6983755403  
-0.4244728547  
-0.3699088167  
-1.747124769  
0.1018538512  
0.9522575666  
0.4164713307  
-0.3699527617  
-1.286631582  
0.5885928158  
1.541294269  
0.4857644594  
0.7849700264  
-0.9030566594  
-1.201301061  
0.3878590462  
0.9115794586  
0.7202749699  
-0.7233231552  
-0.7360456723  
0.3538381515  
1.972776249  
0.9484970855  
-0.0605260785  
-1.95580215  
-0.2881692386  
1.815826205  
0.1673894911  
0.336127961  
-1.876148269  
-0.09071505778  
0.816729977  
2.171637183  
-0.5338818468  
-0.8590012256  
2.069480514  
-0.9635514571  
-0.603099933  
0.8769700991  
0.605798769  
1.367560964  
0.1625449917  
-1.403267092  
-0.1772709166  
0.6028534921  
-0.9581762315  
-4.04478706  
0.3110583426  
-1.578471562  
-3.095421167  
-0.1682677286  
0.01325953292  
1.374917483  
1.336184595  
-1.029072485  
-1.783830479  
0.5624381485  
0.301792925  
0.8174673108  
0.7223699973  
-1.055316266  
-1.28329471  
-0.3459324465  
0.09923121657  
0.4774599119  
0.04972028165  
-2.222470046  
0.1951961704  
0.6119095484  
1.698286841  
-0.1989279228  
-2.50560358  
0.7744197949  
0.4917334952  
0.7240320906  
-0.4549950745  
-0.8792539962  
0.3879556625  
1.69517936  
0.5890371033  
0.2801223952  
-1.412512768  
0.658706991  
2.31681453  
0.8333096073  
-0.5188028373  
-0.8906741545  
-0.03242593806  
0.8729610214  
1.526903294  
0.02910546285  
-1.296186501  
-1.096579448  
0.6116565098  
1.028063998  
0.4332872362  
0.5232099838  
0.341927005  
-1.896631964  
0.5769494355  
1.281917187  
0.6288490945  
-1.386858554  
-1.698845506  
1.766302633  
-0.6171394889  
0.2633148198  
0.6521002668  
-0.9118948255  
-0.4212746866  
0.9313078945  
0.3959741168  
0.6160321898  
-0.3328633083  
-2.144054058  
1.18138925  
-0.2532758514  
0.08720048654  
0.495997773  
-1.100074928  
-0.37179382  
0.8118725983  
1.417483426  
0.2824656975  
-1.410114143  
-0.6870812828  
-0.282159226  
1.183430772  
0.3030481269  
-0.5892309812  
-0.8777685024  
0.2330423577  
0.2608966369  
0.4996841901  
-0.05063843627  
-0.6421212468  
1.36119492  
-0.4691887211  
0.1772085376  
-0.05083602068  
0.6400099185  
1.037634128  
1.380991262  
1.019521597  
-0.5781292286  
-0.5652499851  
-1.346009844  
0.2082291726  
0.7195555057  
-0.7708769799  
-0.7851458767  
-1.079875067  
0.06849937751  
0.149861517  
-0.8994699312  
0.3901755841  
0.4201364241  
1.960223225  
1.437274931  
0.7108463986  
-0.8873382955  
-0.3471856131  
0.08385460693  
0.1584147287  
0.008774722149  
-1.448944416  
-0.76290889  
-1.537210697  
-0.6825860686  
-0.2048360972  
1.590045167  
1.325839219  
0.5886049323  
0.1218228255  
-1.866927175  
-0.02812546098  
0.4212045662  
0.8734003817  
0.02700843214  
-0.7354031847  
-0.7166315177  
-0.2357996732  
0.7049981597  
-0.1287000727  
0.3920807492  
-0.6753521279  
-0.3564899634  
-0.9154192405  
0.2722207471  
-0.4665305417  
-1.238683747  
-0.1813022416  
0.3519950407  
1.129892387  
0.1120251429  
-0.6723060185  
0.7832467816  
-0.3627785948  
-0.159868373  
0.7435139375  
-0.8261786228  
0.4562620338  
0.909712369  
0.4269141371  
-0.1417915244  
-0.1394772954  
-0.1054415703  
0.2145612506  
1.227299961  
0.02305544047  
-0.9418137492  
-0.03533072789  
-0.5083559083  
0.5147339881  
0.1356643856  
1.646258599  
0.1352553731  
-0.4900846035  
-0.7789652166  
-0.4049879982  
-0.3076234018  
1.883098301  
0.6653306937  
-0.6011665043  
0.3490730481  
-0.6998966425  
0.5779820749  
-1.990764689  
-1.395711743  
-0.3578888878  
0.4008260719  
0.2439924281  
-0.1205280559  
-0.001422769735  
0.9401650696  
1.018743168  
0.02629506861  
-0.8727879621  
0.3958250154  
0.7207447768  
-0.7190610008  
-0.1833677084  
0.2481516139  
0.2790481943  
0.6592699403  
-0.2254507057  
-0.01364167291  
1.095377711  
0.9048954074  
-0.5417567846  
-2.020776784  
-0.7387575096  
0.6662112917  
0.7373582282  
-1.137893515  
-0.6978164542  
-0.3190294132  
0.6375861432  
-0.1244760542  
-0.5356563204  
-0.9432723471  
-1.03341943  
0.9908993112  
0.5111078875  
0.3407743111  
0.2747560642  
-0.4955482943  
0.1750651584  
-1.269277324  
-0.1307908749  
-0.1465376659  
1.325590208  
1.518850326  
-0.5131804098  
0.9050979847  
0.8238501728  
0.7702939125  
1.007963106  
-0.1685603359  
-0.1318757051  
-0.4361995006  
-0.1481987617  
-0.9433215721  
-1.349891339  
0.7645602519  
0.5537676736  
-1.112693537  
-0.04560817998  
