-1.296887509  
-0.1078201974  
0.8687507296  
-0.8625284726  
-0.8754101294  
-0.85077654  
1.211805483  
0.6222474098  
-0.5950676546  
-0.8220182319  
-0.33529188  
0.6799895614  
1.426314538  
0.672049646  
0.7728120245  
0.7943423527  
0.5716140988  
-0.1378410819  
-0.1416786137  
-0.4584010397  
0.2679011611  
1.334226637  
-0.2712492866  
-2.239126674  
-1.261530595  
-0.3875621852  
1.282573342  
1.310777825  
0.6169192424  
-0.8003392107  
-0.2405225306  
0.06876081934  
0.4358078152  
-0.2301722142  
-1.447558093  
-1.026735862  
-1.112323641  
0.6223521891  
1.181514134  
-0.2870816553  
-0.8098033997  
0.8023812483  
1.215816358  
1.309850262  
-0.6431743809  
-1.870364746  
-1.458987241  
-0.2206799154  
0.4003889188  
0.6048529703  
0.1517403618  
-1.006850353  
-0.2139084058  
0.5565367044  
0.8614693722  
0.7828570171  
-0.8326489157  
-1.05821123  
-0.3408568753  
1.267154777  
0.8889279656  
0.4389378455  
-1.528206706  
-1.617886737  
0.7191406883  
0.3701761733  
0.153755664  
-1.445108187  
-1.28273394  
0.7695500753  
1.23675135  
1.537625764  
0.3245320717  
-1.391998201  
-0.1719427654  
1.002868392  
0.1612521764  
-1.800913231  
-0.6888425458  
1.190898488  
1.201302727  
0.4708631659  
-0.09595366277  
-1.47519647  
0.1183784833  
0.7014294604  
1.499701642  
0.04835623635  
0.1032807373  
1.487512985  
1.414964832  
-0.6188745347  
-1.805290809  
-0.7320541287  
0.7790173754  
1.004944104  
0.1253726399  
-2.098266485  
-0.04230075827  
1.070210411  
0.7092212157  
-0.6555795323  
-2.378034473  
-1.041599426  
0.9196561885  
2.093655893  
-0.3206945718  
-1.690048965  
-1.673199576  
0.6543843593  
2.441626352  
2.434985426  
0.5769138222  
-1.83633259  
-1.190200355  
0.04912580015  
0.7511698963  
-0.6605331322  
-0.9275175249  
0.6822136118  
0.6961534227  
1.202639032  
0.2099541969  
0.4359843255  
0.9583475302  
1.093656778  
-0.5166319805  
-1.444747811  
0.2154466695  
1.628028797  
1.026735219  
-1.721194952  
-3.529680029  
-2.481820878  
0.1880598702  
1.426032735  
0.2997770732  
-0.6031629476  
0.08904515844  
0.443491991  
0.07652542379  
-0.2756527165  
-0.8392222092  
-0.1671638866  
0.7725318318  
0.9968006861  
0.4028153468  
-1.721914193  
-1.229905863  
0.8371197404  
0.8326630843  
0.809868457  
-1.104611577  
-1.931076655  
-0.3353260442  
-0.5088111081  
1.065858621  
-0.4036224836  
-2.488815087  
-0.8574614639  
0.4754576745  
0.6832276289  
0.04824474437  
-0.7227036431  
0.7544499781  
2.611259384  
0.813508356  
-1.593244876  
-0.5346437603  
1.621046229  
0.8747828447  
0.3549451503  
-1.155595343  
0.3872030836  
1.651377414  
1.252873282  
1.009450038  
1.760093245  
1.521325057  
0.4185822361  
0.3559233353  
-1.202735724  
-1.198802382  
1.413307941  
1.928288599  
0.2599654348  
-1.887234453  
-1.118629334  
0.4412436187  
0.1570133146  
-0.9736829557  
-1.160053119  
0.8773281091  
0.128366537  
-0.5957216511  
0.25155378  
0.5010216577  
0.3120895705  
-1.734274595  
-1.214754173  
0.2170908734  
0.1463938233  
-0.3356710728  
-1.514186688  
-0.2712779015  
1.267849462  
-0.01073353564  
-1.334158376  
0.07551646223  
1.050698337  
0.7793409762  
-0.3861774564  
-1.863166024  
0.141809388  
1.175202239  
1.445408026  
0.5634952368  
-2.308109611  
-2.036179252  
1.012460827  
1.39769569  
0.8251325253  
0.5649415894  
-1.391972969  
-1.061608724  
0.2833161425  
-0.1542717665  
-1.423159712  
-1.206737922  
1.430695269  
0.6797638207  
-0.8353947146  
-1.568069763  
-0.1984243526  
-0.1385642384  
0.6140838904  
1.724704392  
0.6753407524  
-0.04083174163  
0.5763997518  
-1.133080816  
-0.626449765  
-1.026094606  
1.608215924  
1.335180587  
-0.7002922373  
-2.25102875  
-1.133811916  
0.9870536736  
0.9843982457  
-0.97553577  
-0.3559069185  
-0.487827127  
1.315873437  
-0.1482869771  
-0.1048791689  
0.2993741195  
2.539225482  
1.653453671  
-0.9906980212  
-1.187793703  
-0.4034322835  
0.1962265299  
1.299105189  
1.216773016  
-0.3467026839  
-1.188068643  
-0.2017663418  
1.981919276  
1.630990769  
-0.2966795867  
-1.013168029  
-1.424012648  
0.1419465331  
0.9303919283  
0.580452149  
1.073178617  
-1.183035401  
1.379584558  
1.700307873  
0.2996480357  
-1.412560433  
-3.765396401  
-1.206310082  
0.7559570517  
0.3327211194  
-0.3209541516  
-0.4154286586  
-1.678311405  
0.5810243589  
0.2426411656  
1.198297295  
-0.3621544507  
0.3138031711  
0.4609202558  
1.657709887  
-0.1696573266  
-1.682290232  
-0.1395292618  
1.318926764  
1.802878487  
-0.1219654765  
-0.9442244399  
-2.335677211  
-0.9387835926  
0.955123212  
2.061834762  
0.5905013731  
-1.846416318  
0.1015081689  
1.035480311  
0.6785160296  
-1.240709171  
-1.088235156  
-0.7930867615  
0.9543541653  
0.3794469165  
-0.6460043595  
-1.586971344  
-0.3781409865  
0.6843293257  
1.458713192  
0.4606424046  
-0.5372469698  
-0.938943339  
-1.075629612  
0.6640797152  
1.292928585  
-0.08219962819  
0.03429883525  
0.05137459757  
0.1772834825  
1.639268681  
-0.8247048636  
-0.4416962026  
0.6581280019  
0.6875287925  
-0.1047552278  
-0.4117047519  
-0.003443270725  
-1.120459648  
-2.039575537  
-0.890374572  
0.8582452076  
1.431062364  
1.599598656  
0.1100140492  
2.202752154  
6.337189695  
-2.998078312  
-5.486985488  
0.8346299913  
1.316685642  
0.5150638612  
0.3004799739  
-1.930367805  
-1.564956602  
-0.007650404264  
0.7623857922  
-0.5105408077  
-0.8546410186  
-0.6949621137  
-0.682805183  
0.8334891427  
1.602086631  
0.5063390968  
-0.3879419204  
0.2442263748  
1.768703032  
1.874543021  
-0.3464539052  
-0.7511408207  
-0.1498145929  
1.542991818  
1.282637316  
-0.5469689167  
-0.2285148147  
-0.3165067801  
0.1260217849  
-0.3944859313  
0.1627801896  
-0.2761957195  
-1.119420846  
0.1727609418  
0.9991054299  
-0.2496615605  
-1.443657737  
-0.5677028522  
-0.0935807281  
1.31991158  
-1.669556046  
-1.258896079  
-1.426830328  
-0.6220671085  
1.389888889  
1.629256179  
0.50836214  
1.018462785  
-0.2451953106  
-0.03141681439  
0.6261824635  
-0.2479756979  
-0.1087525235  
0.3180704071  
-0.4207478953  
0.6841721317  
0.5259038188  
-0.769796876  
-1.942086912  
-1.084698548  
-1.248007226  
-0.3305930985  
1.475398388  
0.9288882593  
0.2370234858  
0.9967603864  
1.529947876  
0.2515481215  
-0.5733918623  
-2.263185262  
-0.9551126307  
0.3413360578  
0.8188292804  
-0.3319355441  
-0.2156944738  
-0.6035491819  
-0.8033942084  
0.1914647295  
0.6470593724  
-0.2417781386  
-1.841784213  
-0.6506712319  
0.3207871377  
1.132855442  
0.1341667276  
-0.7965619215  
0.116127256  
1.429639238  
1.699714323  
0.2557487315  
-0.8255675364  
-0.8661812037  
0.4577791258  
0.1622000745  
0.891530224  
-0.4390342079  
-0.5640596527  
0.2167689846  
-0.06388399759  
-0.7151233132  
0.06014548102  
0.2646662841  
1.156164171  
1.140153664  
1.133821704  
-0.6356257004  
-1.417970841  
-1.480475981  
0.3542021197  
-0.5148665651  
-1.082270447  
0.4993108649  
1.397654349  
1.232527765  
1.330992073  
0.07618660372  
-1.120457859  
0.9123030203  
-0.7309566874  
-0.5433157368  
-0.1809682227  
1.005809516  
0.8287235898  
0.1268045684  
-0.6223009304  
-0.4147339976  
0.1866088063  
-0.7074651595  
-1.313163041  
-1.313544213  
-1.462979937  
0.1601809361  
1.115365672  
1.712039894  
0.4240705199  
0.2441107351  
1.160576557  
2.213397707  
0.7030674641  
-0.8921644413  
-1.105356112  
-0.8314108552  
-1.15299251  
-0.3413619844  
-0.05636659708  
0.8341834344  
0.06745427538  
0.5671088938  
0.140535291  
-0.3266859209  
0.3021140637  
-0.3847331895  
0.3786770625  
0.3719535678  
-0.6800419779  
-0.644301941  
-0.5400502276  
-0.6799960561  
1.106979295  
0.9050058722  
-0.1811761907  
-0.513583006  
0.4305668452  
1.20818388  
0.2606024068  
0.2911667204  
-0.4194606663  
0.1896997944  
-0.2784630276  
-0.2467102982  
-1.090667258  
-0.9852970674  
-0.2995696667  
0.9011049046  
-0.3236566255  
-1.208599678  
-0.6646041587  
1.024671592  
0.01745791567  
-1.253490921  
-1.459555447  
-1.957141187  
-1.027251378  
-0.8069452664  
0.2665294969  
0.1309600637  
-0.4107416925  
0.602635044  
2.081241575  
0.6501201768  
0.6059588369  
1.167439543  
0.6236363292  
-0.3871503087  
-1.272135013  
-1.364765201  
-1.447339146  
0.2521016076  
0.6209765597  
2.135255726  
1.515480418  
0.333412134  
0.4362821603  
-0.1249891074  
0.4661117065  
-0.5154204375  
-1.409247175  
-1.225019479  
0.8342301556  
-0.001292764457  
-0.4608617166  
-1.322065554  
-0.2009701626  
0.4841079635  
1.449404496  
0.6093640715  
0.5154751579  
-0.2244257318  
0.4585016865  
0.06989701049  
-0.7998313394  
-0.09227766485  
-0.7664205834  
0.02263600481  
-0.6425006184  
-0.1777932037  
0.7858037539  
0.01519097964  
0.5682496654  
-0.3904566329  
-0.4649266807  
1.213690309  
-0.4638171483  
0.4099016166  
0.202699192  
1.247392892  
0.1360632733  
-1.573876212  
-0.8967976073  
0.3393083559  
