-0.1136286496  
1.049866443  
1.800874511  
-0.6335171183  
-0.3657246104  
-0.1566040137  
0.46552857  
1.414120098  
-0.9367193034  
-1.3377461  
-0.190814861  
-0.1336268274  
1.577511887  
-0.4127030153  
-0.4234083777  
1.581697873  
0.5862288607  
-1.221121919  
-1.437390762  
-0.877030496  
0.4503496067  
0.2241426837  
-0.7636127859  
-1.203595183  
-0.8854808164  
-0.865659085  
1.280071076  
0.6349735332  
-0.3579980839  
-0.8260868861  
0.5309771457  
1.073915022  
-0.5964181112  
-2.045205142  
-1.553802787  
-0.5629428705  
-0.1002891508  
1.76392667  
0.2595376706  
-1.017230983  
-0.9410842145  
0.6721457417  
1.083937338  
1.688081103  
-0.5143479007  
-1.364063711  
-0.9092622972  
0.4973244396  
1.583066763  
0.3712619153  
-0.14804125  
-0.7878089339  
0.4199359145  
1.178876874  
1.542389265  
0.2405719242  
-1.441603435  
-2.125924614  
0.4528929249  
1.46649878  
0.986527869  
-0.8169536772  
-1.769393294  
-0.4183868614  
0.01830063226  
1.247440075  
0.9439715482  
-1.413719329  
-1.560304942  
-1.031565856  
1.210028066  
0.5657596924  
-1.063613844  
-1.667112521  
-1.35693496  
1.645353658  
-0.03495622997  
-1.311370488  
-0.3773268868  
1.058362552  
2.177748924  
0.1170090396  
-1.556062192  
-1.197868351  
-0.2478579304  
1.512888512  
-0.2439324859  
-2.690748146  
-0.6398699063  
1.305168807  
1.948414047  
-0.110417611  
-1.266171016  
-0.1978638904  
0.6192909744  
1.943324044  
0.5379615307  
-0.3936863304  
0.8049144314  
0.92871516  
0.8475867434  
-0.8260402887  
-1.209815185  
0.2887339059  
0.5052117531  
1.907544279  
-0.1192663858  
-1.047422263  
-1.279203945  
1.000028675  
1.048367616  
0.5406493235  
-1.111973845  
-1.78074192  
-0.9794542375  
0.6655626808  
1.882963556  
0.02558610651  
-0.5678921377  
0.05103151621  
0.3461078652  
0.2978610416  
-0.5456794921  
-0.01614373786  
1.184267131  
-0.06745495633  
-1.816355754  
-2.403921267  
0.1316443342  
2.130669768  
0.5855799537  
-1.854106933  
-2.034079391  
0.5800617954  
1.114891713  
-0.1526774435  
-1.841697929  
-1.680355294  
1.128845305  
1.451908003  
0.1440025303  
-1.929144352  
-1.200004102  
0.190189482  
1.017665501  
0.4269926371  
0.2760520216  
-1.302336887  
-1.486592779  
1.025404913  
1.773170874  
0.6767884243  
-0.02604546296  
-0.3816374308  
1.654261803  
2.168129589  
0.7233556019  
-1.006154983  
-1.628827932  
0.6404224603  
1.939716556  
1.332840591  
-0.2472843984  
-0.7823228452  
-0.1898606793  
0.7347501642  
1.827745262  
-0.8030586516  
-0.6611416087  
0.7327634771  
0.9217796797  
-1.538423441  
-1.874185094  
-0.4549813799  
-0.4822518471  
-1.596373995  
-0.3290456042  
1.16497207  
1.69667925  
1.401384672  
-0.3741317035  
-1.529010301  
-0.7774032889  
1.744609999  
0.1697040773  
-1.49418647  
-0.7730640219  
0.9443398001  
1.685763865  
-0.2987640284  
-1.951727416  
-2.052906672  
1.690755263  
0.2863551481  
-1.576134699  
1.406593946  
0.9805861348  
-1.077139371  
-0.9458430398  
-0.3386208927  
1.455979077  
1.203589839  
-0.6644530767  
-0.5491067609  
-0.9157502235  
0.6924213161  
1.01696318  
-0.8471932479  
-0.6575728739  
2.351935991  
0.8065560605  
-2.212426096  
-2.032276668  
1.270242628  
2.393612866  
2.313706564  
-0.7299514546  
-1.440735303  
-1.518089142  
0.4837766061  
1.995002103  
0.5434404474  
-0.4388352433  
-0.599922878  
0.7324880252  
0.8609324709  
0.08146323154  
-0.7965696865  
-1.118699233  
1.574675435  
0.6865402847  
-1.123665275  
-1.446064627  
0.6189412899  
0.8238123182  
0.4796852116  
-1.17272128  
-1.482685808  
0.04832258358  
2.549229217  
-0.4273188741  
-0.9832791447  
-0.4844211336  
1.460888335  
0.2655134699  
-3.019614348  
-1.591156174  
-0.5280489377  
1.760792729  
2.557095428  
-0.01736402936  
-0.4601737574  
-2.025692675  
2.068880749  
0.9910412022  
-0.5845754619  
-0.8395076845  
0.54618722  
1.7930303  
-0.858710491  
-1.549423898  
-0.6920605206  
1.114097845  
2.932524241  
0.2281358513  
-1.079056827  
-0.3743964176  
-0.4665182644  
1.44749594  
1.984432689  
0.5268470367  
-0.2381398659  
-0.5438467629  
1.816523318  
3.144905329  
0.7325668333  
-1.883070428  
-3.096901722  
1.464127608  
3.04117795  
-0.9288073645  
-4.063283619  
-3.58817725  
0.1635983086  
2.598703131  
1.137093377  
-2.379396048  
-3.428429092  
-1.01028071  
4.252962127  
0.5300215332  
-3.973967986  
-1.494616234  
2.890463493  
2.429267577  
0.6303662549  
-3.534613955  
-2.124513853  
1.173380374  
3.484802087  
1.995602222  
-0.8773375536  
-0.07617042434  
-1.343417431  
2.396253343  
1.99153867  
-1.010955011  
-2.302058332  
-0.6823134856  
1.875751163  
0.5540569644  
1.201194837  
-2.031262336  
-1.413994524  
-1.362653414  
2.504957961  
0.8448448695  
-0.7508100542  
-2.257456131  
-2.301528124  
1.423886047  
3.017367522  
-2.223297189  
-2.098117074  
-1.178797323  
1.7902484  
3.485292112  
1.732705493  
-2.400875921  
-1.706173509  
0.8325670017  
2.653301011  
2.24831113  
-3.649388972  
-1.396863137  
2.433133341  
-2.347780268  
-2.313242946  
0.7831427138  
1.485801094  
-2.088361879  
-1.031941882  
1.479921163  
3.155292907  
3.888500377  
1.399260143  
-2.034754873  
-0.6240576466  
7.517291253  
-1.565038355  
-2.313760525  
2.250520872  
1.32814861  
-2.89282696  
-3.282369637  
-2.211404827  
-0.527090708  
3.036201057  
1.639371615  
-2.561595391  
-3.771736412  
-1.381994341  
1.879384224  
3.020729279  
0.1532374408  
-1.373455348  
-2.472647914  
-1.554877853  
3.180749367  
2.706674781  
-1.670893568  
-2.408817093  
-0.1339738922  
3.142533024  
2.598227325  
-2.168780407  
-1.677965109  
1.687939436  
2.631505909  
-1.263266284  
-1.625833865  
-1.487122457  
-0.3154113986  
2.350961654  
-2.130541506  
-1.563256798  
-0.1421041715  
2.928306649  
2.828190715  
3.210914647  
-1.511182447  
-2.312478724  
-0.3294571202  
1.234398367  
1.788270952  
1.675266818  
-0.7356380407  
-1.246500034  
-0.8301057016  
-0.01652760098  
2.270417477  
1.52443367  
-1.99443605  
-1.807845795  
1.04152635  
0.9727567818  
-0.06467850277  
-1.885837343  
-1.743734428  
-0.1731696753  
3.870549303  
2.733904749  
-0.3247123086  
-2.118266432  
-1.71671776  
-0.35714383  
1.454471803  
0.04163452784  
-3.20442934  
-2.273749209  
-1.373259594  
0.8688085614  
2.733935085  
-1.499409829  
-1.970324297  
-1.424893784  
-0.7807673989  
1.033229951  
-1.771002464  
-1.72871439  
-1.66111144  
-0.5401221054  
1.471669908  
0.2482184888  
-1.680518128  
-1.498844928  
1.854148287  
3.885633692  
1.305042439  
-0.7422257427  
-1.477179849  
0.7685670304  
4.607756918  
1.061581284  
-1.077691975  
-1.9972211  
-1.705487951  
0.4453709946  
3.834774494  
0.270965135  
-2.269614344  
-0.7856189956  
2.606914014  
1.087724117  
-0.6201645324  
-1.643350965  
-1.274863866  
-0.3024043978  
1.27632816  
-0.3018301264  
-1.84891065  
-1.067682433  
0.6906378882  
2.541717893  
0.143879537  
-2.153147732  
0.07926776135  
3.763924071  
0.3609592902  
-1.556234676  
-0.616580606  
1.910304737  
0.3962783837  
-1.740481473  
-1.581577923  
0.1084287158  
1.751068233  
2.494641147  
-0.8149428333  
-1.706714474  
-0.515851735  
1.162328381  
1.697865581  
0.9353143371  
-0.7509700936  
-1.778409279  
-0.6260408909  
1.309394447  
1.680725493  
-1.19218068  
-1.902888667  
-0.9830816409  
0.08999023093  
2.715750564  
-0.2900903887  
-0.6817692346  
-0.9278682687  
1.330843342  
2.032324218  
-0.7872154727  
-1.173665511  
-0.8048299287  
0.04888287964  
1.44508036  
-0.343916013  
-1.346434715  
-1.266095037  
0.408657644  
2.152710796  
-0.3109578672  
-1.999343216  
-1.012763016  
1.47949689  
1.276918219  
-0.9742801852  
-0.8995647714  
0.953808127  
1.036720315  
-0.9336946322  
-0.706389483  
-0.5057778931  
0.6932458909  
1.892514094  
0.2344563394  
-0.9398861208  
-0.4904703863  
0.06736190918  
1.68490587  
1.932336418  
-2.414561124  
-2.431025803  
-1.721128226  
-0.327384419  
-0.4381936244  
-1.432957853  
-0.9272376226  
-0.7672701753  
-0.4325076862  
1.249437862  
-2.326938426  
-2.072363093  
-0.1949316254  
1.393045666  
1.686534989  
-0.06542308316  
-0.5960063647  
0.4586748237  
2.912281927  
1.726373385  
-0.009025369461  
-0.7372568458  
-0.882764071  
0.3130942794  
0.5458955797  
-0.06863305295  
-1.497139287  
-1.551056014  
0.6879032035  
1.827897891  
0.3873462473  
-0.182470711  
-0.9952312571  
0.3336032664  
2.201477157  
1.291065944  
-0.718355129  
0.2461424614  
0.1041087004  
0.9451441972  
-1.416855078  
-1.464118625  
0.2677497129  
1.284488395  
-1.186858373  
-1.140266434  
0.7644510862  
1.684368256  
-1.96347457  
-1.672130728  
-0.06368815926  
2.047734282  
1.591596589  
-1.129109932  
-0.26042184  
1.583149803  
1.002527676  
-1.908907758  
-1.545003199  
0.1660974951  
0.4785408066  
