23.72001935  
428.1661043  
560.5070871  
5549.909242  
3480.608894  
3928.352997  
12932.46442  
4381.750871  
26912.54751  
12205.49736  
1554.200445  
8272.427929  
17302.63138  
18615.69883  
5818.859842  
2504.762114  
12994.65666  
4308.107817  
2605.569552  
4337.312823  
11016.65734  
1892.571042  
34293.28722  
5952.777701  
2098.556876  
7492.990188  
12357.79964  
11999.58273  
18007.88101  
1134.148849  
6098.82697  
11384.87766  
7193.0094  
14758.25276  
4646.341146  
5790.455958  
11638.13729  
2513.484878  
1658.115737  
6911.448299  
3018.110054  
2888.572054  
23007.2587  
11456.91793  
576.0028689  
938.7896245  
4821.203509  
816.1779022  
4385.257055  
6770.444953  
3294.63459  
6552.497095  
5756.867283  
1332.312693  
4072.609694  
15774.66147  
3649.402077  
9079.847016  
2482.997735  
1652.595486  
1029.184754  
451.413781  
7113.223121  
3825.578236  
11686.98214  
1757.327139  
4770.464237  
1347.267459  
5095.605302  
306.2634642  
8635.725169  
3541.115538  
3530.79969  
3385.931341  
10373.13505  
12687.08004  
4232.45887  
1058.141278  
5245.250673  
1886.196593  
90.59107628  
3100.597984  
2024.536564  
783.8019467  
960.4390719  
369.8006151  
2698.307105  
9368.712687  
175.8703237  
1207.995721  
1566.686529  
868.2946413  
2628.506888  
2005.026887  
2324.277057  
709.3440004  
200.8366432  
466.6744217  
1729.13064  
2392.763195  
52.44064667  
7344.533405  
10759.4809  
1435.356863  
17566.05123  
11324.43537  
2189.130369  
933.3177491  
4514.263046  
10974.65227  
3726.011427  
8313.683909  
47.00593861  
1061.186071  
659.4496201  
79.83207651  
8740.393801  
3664.922961  
261.7469364  
4058.58493  
1376.0031  
1638.973152  
4987.088587  
4973.207243  
2457.398367  
197.6930894  
1665.558524  
11291.61046  
3798.777153  
1107.404742  
604.0287277  
1141.134628  
128.0808091  
2849.97486  
3424.221396  
590.0840851  
1185.912364  
3065.857858  
4646.36151  
289.7892596  
1557.912288  
670.9717416  
5731.236058  
453.8140782  
382.5278408  
736.3192857  
11960.03306  
3971.217867  
14003.47337  
333.5259025  
1432.675458  
980.5712472  
292.948423  
667.7268487  
457.3552553  
2568.479866  
475.8330419  
1374.14986  
358.1445944  
57.3945126  
480.0732485  
3185.913497  
219.2940651  
2924.779796  
2094.949496  
3032.530396  
895.4457218  
5127.100131  
4714.677024  
990.0139726  
3602.054635  
693.0367719  
5489.053567  
1022.055103  
2906.046972  
398.9206749  
2313.425656  
2002.438038  
1262.563215  
396.3430977  
1293.413538  
628.2614645  
3781.795463  
2815.974655  
2245.952942  
2860.512649  
29.4701333  
202.0357964  
61.82337419  
767.9809751  
623.111837  
807.9229945  
153.8302425  
2605.359244  
50.85557781  
130.4703818  
1878.348363  
185.1267706  
1133.295743  
2416.213951  
1824.954087  
2.743375502  
1700.052754  
3996.30238  
1096.217646  
75.37486541  
1839.727762  
5912.972205  
13.70963019  
1638.826924  
260.4855416  
128.0619251  
978.8160466  
97.03320562  
290.6086136  
2048.586478  
866.5201925  
1790.427669  
440.2338376  
1046.256826  
2846.180692  
87.33720759  
262.3075971  
1193.64688  
437.887907  
5555.23577  
287.0465547  
551.1585834  
3279.587127  
3648.321507  
1325.146393  
888.6295694  
341.210805  
92.19167239  
991.5980803  
18.46682932  
422.8820647  
288.4403364  
166.0125985  
818.1905842  
1976.501734  
388.990914  
504.715314  
139.3070713  
4763.820712  
581.7865583  
1997.040877  
332.9100641  
904.5142424  
434.8444822  
127.0241684  
382.4492187  
857.0980233  
1658.599684  
392.8506422  
967.7710366  
10.89548036  
150.8631954  
221.4760674  
1292.729097  
580.4467329  
1872.689822  
714.5687747  
664.7177062  
115.4429666  
24.98733976  
195.4370767  
19.94340839  
514.885329  
105.4796412  
34.56766015  
1125.465721  
292.9070351  
46.23786901  
380.6316325  
843.940777  
8.881370781  
205.0627668  
1234.421517  
383.3499195  
9.07405132  
1360.483034  
574.4529801  
259.6005852  
587.216077  
260.5054879  
1520.631834  
1048.340394  
455.8679058  
1122.432866  
1142.148516  
248.5098414  
525.0630644  
449.2686145  
3533.249414  
