139.5439531  
947.8249932  
16601.37218  
8074.021961  
20052.85486  
12365.43277  
31524.18025  
46630.57482  
64577.71835  
32518.24365  
35133.04463  
41456.67487  
1520.708938  
8363.081745  
13739.01262  
20735.02182  
15444.14321  
45931.85903  
11507.24361  
10227.64408  
32323.91102  
44502.83045  
21576.73731  
18110.10368  
17429.27466  
1757.048152  
47795.43126  
27909.5248  
3281.371615  
34552.69261  
25841.21706  
2435.469071  
4812.847458  
3848.51437  
3593.167096  
1424.983774  
10331.37335  
29000.00835  
236.0148768  
1562.747108  
9592.332991  
588.1048571  
18942.9107  
16178.27893  
7843.777475  
12096.63745  
5120.181853  
20692.70981  
185.5104494  
6040.75057  
11006.57369  
20309.94645  
10986.80679  
7274.234044  
11696.50983  
6398.993543  
429.362072  
43931.23784  
6954.461521  
365.1284355  
3990.548994  
7403.727933  
3831.10652  
2499.413136  
6962.273302  
25728.23348  
9556.466043  
10130.40449  
5921.072497  
4854.304923  
7303.236144  
428.3394169  
5160.612293  
5255.389517  
6317.652522  
4151.795034  
5814.70608  
18192.30851  
2861.364288  
8795.844199  
2237.034448  
1946.118966  
273.3765376  
546.0291906  
2683.86455  
5245.11471  
4205.863616  
5116.953791  
2689.739472  
3591.499173  
116.7589435  
474.2110019  
3395.829232  
1203.705803  
157.987684  
9130.688227  
1989.914324  
1180.870493  
3293.505255  
1332.112768  
3001.212873  
955.5240598  
48.54678817  
3431.831715  
10237.74869  
2858.823834  
86.08923642  
2346.077619  
2768.460996  
2093.718856  
334.268133  
342.531421  
2218.173269  
6012.308006  
175.8778  
1198.591182  
10748.05118  
3450.750182  
2071.77445  
305.1943287  
4419.669997  
3602.754129  
665.6352279  
1163.389134  
3382.261516  
5437.006668  
4265.609238  
860.2713024  
993.5613362  
6341.264977  
2281.833408  
39.16810993  
1563.797296  
5453.8681  
1783.125376  
1769.496478  
3408.415629  
89.93687316  
1147.7368  
802.3988977  
636.8267557  
99.82251468  
4645.431798  
2335.926889  
3260.279805  
1070.750708  
1987.322268  
6404.491528  
334.3591636  
472.2262106  
400.0204988  
2088.943409  
1007.007139  
1723.064272  
3072.316876  
707.5499948  
69.6574143  
107.9109958  
4326.008758  
41.8216488  
5704.940947  
3329.498394  
4823.364882  
306.5839805  
2018.839081  
797.1798438  
1306.238521  
1366.324437  
1153.012554  
657.1581456  
933.8273716  
1299.520708  
1921.783395  
2018.11071  
599.9882845  
763.7894989  
1951.876351  
5719.872482  
1705.409154  
327.4640395  
276.5011164  
3299.672758  
3561.775218  
1218.48132  
4824.545956  
1367.671496  
756.7849119  
1989.302517  
1055.876551  
597.3098969  
1127.339311  
892.922339  
97.5974934  
81.32796943  
3018.625887  
328.1507273  
270.3593777  
71.09928977  
1082.945989  
18.94959754  
62.92747831  
991.9171098  
1035.054295  
486.0867341  
44.94463877  
363.0476031  
499.9290631  
1396.79129  
194.698466  
133.8766286  
58.44604201  
804.6809055  
310.6344366  
1440.607951  
227.4881121  
750.9156759  
365.4670165  
996.8277815  
130.6323817  
259.3404816  
569.8509901  
457.1749716  
1184.905056  
55.50853542  
19.13307477  
321.4409158  
58.53664674  
528.8065178  
13.04139434  
353.7713434  
210.1306478  
154.7993959  
404.5306405  
113.2755978  
161.9761129  
90.64370289  
45.67542627  
128.630809  
99.74662631  
486.8559437  
126.7776759  
144.1988931  
648.4363187  
415.7918705  
58.70733286  
18.57233653  
333.7253735  
5.316284147  
626.6644182  
324.4313749  
67.88757324  
192.6086189  
612.0696795  
0.6459962168  
24.20278528  
146.3203279  
108.6450665  
309.9823976  
375.6350865  
616.2615249  
1205.582411  
6.854503453  
92.05981861  
72.03844175  
43.46282542  
131.7995381  
2.927742825  
87.45485458  
204.1538965  
60.20949046  
349.5531591  
75.49368215  
283.570479  
78.31790675  
207.7231557  
40.7002549  
593.8204596  
192.0596933  
119.1877044  
37.16420317  
613.371984  
181.8632148  
149.2950266  
394.767077  
401.445714  
73.74893639  
196.3413655  
128.9237452  
273.1618292  
25.69898898  
155.2237062  
22.86886023  
194.6255022  
38.40107667  
131.1466349  
