901.9360411  
321.3306701  
9022.231385  
1142.762444  
12430.75929  
56162.43146  
19180.05266  
69098.00928  
2252.409201  
920.6662512  
212.9542023  
2424.852911  
2905.736717  
14154.18366  
4040.586393  
7020.446635  
21937.01017  
10059.81543  
744.4961725  
3956.339629  
1447.151874  
6691.644061  
7455.62997  
379.5611709  
23536.31898  
7165.44678  
1317.583613  
1321.868475  
599.0845473  
1289.849356  
1868.947635  
4135.501396  
1873.307352  
2663.12543  
3136.127807  
10395.8622  
4041.802198  
4309.103414  
2824.653774  
1514.561488  
1785.032894  
443.2080198  
5914.366843  
2525.997465  
6256.332218  
220.6916424  
3284.572607  
2117.729276  
3777.218459  
2947.58319  
10302.19149  
796.7123726  
409.0560965  
1204.35162  
454.2747467  
3342.926475  
488.1086026  
3068.347816  
2199.673696  
1420.658498  
3019.045226  
2844.095184  
129.4913078  
10920.80859  
1745.434582  
6026.608158  
1730.645036  
1695.585876  
3675.066228  
3669.664499  
1383.290726  
1102.466811  
3912.405934  
6297.756238  
2658.276503  
448.0222095  
335.828549  
11180.72914  
5839.279211  
931.8465753  
63.05415148  
3480.581038  
1069.289869  
1867.22308  
2705.2401  
3243.320428  
2956.449137  
6193.080001  
1038.907198  
2711.157497  
1270.664068  
3186.186636  
2774.891052  
1046.843271  
651.4681019  
14615.45316  
4371.186073  
3378.201673  
4606.014001  
161.1947571  
151.6316675  
2677.693748  
10262.0918  
3179.645991  
7972.103905  
1349.266761  
102.8560317  
5758.449326  
7372.594206  
2263.569781  
451.3488637  
3202.800073  
1083.758732  
3818.952649  
206.3246618  
304.6320031  
1245.054551  
1668.403284  
316.3002528  
462.3463517  
487.8929701  
5205.740329  
2786.08786  
612.9029639  
1955.10635  
3610.727583  
4314.075883  
2755.48134  
5292.295745  
5423.132644  
3478.63717  
1200.156979  
3112.730203  
5018.496026  
3820.47597  
2120.610972  
4773.208837  
1997.295484  
4493.595119  
1014.597339  
2399.448043  
1892.375859  
9493.197903  
1087.994689  
1793.992955  
301.768753  
6627.73221  
1852.592927  
682.2949981  
5132.633705  
1341.492627  
2196.065343  
2115.554114  
1708.761007  
1936.128567  
392.4907923  
146.8683067  
8.863349566  
2790.976849  
911.1353289  
2205.304975  
1917.237351  
890.5571378  
19.4925443  
3858.219501  
1847.807862  
641.7475989  
1246.130781  
4848.222449  
345.1167348  
790.2601908  
380.3341268  
1801.59928  
634.5569925  
2309.895754  
2393.553898  
332.0548926  
5306.624375  
4854.140127  
1159.602579  
1772.766794  
3145.89202  
3390.432856  
446.4633875  
1832.147451  
2821.570446  
416.1828204  
419.418795  
3628.667091  
276.7307742  
3079.987429  
212.9378876  
16.13905506  
421.410235  
3836.058036  
1318.815354  
558.3197275  
754.6784706  
2298.93868  
1547.585687  
3070.860854  
456.5492179  
832.3471181  
345.8149014  
1861.648419  
518.3435693  
436.3351517  
492.8259806  
946.565253  
490.667975  
457.6542684  
2425.891317  
508.8508677  
1755.078563  
3307.902431  
884.8967185  
1480.822653  
2066.770205  
507.1512802  
1634.717655  
1990.568739  
3388.568749  
4290.215352  
197.1800242  
3822.394626  
1307.168523  
1467.044613  
268.4711058  
3492.725718  
2167.171414  
645.4925806  
721.0472698  
2640.478378  
1019.350242  
0.8403734341  
209.9131204  
814.9351187  
653.3052347  
832.2818661  
611.8488341  
790.1740387  
1405.83493  
941.1040851  
878.4141417  
1264.506789  
379.575798  
4204.052468  
1238.793193  
2764.818518  
606.6439112  
309.319531  
2816.854312  
5711.966277  
2297.735981  
438.4474591  
2808.423089  
14.10482052  
2146.550175  
1667.511755  
1479.309475  
5962.657643  
353.8692759  
28.92270608  
285.5650675  
349.999384  
3633.129533  
327.7381836  
14.7068217  
1298.959505  
2052.224815  
688.576169  
83.30133671  
1712.622338  
243.2139582  
827.4948861  
298.6985972  
859.5611875  
509.8386158  
114.5010851  
490.1710777  
2986.979621  
1333.862033  
332.2459282  
1289.159459  
4112.314782  
473.515719  
190.4621695  
271.585703  
1276.864566  
406.1757488  
226.9757962  
55.9483059  
894.2167175  
563.0747947  
668.8094476  
