22.78139648  
94.89181397  
387.8083444  
1166.125434  
4338.506904  
7413.463169  
4179.788341  
6644.819112  
1549.728954  
776.0696083  
907.0552988  
9606.201058  
726.6997559  
2324.453865  
338.9034273  
3143.279566  
3939.549171  
2115.16051  
839.4121567  
251.3560849  
216.0875476  
523.6321923  
2489.627306  
122.425386  
788.3591703  
6295.699706  
2277.227561  
3274.733166  
4526.522152  
172.2839911  
1278.803771  
1017.449678  
499.5916104  
888.9479007  
418.5875434  
4.221614473  
79.65713666  
680.161646  
26.99171419  
327.2604908  
178.8765743  
799.4488747  
3015.187828  
211.2865158  
5022.30098  
4303.103847  
102.8331786  
3704.769035  
241.3899031  
3200.950625  
581.5714571  
1182.149795  
1375.835729  
279.6007216  
2063.091411  
103.0857531  
3728.377398  
2877.088559  
1408.954669  
1655.536464  
2367.541275  
1096.466276  
1707.85126  
2912.92705  
593.9009687  
900.951076  
1970.909735  
4151.437176  
457.0872352  
444.4980567  
682.151893  
1828.349235  
87.95951701  
2412.402702  
37.90794347  
738.6508164  
681.3929012  
1266.498206  
209.5730621  
544.1335026  
3604.804079  
4879.21478  
1140.960899  
1203.039335  
828.9414308  
1344.153598  
590.7578574  
952.5787669  
1545.097196  
1670.841735  
895.8305528  
614.806748  
451.117365  
2611.043359  
998.8113057  
2042.232903  
1347.842368  
2864.606828  
1470.526528  
445.5400929  
33.03481795  
7.957652165  
1496.648706  
960.3932971  
2473.959205  
951.0966991  
4488.313104  
3167.673703  
985.7568747  
5035.034806  
912.999191  
1648.811835  
1751.319257  
4945.190874  
5012.934548  
1784.75967  
89.19601217  
747.7525669  
813.0138686  
493.0604881  
626.9275964  
571.3330873  
0.2036307429  
11.72156158  
478.4614871  
2008.029561  
378.7670961  
275.0998095  
637.0781553  
847.3662747  
1258.490961  
610.8831717  
1071.906212  
3069.591685  
327.0792699  
1114.826203  
1386.181007  
383.0337537  
2168.461913  
61.33021202  
2716.132366  
730.9318831  
2733.376133  
275.4654201  
457.794632  
483.7702127  
3744.905663  
788.4974398  
29.96285353  
263.1284074  
1241.357921  
213.6990973  
484.683812  
169.8738065  
660.4595551  
193.4256754  
14.36806552  
87.34167807  
166.6473357  
1330.245931  
1415.668615  
136.8661082  
123.2548855  
229.7123223  
1199.114263  
370.8725703  
562.822453  
1091.030334  
2101.442786  
866.02474  
792.0663279  
208.1738934  
4349.391267  
43.36016764  
230.9140187  
1510.717856  
227.4943169  
1578.037347  
1461.420778  
389.6470811  
391.9884905  
248.5430584  
360.4928485  
76.15319587  
2382.930378  
645.2394351  
274.4993835  
264.4035638  
1315.886951  
4.736527914  
1838.418109  
241.9672851  
71.9520133  
703.3446044  
1176.120586  
194.8177687  
773.7357673  
985.1463466  
391.6191645  
674.680041  
93.5319724  
400.0554215  
1005.589001  
904.5205905  
25.81695383  
209.4036152  
1478.00863  
342.0473223  
1425.490597  
65.06276787  
647.0240707  
3.106313254  
387.0741314  
523.0203938  
1462.085956  
472.964576  
254.2083408  
504.5477816  
53.76130533  
169.9021486  
14.50347251  
70.53371909  
1601.484404  
39.17035904  
211.2100321  
387.1932128  
455.5659691  
133.3961727  
924.0798477  
1118.336025  
1299.464145  
77.6700294  
41.61891098  
39.56757616  
777.8932097  
67.22994313  
111.0902965  
198.8864737  
405.4137923  
63.28153175  
1276.859668  
231.9978211  
22.80491464  
269.8348327  
72.01633755  
523.1260219  
466.6867067  
32.82207305  
498.2754875  
164.5533524  
686.205493  
733.2169505  
1327.080427  
551.4340304  
17.04428111  
732.9624034  
333.8460233  
1263.182624  
572.4697778  
507.8440574  
2557.535602  
410.4511198  
548.3903532  
354.9663595  
274.2374791  
336.1666498  
126.4002936  
280.3073384  
1052.797567  
1215.29353  
513.4795801  
751.6820087  
608.1854435  
1.418681239  
633.1817137  
291.4707466  
703.2205464  
638.388059  
213.9474702  
321.354576  
1017.096709  
765.6508235  
113.1022193  
15.45693687  
333.2189748  
88.5263851  
32.80701072  
717.6467988  
322.4129146  
334.2688868  
974.1206439  
124.0191405  
792.2199198  
1089.064889  
639.9335176  
