57.26155849  
67.08754022  
587.6048898  
607.0466817  
4437.06106  
2566.75594  
4667.054014  
3238.320191  
3071.094634  
39.27282048  
812.4013383  
2708.149091  
92.23308981  
222.6445803  
809.384555  
1466.196037  
309.1926217  
394.7059898  
1739.727803  
617.3807476  
445.7792926  
823.7391658  
319.2235546  
449.3258421  
537.3534899  
899.0571965  
426.5616449  
3696.345536  
2516.699561  
256.2391706  
579.5347854  
3359.234723  
1760.585448  
603.2427103  
694.8284614  
1516.94813  
2767.950229  
569.1127935  
1349.576197  
3321.74534  
141.8421282  
2087.372598  
813.7846448  
222.8164114  
370.0669543  
900.4545111  
1777.277422  
2703.756961  
1723.737596  
175.8321576  
720.6922457  
353.7513082  
96.43247443  
2871.144758  
75.66862856  
599.0883173  
34.64010834  
1067.199574  
3099.596611  
474.8530917  
1465.016711  
405.345882  
2145.284309  
195.89584  
3270.700637  
552.7634585  
498.8606211  
2042.746193  
7965.018863  
1770.03289  
5794.453883  
1437.82881  
2205.046853  
908.9178909  
1968.774546  
3616.999472  
3455.877043  
720.3947637  
1440.530409  
8127.715982  
1579.141914  
463.2498303  
1220.67222  
3970.082691  
2180.46678  
672.1677712  
287.7347551  
245.4797612  
2072.220437  
2528.73675  
514.9716442  
1107.549846  
5196.555142  
665.104852  
171.1695285  
392.3261048  
3430.075525  
2677.957376  
2467.927863  
506.3638356  
932.129796  
293.1202983  
465.604667  
173.7068973  
667.9426603  
840.8521261  
160.7469469  
1886.879412  
1093.056066  
115.4539016  
939.0435738  
184.6622955  
1271.562298  
797.6088392  
288.8542422  
52.21175618  
5223.103224  
1795.383057  
1308.347752  
708.7506129  
452.6966845  
547.2021277  
923.5993845  
311.6072787  
400.4484059  
4138.025607  
27.68912788  
1058.577638  
553.7791019  
90.89062882  
879.6230493  
983.2940348  
172.2498259  
441.1310533  
1557.336653  
1017.755748  
5468.0038  
1208.110942  
203.9005512  
119.3500907  
3188.474822  
743.171631  
115.4048225  
1738.940737  
1809.416557  
1081.857657  
164.3190403  
1552.63911  
605.347658  
437.9007407  
1086.908558  
570.4520512  
311.9528056  
849.60786  
338.6623719  
193.1484362  
640.874322  
378.102196  
299.7045101  
618.637166  
6.733327269  
392.8238036  
2064.407694  
650.6628252  
224.8741402  
375.5981282  
547.8725205  
233.9573124  
140.8659745  
405.8410894  
355.6592749  
333.6391104  
2151.693485  
815.2740987  
411.2854672  
61.1611961  
480.8393312  
553.1098832  
754.4239506  
103.109818  
250.1181158  
1956.474357  
468.3278807  
492.0804356  
180.2657921  
1104.678153  
1062.20994  
469.6311351  
79.26193711  
238.8377205  
57.41817109  
123.5479609  
291.880902  
738.6045155  
360.2750649  
1033.864893  
258.8606609  
116.6043928  
210.468903  
179.6384294  
284.5025061  
233.6664113  
117.2397283  
433.9301704  
1456.641602  
683.8356484  
66.74900022  
111.620208  
930.5711566  
104.3855125  
1564.042931  
449.0208502  
347.0360084  
174.6581097  
124.5952284  
318.3274094  
85.06982569  
62.79976453  
249.1608796  
152.1319885  
153.7908707  
353.6232211  
723.5542963  
66.92797609  
1093.883611  
990.891753  
989.1429508  
36.74528626  
541.0843187  
702.2636926  
299.8651909  
953.4401038  
20.22432986  
267.0006342  
104.3205372  
74.71601938  
45.7919342  
203.7129835  
138.1450464  
419.7673028  
176.5733507  
464.3367633  
840.5047291  
121.9829171  
461.7714367  
829.9583293  
571.8513028  
219.2473428  
221.8938533  
9.065935791  
37.26856355  
962.1652898  
130.6663394  
253.3011417  
71.83895358  
346.0811159  
385.919237  
205.0952886  
453.4505245  
525.1460178  
805.0124427  
421.302992  
109.5746316  
127.5685979  
163.0672631  
138.8592236  
888.8592474  
565.7299099  
68.7243837  
17.33803636  
70.93838804  
359.5737204  
272.230963  
33.71274893  
54.30986951  
763.5361741  
785.8884527  
881.2836568  
578.9325888  
222.6138205  
500.5752312  
145.2405587  
1172.902599  
967.2501597  
633.8162553  
69.6834412  
276.1719422  
384.8187178  
696.2217325  
125.4779896  
587.10002  
195.1300748  
620.1029848  
246.074885  
1586.435792  
