82.96069276  
79.62878144  
1146.835809  
1404.315819  
957.481256  
10070.48777  
12621.53213  
9863.969076  
11389.46214  
5354.777061  
2024.132416  
65919.52704  
8752.265219  
22734.2835  
4879.553045  
2911.203609  
13600.27157  
12204.65767  
12757.93758  
16825.7323  
17305.54575  
838.3244567  
50993.06497  
7497.247132  
590.54024  
13799.20562  
16520.71192  
7369.581421  
13909.90871  
18416.25999  
3077.016287  
770.580123  
4874.630816  
1294.458134  
13426.33555  
25748.83688  
8496.7875  
18131.12134  
10892.50836  
15332.87545  
1389.26329  
16182.29039  
12467.57142  
14226.76492  
5244.458753  
24348.52156  
3209.928253  
7452.183491  
4074.155356  
4403.229185  
989.9190906  
1001.85465  
884.8278578  
2941.258871  
8488.747958  
9844.062378  
2982.08251  
18130.85859  
1636.826586  
301.3701078  
2972.693099  
1712.647835  
439.5949911  
496.9742949  
1694.13842  
1474.842879  
1359.635765  
3819.105327  
2234.117069  
2118.194939  
1.549783812  
1987.787514  
6572.039339  
462.4879962  
399.6769305  
3000.614631  
4972.839799  
811.0992308  
3849.890024  
3243.743821  
1743.355764  
3233.595794  
1672.080783  
7406.279605  
1558.374809  
50.2801371  
625.041245  
9925.205434  
1189.825994  
2326.489314  
931.2074146  
7648.018806  
1698.547455  
1030.538339  
31.86501274  
1035.728251  
238.7411562  
2670.957084  
408.6756809  
79.22485364  
250.8250094  
401.2138139  
71.98461808  
305.393265  
1421.950247  
1642.96697  
528.4356814  
1688.633877  
2736.008116  
428.6722273  
1208.39586  
1540.556121  
1620.808623  
1310.221916  
1319.663703  
711.5174995  
3927.85923  
5511.072562  
4822.589578  
597.3877666  
2766.015072  
2463.359199  
31.80541171  
312.0113225  
2100.638378  
1470.549991  
968.5491537  
94.04961183  
1160.680525  
8714.935392  
100.802908  
2766.570422  
2501.967466  
2682.035727  
175.0776693  
586.6581359  
2958.257294  
159.0591693  
1243.559868  
1025.336836  
3649.349679  
828.2018878  
6591.168319  
426.0369325  
930.4864555  
1534.146502  
5038.002064  
1331.818716  
1147.80985  
846.1129078  
19.94716607  
185.9664874  
197.7724341  
406.9368837  
298.7797441  
49.16043244  
61.3175598  
321.7522591  
1074.895655  
648.0964063  
3707.788905  
2793.159503  
1770.408821  
656.6682787  
1943.730416  
441.0413979  
2182.693591  
1990.028708  
892.5287607  
42.92542024  
1292.452458  
242.6826977  
280.4309096  
1835.595197  
146.4712677  
578.7363809  
254.0988599  
1621.935445  
708.3810926  
113.0322467  
241.4275495  
3340.274821  
1641.800164  
462.4955971  
1705.247702  
262.4052375  
361.380175  
204.7857715  
106.635713  
261.2821643  
135.2203662  
369.14414  
356.6715199  
13.90372811  
226.7275353  
121.4881895  
228.7306902  
128.6294216  
58.12572853  
81.61178574  
1250.918489  
673.5856747  
378.4357114  
223.835315  
326.0363314  
65.13594728  
242.5545074  
596.7682262  
98.90671732  
49.51114376  
33.99164353  
315.8525867  
78.22174218  
1173.46563  
63.15944324  
61.06774712  
178.2401554  
38.02843085  
92.2308974  
245.6778693  
101.5307091  
344.1792533  
391.8952094  
97.14084418  
53.88381644  
265.866429  
102.1997525  
192.542883  
83.88743808  
186.5891884  
743.3968813  
25.86525699  
405.8752747  
77.85580538  
109.9347479  
36.73968614  
135.558989  
21.22872646  
30.39052759  
353.3075175  
344.1802849  
232.300208  
3.463871787  
189.8095901  
65.2548233  
102.4719426  
68.88907803  
56.51104389  
183.5722082  
64.41484815  
173.0472404  
585.6532959  
223.9165946  
10.44417694  
144.3401617  
230.6549408  
52.00783153  
212.7364246  
645.7884433  
195.6022307  
408.441532  
53.42388693  
314.6428911  
113.9238453  
6.730956112  
88.48985262  
163.7571866  
116.4077787  
267.5213735  
87.70207819  
23.76352705  
149.7696076  
181.0702061  
6.844488363  
393.4073796  
94.6349329  
411.0803742  
74.66628023  
184.1185194  
127.3394353  
226.5579744  
548.8145617  
35.68170002  
611.1762832  
283.4252142  
9.158743394  
108.8766511  
97.13097156  
215.8320916  
24.22834476  
158.5144461  
38.07735509  
85.24156914  
198.4719113  
143.4745796  
