132.4386901  
1309.462671  
1421.271666  
4373.501551  
5820.264574  
5511.198418  
15634.45373  
4315.584431  
22843.9627  
20358.19266  
2049.42961  
4345.560827  
18479.99919  
29666.68676  
7263.593139  
4101.503394  
14963.42422  
16363.38881  
12498.15767  
4198.685307  
7713.617735  
6420.477214  
21620.19724  
18140.93177  
2478.463007  
6290.633565  
6702.274406  
7504.984599  
10365.91749  
4525.38206  
7526.771027  
4377.122086  
3734.545844  
15967.86722  
8097.54289  
10841.55737  
27118.62079  
13364.288  
4314.240909  
11794.11786  
9374.691384  
2172.027419  
11419.68345  
3402.457859  
2716.859332  
1490.325905  
10959.29935  
665.6554953  
7598.737655  
3863.286909  
1106.053242  
2494.824375  
2899.222374  
4623.553244  
4428.380388  
4886.220478  
3670.024118  
3764.230022  
2860.003189  
921.1074769  
1970.15985  
89.04492879  
7522.352861  
10738.32309  
5844.968727  
534.1298833  
4314.558183  
4727.593915  
1578.89687  
490.5125665  
15752.62967  
5365.723697  
3039.272047  
3112.820203  
7524.511752  
12510.33373  
856.3126426  
4115.109642  
8347.038798  
3607.587695  
918.5094403  
2394.834359  
154.912568  
3279.507668  
21.85678963  
2375.887069  
1773.723686  
10213.07523  
6635.997268  
824.4257233  
1232.125306  
658.9382736  
6307.796536  
326.1875995  
1798.441941  
2202.583859  
201.6622752  
983.4714457  
2187.815607  
5414.093236  
3992.555596  
4518.061648  
389.8186841  
8458.514645  
17597.60149  
11061.68445  
3163.946446  
1775.861439  
15296.76158  
2302.041021  
1257.227237  
4721.475244  
108.9706913  
752.1602649  
5353.004118  
624.6766859  
370.8777952  
2266.408028  
265.0799412  
7779.513883  
1388.974658  
2482.423207  
636.3407679  
2545.954314  
986.8590789  
3591.377829  
2169.201157  
8000.034622  
833.8882876  
1757.732662  
72.66062639  
4137.332807  
363.0839562  
3201.720872  
645.5844386  
2338.350207  
4130.650062  
2182.996959  
6274.063585  
926.3686581  
945.4721206  
2055.495479  
7742.67808  
1181.843012  
1479.53942  
2802.811514  
6471.490098  
3647.033047  
9929.909014  
4267.937599  
1964.567201  
672.8224817  
343.6328195  
314.3384736  
1722.824012  
977.5011126  
175.0428121  
2263.507803  
252.5672593  
680.0248789  
635.9806509  
5967.284934  
3932.77712  
4383.555968  
4331.59932  
7354.464619  
2643.434554  
4201.774351  
4216.138556  
1105.70795  
2576.985369  
3597.640536  
5780.930955  
3417.05463  
364.1446466  
1223.103984  
3458.811983  
151.2107704  
1627.863269  
2197.979118  
295.2929833  
320.5356329  
209.2344068  
6444.732622  
1649.21808  
347.8873462  
212.086486  
184.0076389  
1017.263741  
1341.743802  
961.8772832  
2017.477114  
485.9218589  
405.1623009  
564.7042944  
797.5888258  
515.5222563  
3197.919217  
2372.685042  
1070.674782  
151.5556962  
42.73124616  
1896.951235  
3570.469042  
2052.846343  
381.0339477  
2430.211045  
1949.854718  
139.2293564  
2704.074254  
1491.722729  
733.6972424  
1193.201333  
543.8031264  
920.3745233  
869.6991531  
1051.237304  
1611.506774  
625.8873055  
385.3836333  
599.0262022  
1297.460959  
0.4080488008  
1014.739876  
1216.173269  
3030.970723  
3053.217562  
45.80948498  
1918.509441  
1701.920664  
2440.849669  
1406.363725  
42.64067019  
1474.157801  
744.9611647  
467.9872806  
241.6137282  
1326.259227  
207.8253512  
980.9024504  
1458.380945  
392.6525428  
417.728237  
1185.285105  
1964.569422  
2227.083493  
2285.955238  
605.0340028  
173.1717454  
67.1477207  
655.713595  
743.1805887  
1510.897956  
927.1778611  
768.6948818  
628.2621361  
82.31675687  
678.4644627  
1416.224776  
1433.612855  
782.8748503  
2109.102658  
1476.610178  
491.8214137  
78.15298292  
685.5772357  
1017.945969  
370.1188143  
639.5487995  
170.28666  
616.5424105  
363.6302468  
251.9436771  
240.6484032  
76.79594615  
35.07162867  
85.45764733  
372.9508822  
355.5545735  
354.7094826  
35.73189946  
766.2206982  
269.9049447  
209.5015548  
640.7724685  
309.6966777  
3269.134472  
174.2552803  
236.6867777  
2201.641364  
815.9744115  
193.585399  
1334.975239  
1734.440548  
2327.610375  
