31.27738834  
108.7470134  
55.64147199  
2935.652122  
24.56072177  
8641.625966  
11104.62519  
10259.31898  
7620.6656  
10642.81752  
12630.92501  
19971.56631  
7768.653987  
7106.943571  
15083.9812  
4326.120523  
13251.69114  
7900.587125  
5899.725794  
421.0953851  
4562.079788  
9400.819694  
8567.234987  
8185.927875  
3754.860246  
7461.168229  
14737.84221  
4384.491727  
3060.422744  
3010.54852  
1268.208468  
851.1313429  
1290.81127  
1115.702264  
77.75676741  
4507.479617  
121.5740172  
10349.35667  
220.8450012  
671.9961499  
1135.033594  
2301.225112  
5609.430674  
4711.733  
496.8772826  
8676.396873  
3641.572211  
5449.059015  
683.7257982  
791.7633032  
1117.784467  
1833.183956  
3139.49373  
764.7501907  
93.27073466  
404.2570062  
810.9680161  
4278.952696  
641.9942234  
1660.144335  
1539.623599  
97.65171707  
1713.608603  
3505.903642  
4101.558772  
8.714616591  
312.0209734  
129.8509771  
2722.659412  
2081.262003  
1095.375992  
743.267662  
5133.071767  
954.9464532  
1468.50167  
307.5972224  
6454.749239  
3202.955288  
71.0028639  
526.8092732  
318.4076306  
2733.822052  
787.8746327  
489.4464071  
341.9651556  
53.76146519  
409.0788641  
1338.171162  
1901.177539  
66.2057546  
2166.790344  
27.53497671  
43.30095296  
3062.440496  
262.0265447  
855.2854788  
862.4251361  
3856.692383  
211.7982714  
2196.035172  
133.4881021  
1115.269662  
115.6338664  
710.4135192  
1146.143413  
2614.33383  
1228.919747  
21.93033336  
1494.228897  
412.4502183  
1579.197529  
5832.544515  
1200.350717  
9.550931154  
1149.002587  
35.41844455  
1395.870515  
4002.014668  
4083.076747  
949.1612785  
2151.327426  
2397.394672  
472.2519453  
3695.317153  
189.867624  
2018.231288  
3025.24908  
994.83559  
2481.531866  
4111.086833  
864.0105333  
596.7851187  
1217.014101  
1731.48481  
304.3043672  
212.1290048  
2913.256699  
879.1575462  
701.5354993  
2340.998825  
8580.400942  
544.0675509  
2788.545843  
1096.180851  
1971.720731  
1941.339165  
2154.639239  
894.4230637  
2147.402176  
165.0480157  
101.6982908  
24.38889649  
133.5307455  
284.2037312  
309.5810876  
407.7294655  
40.78312525  
215.3492555  
299.6422616  
360.6566337  
1148.744356  
2226.722297  
1874.021087  
481.4097001  
2285.545143  
528.5331182  
283.3863535  
1283.203234  
468.2873343  
574.3842274  
684.2425541  
252.9261597  
394.1140533  
663.5546852  
207.5383511  
284.7373848  
613.4631002  
346.6735987  
612.8706907  
1209.886163  
0.5014945375  
2948.416661  
408.6283326  
1392.72642  
288.9112572  
452.9110084  
365.2221475  
10.28549324  
39.48931592  
60.4133879  
46.19522031  
542.3172488  
543.3369329  
340.5624276  
54.57234577  
26.61948163  
353.2447649  
804.905719  
414.3953062  
80.29937288  
264.1818614  
240.6728109  
370.7652912  
126.2753887  
595.4403575  
357.3658224  
6.127506981  
245.2263452  
39.77625287  
114.9351595  
129.6596764  
67.82780736  
159.0302566  
349.7313035  
412.6355553  
208.5950425  
144.3322956  
152.6191769  
98.17474084  
449.2403986  
329.8570965  
431.8323915  
204.5297881  
228.299835  
34.09526369  
529.4703957  
112.2169593  
66.0205673  
89.27559123  
362.3753673  
256.5797058  
176.0323148  
401.6007497  
230.1348985  
159.0312875  
10.13628133  
2.362723013  
34.09136975  
284.3654629  
502.8055257  
352.5728948  
61.64664255  
98.45196794  
40.03010105  
21.71826823  
53.32944173  
280.4762125  
10.06340943  
163.733332  
44.84347463  
308.0596394  
550.6173516  
563.945635  
144.8662479  
159.5723496  
185.3692143  
143.816766  
137.5431162  
2.229875931  
174.7046501  
590.8130669  
178.5265417  
508.648284  
109.7990518  
219.007409  
105.8388809  
372.6245085  
43.41304091  
416.9486557  
243.7434403  
10.58950823  
84.23016642  
473.8575541  
89.45598086  
807.3448929  
21.9202498  
54.24405552  
129.4229226  
72.47293958  
210.3361055  
723.2910524  
1392.443194  
215.1089342  
27.08186885  
222.3414711  
71.89239917  
175.3134964  
31.99451607  
53.00521566  
118.2490662  
462.2670759  
296.7796541  
146.7024208  
42.26601227  
173.1422867  
