986.9087407  
636.2523194  
14568.37467  
4617.901946  
46248.69705  
100937.6611  
7180.280791  
112422.5413  
47657.30129  
1200.772409  
5365.474166  
10427.46276  
1955.31826  
15044.05477  
5885.94146  
1605.69213  
55769.10311  
30664.48278  
313.732802  
10817.54802  
7253.646969  
2874.673578  
963.5159105  
683.5220958  
18043.79347  
17538.82008  
6687.547678  
9148.114819  
170.7611695  
5198.286938  
1592.97963  
5239.531902  
10602.02775  
5602.854108  
3088.357119  
2651.159278  
10209.58569  
15155.01914  
627.1338166  
3698.30675  
1122.877675  
774.7204437  
1978.356895  
1860.538078  
3271.148161  
15.02511866  
2028.733396  
1544.264307  
364.1169338  
7511.010509  
9938.063853  
3167.017544  
555.0286706  
700.0405461  
722.3080632  
3638.70932  
738.7758525  
2131.736838  
5868.627135  
1706.380257  
8435.327679  
6661.616631  
547.900101  
4735.191578  
481.7009024  
356.5642488  
1894.97924  
899.7201966  
511.0176934  
1561.853245  
3625.300625  
1202.846654  
3145.63111  
6737.662226  
7032.097924  
520.4441824  
1071.302134  
8852.112042  
8534.737926  
862.0824223  
44.25274564  
7872.018623  
330.0711765  
756.1992147  
1029.395524  
1746.184814  
7544.602645  
12990.78827  
940.5441591  
4200.406439  
718.3117195  
842.2333425  
1820.317433  
309.2211147  
583.1763507  
13263.77127  
8613.90328  
684.5297658  
4741.522353  
417.4701104  
132.2442027  
6892.384244  
6679.123118  
5274.953133  
10884.15019  
983.4336601  
345.2426287  
9876.673255  
12278.67749  
11019.53288  
519.4312924  
2938.310217  
1548.050587  
7173.303125  
91.87057943  
209.1925453  
96.82970557  
1084.302633  
374.980256  
279.9710331  
484.8644641  
2962.287994  
4927.987274  
433.8662196  
2152.444947  
7358.849551  
2987.621189  
1185.885795  
3222.277403  
13399.866  
6362.740976  
652.726623  
2319.174231  
11423.7964  
2924.830028  
2615.654076  
1554.005971  
566.0879992  
1801.403421  
1352.117222  
6773.977283  
1105.296137  
8353.314565  
1118.459954  
3491.584812  
896.9980812  
5060.86652  
4130.867183  
115.5638268  
5986.554929  
3071.934329  
3218.466013  
1674.103732  
389.723379  
5195.664791  
4083.741904  
16.08805392  
1337.877284  
3468.149008  
296.9520128  
3172.760555  
1050.32644  
2573.599988  
655.1161344  
6922.385058  
2889.979784  
2374.337544  
3247.817447  
9971.076234  
362.1358795  
2456.951696  
1005.606663  
2929.800111  
758.2813698  
2329.170623  
2952.585455  
1395.427018  
3549.779314  
4484.931964  
446.1024399  
1206.832266  
3247.402962  
4747.524448  
2875.486193  
2311.322882  
4355.067272  
725.1501071  
14.36818889  
3196.562407  
346.0858694  
3038.963762  
58.89644235  
102.9859521  
2407.212379  
2544.814948  
400.4956485  
952.4229972  
937.3529683  
1682.185532  
514.8225301  
2721.768537  
693.4394693  
1933.603618  
320.0754788  
1317.830156  
651.3917421  
378.3409481  
1869.199633  
4190.764325  
457.4108042  
812.0722306  
1474.033145  
987.2479499  
2807.810384  
4039.134707  
3202.419348  
846.6205991  
5002.255575  
1032.56275  
1111.602659  
2376.155115  
3004.351871  
3470.167456  
721.3430091  
1762.398725  
4804.507209  
1191.757534  
1224.201533  
3131.739314  
4289.072288  
98.89506247  
2330.74433  
2805.018696  
2075.244753  
306.7653194  
342.919249  
2134.936009  
187.285882  
2099.632741  
229.3648009  
1962.272572  
2722.715197  
2453.026554  
523.4911623  
931.0071306  
454.090789  
3842.844894  
705.1871852  
2154.636744  
113.685457  
365.2532549  
4571.76705  
5684.90319  
2845.837365  
284.4275599  
2910.196695  
173.5214323  
1094.591622  
2593.926363  
2965.069614  
8718.421924  
570.871568  
596.7711045  
161.6811705  
139.8926992  
3555.164729  
1383.204594  
228.2296774  
1107.844789  
827.8452556  
502.301614  
327.6115519  
1676.328209  
1012.716104  
712.4896147  
617.7890518  
875.7119585  
1495.310903  
686.3221888  
310.9591872  
3781.764028  
3502.588005  
1656.318008  
746.9021711  
5080.049207  
462.9015828  
251.3286753  
522.9497971  
1345.556619  
703.2264728  
703.4659918  
178.6743787  
2570.48421  
138.7472867  
152.8939643  
