96.19315506  
2149.383639  
1491.891  
3450.117363  
377.5761423  
2722.936303  
17313.91678  
568.6010481  
5197.63169  
13441.04892  
67.06309804  
1660.358109  
6217.68757  
5594.95981  
9924.927322  
12087.53636  
8050.527082  
3132.241294  
612.0166808  
6387.92153  
549.3415549  
19702.55706  
5261.351124  
7471.712997  
1112.675778  
6165.486029  
26426.88951  
12154.03769  
2970.058321  
4839.335146  
1743.686382  
1117.360365  
2670.541222  
89.87990112  
84.16984248  
10030.64581  
2931.662003  
11942.2807  
2190.375305  
1507.263959  
4462.461808  
2466.799996  
617.7761738  
1003.114251  
2916.862929  
845.2681222  
5153.023052  
4053.639745  
537.94035  
386.7104896  
2115.202344  
2569.646389  
952.4284061  
3189.281883  
4658.041985  
11275.83471  
1277.57427  
2647.104284  
1606.272866  
419.6391979  
1738.741594  
4426.503523  
1825.640587  
967.2695735  
905.4679294  
2362.626883  
1566.683588  
1949.682399  
95.49674981  
3524.356521  
453.693934  
189.5314513  
585.268354  
4487.563445  
3224.68252  
165.4857229  
3197.493361  
3740.229546  
107.5778316  
1834.17118  
731.0510964  
547.6910345  
653.1139492  
7888.646635  
2175.770801  
24.92686161  
584.1813044  
2199.286622  
3498.544765  
808.1939229  
2151.056176  
565.5475857  
2159.010492  
638.6830746  
1185.793209  
168.0787061  
865.4047766  
113.8458816  
231.5446687  
732.2599184  
519.683859  
1276.285094  
108.6324893  
1890.231529  
514.8696141  
1788.842135  
210.9168278  
374.6952844  
749.9094973  
398.2197869  
1255.001568  
36.89186315  
797.790237  
2117.398808  
418.7127366  
534.2330602  
555.434976  
238.4627949  
388.0405469  
305.1626312  
176.818597  
1214.504056  
279.9950717  
258.516  
475.1997308  
2887.379006  
463.6140036  
331.6484894  
1035.157437  
40.62027756  
146.7847189  
416.6657306  
1364.257588  
695.2910779  
65.22982313  
854.4265997  
2485.526196  
2042.691594  
1473.931166  
339.7677095  
109.3219699  
49.77165143  
912.3084045  
673.9800118  
1343.47887  
78.53175266  
479.003338  
188.4358487  
245.5745227  
1176.159733  
1169.035169  
1403.880176  
535.6167379  
1295.007813  
450.5692335  
96.43343544  
1023.698386  
276.0347675  
753.6819801  
927.7445743  
517.3700736  
400.3673038  
85.61128791  
1132.625869  
264.2563168  
777.5811259  
959.1758714  
900.1767482  
857.3534449  
116.2823139  
100.4608517  
203.6580724  
279.1643781  
325.4750139  
323.8999969  
245.1050261  
190.2342174  
125.2166464  
79.73985872  
12.96037079  
950.1365831  
559.8060243  
29.49344838  
511.1775929  
193.485185  
183.1023552  
239.5739456  
993.8385505  
157.4920467  
472.4743863  
92.90597582  
95.17866121  
286.7304597  
279.6280355  
106.972628  
154.2047194  
91.99842678  
152.6263564  
446.7042483  
297.0664564  
18.56329932  
309.4344854  
96.10162226  
593.6998744  
524.4554575  
295.4653077  
199.0648531  
305.6072698  
192.3854136  
204.1763886  
57.31174474  
91.20179908  
172.4675817  
382.3569018  
1453.086549  
77.11854787  
322.3557566  
90.87265607  
181.8449966  
601.855354  
94.11996397  
81.33713148  
541.9389221  
147.1598712  
19.76825163  
354.1653918  
93.18822024  
182.0689025  
348.7222601  
27.83518742  
226.5445059  
380.337507  
812.56678  
985.7784596  
148.8811158  
536.3261666  
144.3988271  
57.98718412  
511.5207266  
468.5861589  
29.23632665  
636.6082075  
20.32091451  
13.63110915  
175.2191391  
503.3130101  
161.5139474  
129.0489577  
141.8832305  
21.13724799  
282.5096061  
335.4883608  
610.0586745  
133.9379334  
293.9316394  
658.5136398  
16.9105472  
14.37179244  
84.03441397  
28.6225787  
387.87193  
16.33009289  
187.3960057  
1092.899326  
710.015952  
359.0992698  
217.8929632  
407.6158707  
96.61543889  
578.1826448  
65.91430269  
208.3764237  
191.7290305  
40.69601555  
408.6252431  
176.6351654  
307.5751295  
251.6976284  
182.7545136  
172.7427297  
273.1994676  
132.1796974  
364.4644396  
453.1325978  
97.11924534  
136.9189558  
39.04542979  
636.6116509  
170.0424084  
116.747867  
1227.342808  
44.78998705  
245.5426778  
84.06954837  
579.6244723  
