2681.75025  
11699.80377  
4714.094938  
19802.54599  
114104.1317  
66988.79327  
68066.73686  
3418.217921  
112238.1916  
2076.041854  
59186.19628  
8889.090248  
36861.99374  
1288.728315  
39965.96185  
4262.441474  
7708.092181  
3296.849803  
34746.21165  
2416.122221  
46130.93663  
23709.77546  
13016.38434  
8316.642387  
7044.76968  
5058.867141  
13679.98759  
5769.757858  
6261.389354  
7012.440709  
9776.190357  
3350.883014  
8545.705396  
8155.456859  
4744.471947  
4213.812918  
93.15274938  
1432.799246  
3805.823072  
2366.910143  
5241.865766  
890.1451864  
220.8484802  
2551.893371  
1287.972253  
927.6773315  
6495.739187  
3361.190144  
980.4607831  
359.7585093  
6365.888799  
8534.77695  
5680.785947  
2884.420782  
970.5480695  
4203.386923  
1846.286324  
2804.257624  
11625.09446  
495.5808178  
4957.581209  
1529.692457  
2842.643981  
3699.462982  
11937.83361  
2401.842078  
7000.516931  
1082.092719  
3986.588765  
1100.626078  
6565.915589  
3741.23613  
5778.767554  
2224.106113  
1418.310842  
92.70923437  
4419.807553  
2756.371432  
2185.906709  
1696.137855  
3665.6527  
82.28242052  
206.3173625  
632.1554239  
1617.270719  
647.054441  
1399.037369  
258.612959  
657.2824778  
2253.928132  
2584.382186  
768.6699174  
3535.539005  
573.7037408  
565.2764977  
2109.309105  
1244.758812  
828.1296074  
3941.595381  
871.0754839  
1859.952073  
211.1171541  
6730.833083  
82.61015362  
343.9898263  
3751.975065  
863.4055211  
936.4148792  
6.164876416  
1980.156454  
1431.577527  
553.982942  
230.2693043  
109.7300612  
427.2048382  
422.2147131  
77.24112584  
337.6942652  
286.0367635  
155.500167  
474.0998645  
124.1078958  
937.3392687  
680.7850011  
484.7803927  
447.549171  
311.7007497  
1420.508623  
444.2552607  
356.9982467  
1181.139651  
554.2631465  
276.3132308  
2228.115073  
456.3405688  
644.1250809  
3464.197598  
906.3514352  
982.7634088  
429.6790873  
279.7745466  
897.4117075  
2900.235986  
555.4020605  
2171.552012  
1372.074813  
396.477483  
1236.353749  
1105.723727  
249.7523197  
907.7278289  
2005.021592  
259.5499773  
11.05051749  
1140.867224  
2474.992289  
688.4965256  
876.9691765  
1331.693383  
1579.934474  
371.7346005  
1419.22658  
2369.014232  
35.58484076  
272.2018511  
897.7168972  
293.2720791  
1752.542103  
2936.026863  
2184.474803  
2766.688519  
749.2071818  
140.4995612  
681.6842692  
912.9899026  
238.4391134  
1293.072878  
710.0614245  
312.1300007  
190.4368333  
1115.76515  
828.9332056  
454.1174145  
885.134709  
1610.863214  
491.5293489  
977.381704  
1187.161691  
424.3614555  
1502.885086  
59.86075167  
128.8539826  
265.6475208  
556.7392945  
508.899304  
178.6840434  
250.6209531  
480.8706114  
879.1436276  
992.8642991  
58.12280948  
1580.89552  
14.81474102  
105.5143914  
370.180223  
137.7114984  
87.98319044  
0.001490028122  
193.1907579  
796.8456288  
2797.503313  
749.642864  
639.2991842  
890.3445609  
407.7428309  
158.3113249  
332.2095248  
220.680119  
1489.064204  
280.6356569  
135.9059423  
149.6178311  
326.0104159  
12.49497248  
531.0847582  
210.1853376  
248.7381832  
403.9708427  
31.83047741  
337.5187961  
490.6250882  
1357.33991  
927.2046394  
148.9238358  
538.8629572  
171.3623733  
155.3797159  
311.7113477  
150.2122078  
267.1838382  
117.0472342  
39.52524388  
538.335481  
149.2779784  
328.1967936  
359.5663489  
236.26196  
50.70645992  
16.7371671  
161.4108496  
708.6835393  
13.71929835  
83.08893858  
20.54682221  
57.353073  
25.58390326  
501.3489987  
60.16751858  
380.3437809  
94.73016589  
112.5531644  
17.76044298  
181.5871834  
440.4130421  
235.3152575  
288.6719628  
335.1515246  
352.4090376  
363.1662751  
626.9719896  
254.2371236  
105.4044012  
69.94267237  
890.0232976  
405.2232239  
1030.384041  
171.7525987  
360.3704612  
50.2633774  
51.96588511  
798.7603161  
231.521666  
474.1842282  
444.6024747  
320.8734651  
97.70987932  
73.05629423  
1143.874881  
441.2019175  
522.6846125  
360.9857148  
262.845907  
260.80221  
349.1910708  
517.7215226  
