422.6272464  
5087.394267  
17282.92697  
21590.29232  
7255.134222  
7554.451666  
70308.52714  
46902.253  
67625.41499  
24347.3444  
12544.27188  
98168.30125  
9418.057174  
27215.06187  
6569.979154  
13858.24719  
27751.58574  
53596.40049  
14187.19434  
15335.85136  
12203.96745  
33890.16498  
50199.1826  
16708.80219  
4167.161162  
9245.214657  
63066.79408  
36447.90478  
13333.96839  
35867.28156  
8827.5687  
1512.478677  
2585.412962  
3973.476056  
4028.831298  
1178.09865  
1954.516008  
23325.43177  
6352.882675  
1924.718719  
3792.153267  
5313.211972  
19931.85816  
21131.55394  
9895.281546  
16954.12002  
1968.999004  
18564.09466  
323.7584592  
6395.076017  
996.9265149  
13346.26345  
8475.248274  
14601.90299  
10860.88209  
3365.743133  
2437.493168  
39525.08817  
2223.345462  
558.7346066  
732.6752125  
3062.418866  
4625.981655  
1390.806422  
9770.922499  
22948.40773  
4323.411894  
11614.66931  
6787.170986  
4088.313806  
4215.211815  
1306.300134  
7036.372907  
2673.867078  
7070.006927  
3120.720384  
5978.372434  
3452.779527  
406.229837  
9050.211064  
1271.075722  
1171.679386  
47.91598835  
1032.883642  
5513.440408  
2013.140008  
1013.4418  
713.5940103  
5020.983004  
5443.216894  
1911.361275  
2518.421102  
6909.871992  
571.1889909  
442.3555307  
763.725145  
3544.073525  
1104.669489  
954.2702066  
114.9253353  
2185.350148  
36.04049291  
1228.881687  
898.3487426  
3232.901773  
4107.369563  
789.3299925  
647.3489013  
609.599241  
347.7636426  
110.6826497  
2381.596032  
1293.277564  
261.0953366  
1180.696986  
962.2382848  
4870.900011  
2708.364066  
1256.194281  
294.5453583  
1095.963212  
2638.90625  
16.29108252  
1352.49304  
1438.030049  
2092.237166  
1547.298414  
2426.342334  
1318.000109  
781.2184015  
139.8284366  
240.616852  
654.9510316  
5054.030519  
844.3664659  
195.5729043  
1491.446865  
50.1658912  
1807.483818  
725.4331189  
4733.059336  
49.36994698  
546.4063706  
1665.647105  
32.85431532  
2851.872017  
90.2181456  
200.6940478  
837.8745906  
1534.604949  
96.78966243  
47.14677874  
729.4120191  
1237.421843  
51.49558374  
256.6511738  
105.6500028  
767.2494807  
147.3100995  
420.0899824  
2450.685218  
1415.647947  
560.052491  
2321.690273  
2443.117118  
1412.033104  
681.7673494  
771.6352802  
605.8701136  
500.5156507  
11.14781585  
422.4844819  
187.1608928  
343.4988231  
4.64488531  
5.135026225  
433.3143426  
847.6954669  
1052.264113  
551.5811917  
269.3736047  
443.1571321  
150.9232779  
70.05745057  
851.2012822  
191.8691019  
1027.883613  
298.6196753  
225.8538067  
191.0928481  
144.057933  
590.8023142  
8.133924099  
668.6975637  
336.1171842  
89.16606988  
84.6944023  
18.25876039  
512.2562465  
588.1745649  
13.31383644  
173.8920804  
18.58737352  
170.60862  
443.1219014  
106.7657882  
634.8925321  
15.38599714  
520.100543  
292.4535567  
247.3443336  
151.2741294  
187.2483509  
355.6360717  
108.2467474  
264.7732115  
309.4160668  
463.6212581  
85.25278199  
114.0695088  
42.5389699  
169.0570512  
77.30782627  
15.78103681  
329.7669416  
107.1668618  
370.3671104  
1.243038949  
59.83142869  
176.8841302  
126.6075672  
38.83723161  
104.3045222  
9.271869539  
196.4333818  
60.47511606  
18.65787152  
43.01633968  
112.5818615  
161.2835412  
389.2467226  
37.49907126  
18.98560171  
60.21043146  
31.28474657  
181.0191242  
29.10581757  
167.554385  
494.4242007  
32.49918281  
148.0799884  
579.555137  
525.7613719  
269.8168178  
63.10259919  
109.0973369  
2.524779479  
117.3559759  
388.4027978  
372.7112487  
490.8596324  
2.200963948  
72.12149029  
2.184312587  
25.58491945  
69.04531822  
226.6757666  
37.50588126  
171.4588009  
1.08015591  
40.83531173  
308.3284198  
75.70703679  
0.5154197063  
27.44316013  
172.446634  
144.8937145  
308.7349198  
172.8229133  
36.87721429  
56.74139521  
89.03371202  
25.49173279  
139.5695764  
157.5806866  
98.66454986  
33.0777181  
51.72823246  
171.9385263  
22.52819169  
23.3548879  
48.58725741  
36.63561466  
54.90258545  
30.07426603  
