83.78084829  
518.2335932  
1828.894344  
4361.228938  
240.6670518  
5592.655051  
20853.24538  
1789.696308  
20453.85891  
1105.54012  
6676.31342  
56459.07158  
435.907185  
549.9688383  
1975.77338  
1314.653437  
16894.03594  
5548.150857  
6310.267091  
11207.09429  
33.03693145  
5973.767376  
20036.10062  
835.3748133  
3812.259489  
12123.89983  
9143.086031  
11118.9787  
16747.08898  
7403.296948  
21491.0942  
7626.300956  
5231.680139  
5187.6201  
6156.67075  
10561.43197  
2810.656986  
1704.345105  
3395.057587  
3932.882874  
5765.73939  
1515.682499  
5168.942892  
5050.898761  
1571.101825  
18540.50133  
1824.437829  
25830.15161  
4172.042865  
6247.299354  
5703.390465  
1645.760406  
1247.58162  
5705.789766  
4896.513924  
2525.839785  
3240.089618  
16694.93952  
839.9188826  
2726.211355  
511.9797703  
149.0544622  
2168.235069  
769.5617351  
4625.830811  
2117.925771  
537.5621911  
1387.876767  
5989.322344  
4233.50852  
1555.013631  
1813.755025  
2537.270642  
627.2217303  
905.581006  
4665.119949  
902.1707766  
2015.307541  
4117.047839  
5575.733876  
2425.657009  
401.0982975  
338.6105993  
1825.601058  
1339.265643  
448.3946294  
31.31860059  
4409.000798  
4836.663172  
2530.0706  
2388.813316  
4697.339351  
3410.323279  
811.6694325  
224.9442109  
426.1392991  
3044.445999  
1697.63946  
720.5361761  
703.8147125  
507.2338478  
557.0443884  
163.7023309  
89.77500877  
336.4592354  
1087.418333  
896.6760245  
676.8201479  
3560.384424  
741.1442071  
774.8428352  
279.1848801  
45.77465964  
974.0379501  
2605.961965  
303.0493193  
3292.731427  
6525.914636  
1417.110771  
62.88919166  
322.51606  
1103.117257  
757.2566021  
1945.104292  
1430.154413  
867.529666  
737.5813431  
163.4606713  
1059.723763  
1571.901927  
592.5048582  
1113.423226  
664.8225658  
2857.641101  
178.2363813  
112.7603998  
3931.443971  
1294.548586  
1179.357559  
175.9466024  
1703.627624  
215.6336417  
2713.555341  
230.6213161  
609.163387  
2401.762349  
2712.041461  
1276.914866  
277.3463402  
18.98383231  
992.076193  
72.06238221  
167.9735642  
77.24779341  
136.880348  
159.9557291  
25.97153597  
646.4026355  
470.751613  
304.5563087  
715.2744446  
1717.933086  
381.7555097  
82.55441288  
2793.310071  
0.3629872948  
91.64440738  
2353.62898  
1605.743602  
404.3193645  
746.6553137  
668.2655551  
241.8850262  
183.9320509  
575.584379  
77.08518975  
291.6047893  
87.98205065  
262.2217368  
628.5656073  
141.9563211  
3340.412797  
1155.210376  
624.5189152  
86.25043984  
158.8712205  
30.26359973  
30.51966004  
89.3102078  
255.4831659  
510.8048087  
327.870601  
709.3935348  
109.9332019  
342.3889183  
169.3719403  
102.483384  
24.20910756  
183.7287106  
21.59181243  
381.1117276  
766.2282922  
776.2875761  
430.4465871  
460.5941042  
25.7275255  
889.9065266  
50.14756302  
132.4039715  
176.344912  
305.7196667  
69.73864273  
108.334523  
108.2311114  
421.752441  
146.7192431  
35.46833534  
342.458757  
15.0883179  
66.40627485  
115.4014041  
173.0821527  
119.0976092  
43.18240904  
240.0757683  
180.2297073  
234.6192697  
0.3557529518  
170.2466165  
93.52763144  
276.8786007  
75.67571944  
133.8163976  
227.8856265  
259.5206448  
69.19747626  
106.2075986  
28.70860336  
268.6620894  
445.1150884  
604.388172  
464.5223078  
109.557795  
22.70474438  
75.96752147  
165.2960474  
62.49991708  
26.37945139  
83.448992  
37.88186568  
240.3443963  
485.4485774  
237.7025009  
143.3655658  
19.22659944  
125.4743729  
156.2556534  
157.6928908  
149.8328951  
315.7936528  
573.7621138  
99.94090829  
96.47425982  
55.46227055  
27.38088699  
154.8290928  
319.0208642  
9.713122007  
65.4782954  
277.7020706  
269.269161  
181.2193654  
268.5426162  
18.63845904  
175.6099867  
12.38858456  
200.9009445  
413.5740522  
443.2611453  
77.10317706  
388.0785848  
424.9268366  
189.6891887  
61.42293283  
106.0842376  
27.42930719  
603.5214745  
50.91119661  
193.626656  
35.75101329  
50.03581788  
79.2992702  
20.30156183  
72.08961957  
8.324046853  
