181.7425231  
100.6055475  
446.8200809  
3287.149108  
1797.234316  
2651.419505  
729.7459195  
7286.993164  
2819.789551  
8341.537027  
25622.94086  
2493.20375  
9945.611958  
6415.429892  
781.2719769  
7809.569793  
571.783415  
11657.14759  
8194.003904  
9373.348252  
7225.231449  
184.7632888  
4070.763877  
4658.091706  
4071.171933  
1194.847848  
6433.268957  
4189.468937  
621.5835837  
1118.677594  
2449.752263  
2079.041524  
304.1477708  
1236.170828  
7321.451147  
645.9010363  
4794.632355  
2091.185871  
2570.484513  
1091.621241  
2601.299712  
124.526039  
14644.11405  
5605.237721  
9684.360474  
2542.406589  
5090.515559  
453.9659182  
734.2457371  
671.8757635  
3713.031314  
12582.47341  
1136.173212  
3811.924008  
1876.380808  
6978.647775  
1395.538581  
8432.856338  
1303.872414  
337.5724326  
892.5705168  
3113.403267  
160.6340035  
289.3110467  
98.55943514  
3616.515124  
1643.183976  
716.4648339  
1322.608985  
896.4687216  
1381.327169  
684.7711673  
2848.087662  
1099.579942  
1112.102333  
1376.363665  
1184.631956  
413.952721  
1498.195814  
547.770879  
1458.8423  
5681.703644  
269.4510152  
2208.634072  
608.2407251  
1885.706216  
1613.661472  
1935.215144  
1269.117484  
973.1591878  
741.7606838  
414.8391992  
334.4303084  
109.9109557  
384.6653155  
1245.276807  
3472.434282  
3486.455857  
350.3242437  
499.7505266  
362.7477857  
1036.638761  
515.2778122  
409.6121481  
1750.831867  
2032.608838  
449.5151067  
8.834856211  
95.83233908  
160.6303314  
433.535063  
167.9429916  
134.759948  
587.4447305  
165.2179131  
3301.840477  
3183.890127  
985.9892289  
1399.581047  
4.475830433  
2697.079222  
402.3136763  
155.7581672  
449.8186703  
327.6105644  
449.2025429  
237.7884078  
147.4021095  
159.1723031  
314.659351  
3300.401843  
758.9877658  
259.3070752  
458.8263466  
171.5429267  
479.5536091  
4000.815003  
1378.163007  
21.84174247  
1173.579991  
494.7438272  
32.4596502  
2552.348453  
71.35614166  
821.7492215  
16.48933204  
410.6854659  
626.4951445  
65.58404116  
605.3652515  
835.133687  
93.5093754  
586.6884619  
412.1914471  
1181.904793  
525.7429917  
363.5157165  
1663.600448  
52.55244518  
732.917825  
520.727695  
367.4052365  
519.7290809  
272.3310438  
59.99316745  
739.6879687  
555.3449256  
592.2661716  
1261.04286  
1104.218397  
2094.716845  
95.36374828  
264.3600711  
231.0820986  
280.4153003  
1123.586344  
871.9747338  
258.4615992  
818.2564683  
54.88928167  
53.47528518  
1764.188735  
28.94552109  
181.365879  
443.7383661  
342.0140203  
192.5047138  
1.370229192  
14.8241012  
144.3327271  
58.14827475  
217.7762994  
38.28900472  
231.8530653  
90.94203411  
149.6602881  
494.0032251  
27.06925007  
286.1180925  
184.435217  
185.4810076  
139.8207144  
270.6455079  
137.5632725  
63.29416784  
199.627622  
149.8203735  
407.9943013  
240.5698149  
70.32465096  
152.9505225  
14.32220968  
41.61976219  
147.5454298  
122.9196329  
400.5974589  
697.4686508  
408.6609925  
81.43330221  
329.5304884  
391.1634171  
147.9520448  
298.8842552  
5.090195156  
43.55893612  
205.23145  
17.53739039  
7.116325671  
104.6698991  
357.651065  
33.92345475  
343.5170664  
67.49033719  
150.7397209  
69.64445182  
44.86657317  
305.3021625  
16.28310736  
28.31159167  
232.844385  
76.85689604  
131.2528264  
53.62720057  
74.55972268  
24.49100217  
588.0708999  
59.56294967  
267.4965853  
129.9926344  
5.456338052  
13.21262661  
239.0841413  
136.7168674  
320.467375  
20.24902043  
128.3268435  
46.47261473  
50.14073185  
45.17778069  
150.8098102  
302.5433895  
21.1776815  
47.03470565  
13.74438846  
39.06195816  
305.2659308  
23.36561973  
73.79798308  
56.11487995  
3.41696547  
65.96849219  
33.63291008  
185.0494849  
150.9851359  
1.675661723  
41.61157647  
0.08737600647  
173.0110069  
90.78337236  
52.96866756  
150.8272519  
194.0442686  
117.5631022  
171.5077102  
428.6254611  
177.3333703  
57.29577141  
5.580010512  
15.67508563  
160.9758979  
8.743128249  
6.86077002  
86.82283328  
113.2299123  
2.715593248  
