97.94478266  
931.5074221  
448.2173045  
6516.660962  
3000.83386  
1867.281609  
10428.38552  
7404.422409  
14594.50612  
13853.2665  
12649.6618  
36444.73339  
9669.643951  
5117.295878  
13048.81189  
2530.491509  
1420.742552  
5298.496232  
2786.964011  
182.0251176  
8526.413386  
6880.609807  
3980.74434  
3129.645825  
8056.433039  
198.0661008  
11737.29598  
10272.15951  
6382.121418  
2731.545998  
11618.96033  
3755.36174  
1715.987871  
3590.378444  
2172.648623  
1925.856375  
3986.940624  
13365.09515  
647.300946  
4990.517396  
871.3604625  
2182.916209  
16067.02155  
4142.10144  
240.73731  
7784.047904  
1387.951194  
1557.835858  
2688.185509  
1777.555891  
3283.786336  
12855.94339  
2742.265177  
1758.346428  
1323.334602  
611.659485  
1331.73259  
6118.8738  
879.2219591  
107.4282249  
979.0592873  
1675.167751  
1306.072199  
219.5045911  
277.7738166  
1330.374858  
2344.807419  
5769.014781  
8167.558481  
658.9022395  
291.9305528  
2354.810011  
1154.03617  
1226.262062  
684.076544  
2473.409464  
5820.810132  
1283.917902  
2106.98942  
1211.950646  
254.9643324  
419.8485698  
1658.273096  
1464.522128  
129.5565451  
46.8678489  
2677.663386  
1424.473135  
1243.604404  
2053.98272  
1410.482302  
2734.799451  
319.677515  
5650.781072  
826.4241325  
2687.011984  
183.2745669  
1600.969699  
2539.655236  
413.2492735  
2364.583082  
1128.002849  
1170.871999  
145.5330232  
854.8512825  
1218.70626  
962.1896243  
641.3222354  
197.9994893  
2306.784775  
383.4202185  
3374.929785  
1633.798195  
2180.700974  
1934.596769  
565.5896118  
1926.758522  
1342.075788  
1344.395335  
817.4779326  
2769.325763  
168.8473052  
291.8089261  
313.7387534  
718.7488735  
168.6814483  
87.58088221  
628.563956  
1587.386721  
1939.579101  
279.3128573  
646.3022255  
1158.078082  
1502.523461  
306.1829168  
1556.45157  
6918.369958  
230.3218695  
1718.243524  
879.2980083  
685.8660242  
0.2870044603  
559.9651437  
4484.235744  
1412.498276  
928.3025973  
1202.167958  
1118.218932  
1259.816631  
1020.383725  
314.1135171  
1474.340153  
1562.930321  
706.863423  
50.70171567  
136.0247224  
836.3163882  
683.8176929  
569.3617257  
3748.85963  
272.2953385  
1126.13697  
2918.686211  
710.6849915  
727.2023184  
687.6509977  
1570.623862  
2277.679997  
1570.097484  
1222.980712  
1413.974909  
828.9177822  
229.5235149  
224.8769468  
221.2941919  
23.90738023  
851.5223244  
439.4153949  
183.7125274  
233.0641289  
2626.332008  
216.8092691  
83.94792781  
258.9514778  
1432.761566  
644.0169528  
1298.343226  
619.5082866  
601.1008723  
423.2017847  
268.1464172  
539.795384  
965.2233957  
265.2214973  
348.0832671  
1402.335606  
633.5606669  
462.7484018  
170.2150631  
823.3543668  
367.7696475  
118.4757446  
272.8583137  
627.600138  
189.0562872  
1321.996868  
1100.422109  
201.5728442  
237.1195874  
39.14798582  
454.8045345  
374.9919684  
319.9372215  
113.854861  
64.81363051  
585.8602441  
183.71053  
122.9179108  
144.4331018  
359.0224417  
62.74376204  
1167.544196  
34.16899356  
221.2242786  
85.40243155  
310.4160021  
101.9836383  
158.6986177  
817.606249  
728.9798858  
410.8185986  
1971.495522  
373.0560613  
318.7441977  
1310.788358  
298.0636281  
945.9982412  
252.1057129  
839.5629639  
201.5618544  
88.10330881  
87.16587437  
594.5632687  
209.5499722  
126.8782831  
72.17311342  
92.46785605  
197.2250936  
355.1866655  
439.2641912  
171.464526  
42.34081892  
331.0918924  
1877.786973  
58.27998351  
950.5576897  
29.21428466  
239.3681433  
323.9468288  
17.66153314  
2087.8785  
320.2286373  
1149.692616  
311.5993638  
363.870223  
193.5353511  
1071.643506  
471.8909816  
539.019756  
676.4082064  
132.7383642  
53.22292857  
243.6862719  
639.1978516  
488.382431  
223.2762038  
118.5342631  
52.98168476  
431.2877576  
205.87411  
69.09225428  
1313.760201  
1328.751882  
49.44905739  
2021.413032  
679.3686448  
412.5600762  
114.6169469  
122.4354587  
1345.3593  
314.1526966  
796.7301849  
73.34333655  
538.3249004  
4.369242214  
