11.04515527  
347.1256127  
495.8997168  
4575.552968  
2503.184983  
2312.467105  
15372.17178  
227.9461718  
19364.77866  
6319.982451  
4932.890989  
28143.10809  
5147.873939  
5740.132403  
8583.624109  
1607.245515  
4941.490268  
2160.819551  
8876.601934  
2849.50285  
5885.059757  
5673.695475  
520.8874632  
3569.072328  
7180.984587  
2310.736248  
1254.62793  
7230.109076  
9266.263929  
5369.630385  
4120.792031  
3461.133533  
5136.4001  
964.2548307  
879.3782042  
207.1755714  
2536.095473  
5150.16788  
165.7387474  
111.2193529  
730.940356  
3177.006326  
10941.87028  
235.8538417  
413.634832  
1859.497706  
709.2822766  
693.1268726  
1381.322656  
3497.318959  
2151.024613  
6610.262523  
2429.851116  
1040.258935  
2292.390598  
670.0899523  
1470.490075  
4840.381112  
42.67586416  
884.9202275  
891.6997548  
1099.88162  
1900.884289  
1350.54338  
3182.269708  
92.45298858  
3515.980944  
6771.954297  
8495.020535  
2126.239171  
1828.073408  
784.7676551  
778.7520098  
790.0881862  
1287.659723  
2677.798926  
1847.601133  
3117.409791  
536.291619  
776.9776348  
1313.817381  
1861.115302  
338.6319262  
3299.664564  
1129.881753  
3379.930594  
416.7260689  
896.086024  
2233.5773  
909.0640892  
1579.453585  
271.6941658  
974.5059098  
1164.813488  
936.1535826  
440.3834709  
1450.054962  
4178.006199  
186.9927545  
7294.614432  
3149.03191  
737.2477825  
446.0918511  
2607.27852  
311.5452102  
1008.307748  
4022.223613  
2168.699428  
430.9848937  
2739.51029  
1523.225957  
1014.556855  
731.3635486  
306.1249414  
347.493635  
1137.345049  
1840.939454  
3717.559925  
97.50347679  
4710.486787  
861.3569467  
1015.55503  
126.2938116  
4775.999689  
674.2291581  
3072.335263  
1758.951273  
625.6845257  
812.7462722  
1888.315604  
2210.15986  
1854.372887  
39.20579424  
2219.016849  
1325.887773  
1175.920309  
4078.535227  
1279.031396  
500.0617282  
243.3452642  
345.5143106  
1189.097649  
1914.603764  
1906.324535  
1470.779287  
488.5572215  
805.6779656  
45.52339236  
241.6281157  
1409.611868  
229.2302929  
596.9035497  
982.5438817  
147.8843162  
210.282954  
1885.841809  
479.1735313  
1553.70395  
778.4782854  
2371.239593  
186.5011116  
1872.004637  
1302.273602  
1233.80325  
195.6045155  
513.9197859  
767.5605209  
5031.001305  
2375.355593  
288.591189  
377.3275481  
2667.804509  
1025.358444  
111.7083477  
219.1382233  
478.3187347  
2393.424287  
1746.217175  
1466.761413  
1569.729104  
1374.0452  
960.065254  
1157.98779  
2300.234843  
2530.918642  
41.95527212  
867.6387502  
128.3789985  
526.9731083  
3015.650364  
299.2281773  
29.89738535  
113.8129647  
1020.103336  
818.2588935  
240.054011  
541.8705338  
2760.042853  
141.9311569  
3541.467226  
1051.526311  
399.5895038  
199.1893717  
1578.58307  
1381.795528  
441.1253102  
289.4462648  
649.0262044  
202.1716004  
868.0915396  
952.2269141  
172.4251434  
535.2730112  
570.8678705  
184.4177182  
10.81479856  
7.273482408  
273.6451673  
52.53287081  
96.2866198  
518.8462239  
1058.400354  
350.3327865  
450.6806951  
382.1209528  
325.5522496  
398.5360749  
510.3893057  
282.0755127  
1641.031611  
590.7806035  
197.09313  
50.02464946  
307.6049828  
371.3532503  
1418.138191  
140.1101899  
93.34151344  
244.6458843  
721.1509181  
352.5154295  
546.074081  
522.0388262  
14.82854407  
476.8829926  
115.6306722  
306.5602308  
862.1907464  
157.0421138  
221.3337078  
240.0787819  
646.2641275  
640.5362696  
347.4035333  
803.2749175  
634.1994919  
51.55722516  
527.7734105  
742.3821748  
551.3567844  
444.9794062  
1617.416619  
713.0951199  
853.9538454  
50.0769172  
404.9787926  
440.3426435  
255.747242  
712.2669994  
706.3604043  
351.9806052  
63.59001063  
259.214105  
781.5172433  
1324.536702  
457.9187069  
425.690357  
103.8814039  
255.498102  
48.26535183  
228.25072  
201.1773384  
2345.268779  
1534.352964  
438.8909145  
996.8496759  
2789.88507  
305.2468451  
1167.632379  
381.5118875  
128.3245955  
513.7208211  
2.925666121  
825.6920225  
39.23926711  
