3058.234284  
10074.30896  
21356.86161  
27471.82597  
18393.53564  
51903.62333  
9905.71633  
73373.10344  
93086.25291  
4792.723349  
49424.35955  
43712.15146  
72141.61832  
179592.8546  
42381.84184  
107881.2991  
90812.58621  
15951.08442  
42643.76482  
57637.23791  
34385.81278  
84817.2753  
4881.725057  
28864.56831  
27369.60945  
15937.53885  
1304.965989  
15007.60029  
23480.80216  
36630.98428  
7587.02949  
14367.03727  
27480.39531  
14838.42982  
1804.838019  
16518.211  
26947.91025  
63259.46537  
20945.46519  
27338.72877  
12421.78569  
19902.76626  
6778.394835  
13352.79395  
11843.52766  
12248.92766  
6372.581817  
3471.948477  
455.355014  
1937.102664  
214.6496544  
2755.19059  
4529.992012  
9703.162151  
8689.417974  
19793.486  
7679.652017  
10147.74086  
5753.621987  
6953.580176  
16153.64282  
20880.01501  
5354.341371  
13116.13269  
8589.709518  
14028.22914  
2789.341038  
6301.482795  
5436.611196  
13096.00246  
2325.384982  
3422.80863  
816.4865028  
634.0665299  
1246.138442  
2192.84836  
1519.134921  
5772.685397  
566.2462332  
8192.183975  
3883.356819  
3213.235249  
4224.388757  
6730.58754  
4356.26765  
2103.414254  
4495.790106  
9365.004428  
5637.076817  
2349.737305  
965.0074176  
3499.684348  
4960.095465  
2794.472778  
4440.757735  
2979.157611  
442.4300799  
587.7169668  
3692.227209  
2777.684998  
1099.793316  
1563.687016  
586.3965792  
2148.794312  
2347.553741  
3525.228854  
1175.207395  
2674.136017  
1511.570364  
1202.407602  
2709.614456  
2636.896932  
461.6721746  
2032.471379  
865.5076878  
1387.715503  
2521.796116  
2882.37891  
582.3938021  
2663.351239  
149.1205652  
1386.505787  
4069.060987  
1397.863757  
1329.81488  
2705.064563  
1179.597709  
180.3078323  
43.67869789  
1935.413909  
817.4877687  
531.721913  
531.5326068  
1764.86178  
729.952277  
14.93231131  
330.7511004  
1768.748257  
409.3603836  
11.05804051  
438.5769691  
2729.57929  
1900.435206  
901.2910844  
865.5819867  
2290.354379  
296.6755963  
650.3097719  
454.1706339  
2925.554414  
718.2894276  
323.0551302  
694.7052506  
396.0304479  
970.5105483  
51.58106278  
39.66845694  
660.3457316  
692.4428325  
432.1532672  
469.1914958  
424.4098657  
94.01002663  
691.9168397  
432.7097534  
1383.632335  
914.3266919  
2336.043296  
2817.24462  
1882.107119  
526.217943  
1078.250888  
74.48577614  
845.3842374  
1792.037277  
1507.318073  
2517.624328  
1173.127662  
302.0547675  
1234.883959  
94.72122231  
36.36236291  
280.4526118  
910.8025074  
2154.918596  
1203.821959  
1270.401104  
2560.375605  
20.42627576  
670.3292689  
711.0571117  
2676.143793  
1186.374995  
524.0848361  
1254.602906  
847.8462316  
560.605742  
185.7304134  
426.6608601  
469.8172144  
1380.830116  
901.9712156  
840.952476  
933.1169795  
89.17432975  
385.6026234  
385.1014347  
661.9037874  
1707.75276  
1881.624239  
2866.385733  
922.802504  
601.9994345  
899.8679186  
741.1004705  
971.2266318  
709.3249384  
281.0841795  
1216.885271  
721.6461035  
928.7783129  
1151.916106  
11.14092125  
26.66498392  
1010.825377  
1313.037723  
1777.647051  
1869.216758  
529.7105869  
852.5416128  
111.7234957  
907.8310116  
2340.116403  
2159.744542  
1212.907647  
615.0936615  
204.698734  
954.6449724  
350.1292807  
558.8744462  
236.7993737  
523.7243029  
852.7687609  
730.5074778  
1798.927555  
1412.279784  
772.1849251  
81.31874078  
333.1809114  
846.971754  
2069.274096  
1627.482259  
1909.455549  
720.4516154  
160.1242461  
34.13284723  
721.6338544  
776.4657282  
1742.064409  
895.5231278  
47.20207542  
316.2507224  
764.5294921  
2554.858284  
1688.629728  
744.2323718  
265.2327365  
697.1140501  
1933.476008  
3006.369848  
787.4599283  
1222.82067  
205.414117  
73.55900397  
479.0821991  
1124.592433  
666.9631132  
1396.950119  
953.3828736  
972.1628531  
418.6150876  
1516.581327  
2416.560589  
2973.146195  
443.373307  
881.773168  
756.6037507  
2147.545181  
2943.779153  
655.6237421  
1211.748558  
34.36990254  
388.0606301  
976.3707064  
1504.04358  
