1156.215021  
1422.875933  
2515.131511  
16141.7009  
7579.205121  
33771.01191  
60218.58481  
924.8500077  
46114.49593  
245.8439147  
4450.320935  
16808.81827  
17824.80572  
44980.50882  
12067.59271  
2402.385016  
30133.38917  
9863.736653  
11603.49892  
2005.897278  
11571.13197  
13762.93653  
10205.26704  
1289.6052  
10675.6674  
16691.49671  
8323.02606  
5088.873969  
13679.87537  
2524.139134  
9697.380752  
12152.29292  
6055.297679  
1576.194172  
3435.858046  
1940.219616  
8216.710466  
1423.34971  
1560.383541  
952.0328925  
7340.126363  
8450.050384  
25992.23991  
16405.77443  
3281.240264  
935.2199736  
4093.421202  
936.0612534  
1467.359083  
4139.130296  
11660.89652  
5142.443791  
850.3523939  
420.7721363  
6548.982608  
4830.476924  
3532.790396  
12590.56392  
84.55754543  
6696.547302  
7120.320158  
1454.629882  
1612.471807  
8934.488848  
4527.849354  
4845.156111  
887.9181829  
5978.665467  
4612.057305  
3483.005593  
1454.190253  
2135.09813  
2785.578544  
6854.679917  
2940.564208  
818.137085  
750.3637534  
5548.428777  
1650.540708  
1748.392833  
877.4811638  
5479.106608  
3771.347093  
389.3008424  
3567.315061  
7.513983157  
2080.224665  
3146.510686  
1410.796386  
599.4686565  
2204.770569  
15.67755367  
1341.578277  
3.681551126  
5218.231671  
251.7498124  
801.7308217  
843.2999055  
3012.477111  
197.5479538  
528.6217461  
2398.756865  
1406.989491  
1618.583889  
3552.668834  
353.6646598  
866.8666443  
248.2838788  
1741.387189  
2114.655453  
46.93090697  
1122.052371  
131.8599446  
583.7341346  
200.7119979  
137.2706901  
4152.890389  
2019.720866  
1091.88588  
584.4433607  
721.1276498  
2380.573861  
1575.893082  
184.041719  
743.4421202  
399.7641199  
335.2486573  
387.2264017  
163.871349  
228.0652301  
281.0692684  
328.5642447  
901.4895089  
544.1265736  
973.9906014  
215.0420612  
630.6683574  
688.0082344  
642.9335681  
139.7903053  
340.4462639  
107.4889852  
1115.841887  
28.10331218  
473.8453475  
181.4375864  
989.3450685  
3.363517447  
73.29978896  
11.54781485  
50.16135097  
486.8698394  
22.54542372  
237.7150657  
324.6503339  
132.1026989  
58.38367192  
404.7097232  
335.5309517  
354.0445419  
273.0334271  
1257.718671  
39.42920958  
620.3167635  
408.214429  
142.0415096  
24.29748452  
888.4820331  
76.77628009  
134.5080117  
115.6115041  
574.9183634  
484.7496111  
465.067522  
89.44933569  
105.5588916  
209.8694357  
240.7964145  
35.77721574  
112.2102865  
641.2692798  
197.7620431  
226.9426913  
366.1249704  
1070.746378  
44.70734329  
213.509877  
9.802547161  
219.8008611  
284.7328121  
318.1941963  
46.82963185  
1608.599469  
36.85432786  
551.9874759  
432.8554812  
491.3533082  
208.5112037  
3.235698109  
533.5643246  
689.2424363  
511.6479217  
54.98708878  
243.3856289  
530.9011015  
560.4222999  
649.7117035  
84.77325404  
82.73269253  
292.1847443  
5.220064733  
273.6227803  
6.073439734  
23.27956648  
270.123856  
261.2442318  
44.94820867  
219.7369802  
97.03815801  
90.38369953  
68.8354313  
296.8378579  
234.7432517  
4.820216958  
77.41690535  
134.3080881  
222.3644399  
134.7425487  
304.2374389  
203.6820104  
160.757023  
115.2546095  
232.0645258  
453.8455847  
474.8961598  
25.1054375  
118.9204425  
40.72760742  
13.33907232  
22.57643774  
192.2233792  
13.17865255  
450.0356628  
117.7041382  
484.5703634  
39.02267618  
160.6303206  
0.4712939453  
645.4186786  
360.611041  
42.14681619  
53.73010829  
192.7348287  
176.4169609  
86.02393301  
115.960958  
110.5612205  
13.14078168  
13.88697125  
11.8833487  
120.3469586  
94.39332501  
14.21338096  
126.0658593  
42.09294168  
196.7777033  
43.63829257  
63.01169556  
291.9703754  
424.6410036  
3.022945661  
28.65543539  
339.2791357  
49.88774133  
34.44339674  
10.22089397  
78.958728  
45.6735904  
208.35081  
1.299273957  
15.67051758  
115.723024  
238.0047732  
2.794201972  
20.84548701  
344.6412306  
137.6498728  
97.26699341  
158.8092207  
45.41782584  
106.8878596  
65.11199434  
29.80947764  
16.91306975  
61.73392953  
