171.7139624  
1088.318786  
599.593037  
4732.797516  
1920.403965  
3739.28147  
4787.030619  
7101.642657  
3416.661604  
3446.536527  
4356.4777  
4784.761059  
29.19669526  
5427.167211  
2850.420725  
1759.608391  
2504.300184  
3225.194017  
1173.378945  
191.8124904  
1084.618131  
882.0164741  
296.1038879  
5495.401547  
1671.548315  
6196.76185  
275.1791244  
118.7895347  
173.747567  
1513.677351  
2266.911013  
623.8796648  
843.2902429  
612.9188403  
179.520171  
1469.984892  
1773.276498  
8521.444538  
526.6092066  
1712.388002  
238.9168569  
1178.104201  
2346.679413  
29.17891028  
760.3998361  
606.3318901  
319.5504455  
900.7339756  
10.23978037  
2853.508628  
5916.317339  
158.6062339  
74.29019732  
392.4301751  
2763.965502  
918.8479208  
1229.947199  
941.3744372  
132.5109244  
1138.007782  
188.986674  
4895.126748  
1264.708581  
3653.127435  
639.6461019  
889.9949359  
633.6599788  
1688.37467  
2959.264719  
1493.891949  
205.9983935  
750.6059236  
679.4843047  
1310.61147  
461.8331262  
2805.296464  
170.9753768  
1332.285619  
1749.587386  
2287.961782  
1277.390107  
970.2290713  
130.6601656  
970.4888819  
1075.04904  
390.8233478  
373.9320756  
6586.345384  
777.0508262  
2185.751351  
978.5507264  
76.11299157  
2724.492349  
177.9168412  
2115.300559  
1329.823408  
590.7075655  
810.4608902  
533.3692544  
86.96796926  
49.94887163  
4946.207301  
2033.355366  
2193.646264  
2808.210711  
695.1400701  
401.328721  
1752.670387  
657.9985556  
2469.957894  
292.8347366  
549.2167052  
1565.995498  
6120.216356  
285.8199874  
1212.911372  
3922.605223  
814.6932509  
2871.963398  
847.1965433  
1213.23748  
2460.972997  
267.2027339  
1473.761094  
721.9582799  
945.4907078  
229.7481504  
1162.308625  
765.451535  
1415.814973  
8560.979106  
3812.517002  
721.7636325  
2086.717174  
190.8466157  
2127.003276  
2966.944051  
3759.16438  
362.8997875  
1951.301968  
181.0784716  
1126.464487  
677.878487  
1703.114185  
1847.522858  
63.79596053  
2951.210153  
122.1463165  
193.1070603  
1348.151177  
1345.761851  
2292.070803  
537.7021131  
64.24709711  
546.6964202  
1580.882365  
1043.741722  
1309.723826  
21.49330585  
1403.116455  
1010.799858  
1034.131089  
2130.362206  
3293.166646  
1789.090547  
49.03158963  
428.8823509  
1047.064518  
951.5926126  
586.7568918  
139.2027736  
1291.433494  
515.999831  
281.355408  
26.19812485  
1573.181776  
486.9679621  
119.9227751  
327.2511799  
98.21317732  
74.7705641  
1628.478184  
1148.872966  
983.7936106  
297.3100596  
206.9808319  
891.7112913  
80.55441802  
35.69322368  
795.5537542  
358.6321579  
19.87745036  
29.06442406  
264.5494477  
165.6415533  
15.84009866  
484.7437948  
142.6459396  
617.4670547  
121.1647884  
223.5946761  
1187.798039  
73.55502104  
363.7750589  
483.9458  
980.970603  
1424.813119  
268.9352378  
36.01511834  
102.3185527  
1255.503819  
151.3558287  
568.7261799  
408.8526553  
9.898500017  
252.7305038  
1075.92597  
148.4514544  
335.3708953  
12.9858843  
270.7181262  
465.4757973  
12.45645052  
3.081277516  
236.9926423  
517.8096636  
16.45747124  
111.0574381  
86.08029577  
536.3900936  
1146.603704  
368.7838763  
878.4294951  
393.0475869  
643.9350859  
205.7880385  
514.1047719  
236.9590934  
68.67019938  
621.15161  
466.8644552  
298.1143914  
76.09857553  
66.88522215  
275.4254518  
335.458276  
39.10316322  
318.4286327  
11.98651088  
994.2590826  
550.3388097  
305.2104626  
171.4201249  
94.15942192  
266.6064653  
164.5413598  
128.6442167  
119.31228  
228.441021  
100.8381485  
96.95777834  
784.5281802  
593.0236255  
71.04192635  
76.73866434  
205.4930324  
62.75851165  
179.0729917  
399.2052972  
93.829092  
15.84809411  
5.118831902  
142.8401457  
180.1134633  
229.9694815  
204.8923007  
37.52882424  
267.6757715  
132.8759158  
147.2404322  
492.2014034  
253.1764899  
1969.253273  
340.9457484  
38.22591216  
111.9339092  
30.24969009  
1136.468264  
86.4356576  
42.98696872  
290.2182411  
223.9469155  
83.32873768  
130.0858221  
150.5101511  
