142.3626842  
531.0049731  
1692.903725  
807.5629726  
3145.03588  
3020.066147  
4790.962945  
8481.978643  
6303.726895  
20699.33543  
22591.16556  
7513.091161  
277.077185  
2898.620542  
5349.082459  
10703.94434  
12095.66007  
18893.84489  
7969.951557  
25509.17717  
18408.71575  
2863.414265  
3212.59879  
7521.141286  
151.3260044  
9175.952407  
5200.179274  
9331.146285  
170.3225817  
12017.0937  
5382.805054  
4918.504009  
1454.446773  
2083.36743  
8600.195799  
1652.043467  
1930.956154  
2634.385838  
514.8919302  
65.24653338  
3663.988762  
1060.007913  
3745.229822  
235.8390156  
1023.190087  
2085.84314  
1476.216258  
3090.257515  
1499.411395  
2058.872326  
1946.210047  
4144.996522  
9457.017489  
5244.401272  
5334.738992  
268.2666099  
270.0289698  
3377.032148  
1033.785427  
829.1388941  
1454.165836  
1274.208647  
898.6372262  
98.0940352  
850.8622485  
1748.329495  
330.3105036  
500.6618662  
332.5900189  
670.8785212  
1155.328666  
244.4668786  
3109.28231  
473.5313371  
239.9653129  
1266.161033  
36.011654  
944.4789058  
1297.314057  
684.6969895  
231.4294708  
481.3797397  
1151.982211  
1196.092473  
626.606104  
617.7137929  
65.25373036  
1276.909532  
113.0199355  
1530.494285  
486.3418166  
511.2756286  
1015.478888  
530.3843094  
62.50871723  
3674.262451  
318.0394014  
335.7939999  
587.1046283  
537.9610462  
87.81538459  
661.5324977  
55.48509054  
709.3077532  
3130.534011  
1550.581634  
218.6143936  
3220.981652  
167.3780722  
751.5386274  
23.11704337  
165.2331391  
599.1221971  
1350.832231  
455.8799166  
258.6759945  
1287.644495  
414.0967172  
2069.787198  
2.537724911  
339.1132713  
4.333431995  
1044.000115  
175.5165486  
383.4805606  
837.5328686  
208.7593224  
266.2101166  
321.6354173  
475.3396942  
894.4993935  
1101.879461  
38.51601553  
744.920597  
909.7699212  
794.7922773  
1065.769615  
845.279652  
232.4140053  
901.8238321  
442.8703103  
507.488618  
554.7946067  
375.6419032  
108.4609516  
411.8389711  
1166.44189  
366.4854864  
348.8416253  
146.2467457  
106.7970805  
411.8178269  
1538.845188  
432.9685603  
844.895138  
595.6096705  
126.5387637  
1050.653143  
121.801876  
357.3277239  
1068.7662  
223.377702  
108.3721859  
224.2695191  
540.6834411  
587.5213117  
245.3610326  
690.8198911  
582.4233363  
1030.242298  
686.6252493  
714.8057682  
128.7843605  
3.660160915  
38.99860135  
34.7312259  
13.38911474  
262.1858013  
62.60589571  
233.832803  
20.72555574  
528.4530012  
386.4637152  
534.9641449  
7.529293913  
25.65538031  
237.3099849  
315.7213745  
180.7645841  
289.7465167  
2.278727474  
139.1966665  
39.65780989  
49.39287299  
40.15099738  
93.6145852  
29.75412814  
106.8959289  
36.35745621  
163.9701707  
52.52785843  
121.9817417  
50.46137732  
57.02105103  
133.8945936  
437.1599192  
39.17194925  
519.7644132  
134.1938727  
71.62854477  
5.441661936  
14.24311383  
180.108805  
198.1994547  
83.41521559  
367.8585116  
635.0773973  
95.59063967  
56.64740546  
68.58527071  
199.4512178  
32.06866969  
68.22683257  
11.41946763  
234.0388073  
438.432826  
232.8569535  
159.6907524  
76.53176581  
6.352354688  
102.1462304  
224.5749955  
302.1080656  
306.5120647  
131.0081909  
670.9244866  
43.19443572  
153.6536798  
177.4600228  
337.9729522  
29.67107624  
238.1928627  
32.94858505  
7.882041613  
34.73625876  
294.7761828  
157.6375587  
453.3535862  
133.714411  
73.04919318  
126.3038885  
110.7742133  
21.28096333  
49.15616087  
70.71169032  
30.47116721  
17.27974175  
74.40516245  
92.22259583  
65.36792548  
64.52884822  
31.7109666  
35.38294213  
317.1909831  
35.45246272  
177.3928242  
16.58170133  
23.5961771  
68.33143957  
230.1314942  
173.9455218  
39.33362134  
34.19905187  
77.09105603  
25.22208277  
47.72346861  
71.71875596  
50.91298084  
101.9114963  
89.21378805  
28.36838299  
133.1035567  
173.3003993  
118.9810285  
58.31555819  
67.66562944  
55.7029214  
20.22239541  
13.87614125  
72.54470299  
28.03114307  
174.8745024  
112.0826846  
36.03386097  
18.25586548  
