43.94697653  
2.495950469  
482.9979544  
607.3395044  
436.8607063  
33.95779092  
4073.800849  
5448.765614  
4604.669359  
760.34543  
1901.95432  
13585.52481  
3197.58664  
1510.856938  
4074.635785  
866.4041472  
2523.61296  
2751.429073  
1177.694214  
1484.684368  
1706.049463  
909.7169072  
785.6603321  
1935.891436  
8380.326736  
3206.180483  
3937.769386  
1065.625332  
2851.238412  
5647.665516  
612.7497953  
796.4172548  
615.8885044  
53.97018686  
613.8867191  
3296.774602  
1105.313389  
1001.335998  
679.6210818  
2893.907625  
5369.851978  
1262.107794  
1980.646483  
818.7460412  
979.5768627  
453.3451744  
105.3577789  
3187.492155  
949.9947881  
1625.316771  
697.5475106  
3137.476363  
166.6665973  
661.0248081  
2600.725429  
1581.066484  
759.341703  
808.8862998  
161.7820434  
851.6034402  
289.1534284  
346.4252744  
589.8812346  
788.5773241  
82.60744102  
432.6686177  
1857.982889  
2201.688006  
760.2885672  
1091.746165  
1080.923497  
1738.019679  
130.8369406  
1388.960131  
106.6268501  
562.6606467  
149.7286882  
338.8676281  
378.3007967  
584.9559275  
1963.854531  
2560.278339  
2656.570264  
2278.619129  
2487.350549  
3476.759335  
378.4803195  
120.2413885  
318.7651303  
1060.763672  
131.6798986  
680.1275932  
3171.255219  
134.4350916  
252.4783182  
441.0300434  
1019.064713  
1570.379221  
876.041238  
377.5014984  
122.3151317  
2092.799923  
348.0949802  
260.3143553  
2741.629174  
1810.420898  
532.0902798  
1574.438222  
768.5741492  
4506.618401  
1461.413365  
1121.4923  
541.5507933  
1443.727904  
1137.733043  
4.064120377  
177.0910807  
1108.510778  
406.6748406  
861.1206675  
911.5992926  
2029.22004  
173.5171918  
624.6431678  
190.8366457  
1267.552251  
1668.243314  
1870.795195  
3635.123117  
790.9507719  
1579.63997  
192.7787935  
21.71208163  
1464.860033  
1535.866144  
47.73861199  
967.3922203  
837.4619956  
345.9967277  
72.64681527  
653.4111552  
808.5164168  
171.6558222  
79.71768174  
482.7099289  
835.6443785  
1312.453422  
1076.164118  
600.1626956  
955.6981088  
488.9195651  
502.7134357  
664.8254675  
1227.89755  
1704.732351  
3037.996937  
70.66910692  
134.4519105  
663.4599516  
476.4359476  
1740.369577  
2895.943329  
1258.847974  
2849.489646  
1799.814477  
2479.401555  
455.2395627  
399.7807685  
663.7535299  
15.54845682  
1355.409555  
294.4122474  
955.0853436  
1026.912047  
246.4547692  
160.6426225  
221.8274197  
3.768305018  
431.8614544  
198.3576986  
162.9344908  
103.2400992  
64.59217341  
1359.793884  
273.4911196  
2126.978345  
144.001446  
433.3606229  
723.0162538  
202.3232528  
472.6573774  
798.3057539  
115.4392455  
60.67505491  
1620.975485  
35.43231026  
500.7808775  
121.0052854  
251.8889664  
119.8166221  
180.6242837  
90.0114645  
45.29058834  
605.1075862  
282.6540827  
762.1563713  
173.3912645  
80.88968498  
289.1885864  
61.06234252  
43.51414255  
406.9525284  
537.9023801  
118.9391122  
92.68807156  
644.6651138  
389.3160169  
747.1876714  
40.04692814  
468.1362375  
2474.292819  
321.3777249  
1128.989506  
764.8353578  
1030.366033  
411.7574907  
69.75141845  
130.8588884  
822.2247113  
1050.641021  
305.6997905  
1038.180662  
615.9389821  
275.1781043  
283.8188424  
7.313109887  
676.7492792  
2.654016353  
468.0634648  
190.8339776  
58.23861403  
467.5900524  
348.173139  
52.50943462  
635.7169745  
520.6357317  
632.1978701  
536.2343559  
182.3122039  
354.071874  
234.9477688  
922.8426625  
179.0133274  
467.4959154  
270.3930413  
292.6146154  
22.53200463  
34.08525464  
20.25655404  
241.4257671  
1672.540955  
974.6402739  
645.5608067  
30.31697547  
45.78012971  
1074.674321  
293.8395214  
581.231039  
84.37334987  
597.9516493  
11.47516932  
292.7760481  
420.6076543  
205.0086065  
141.9818914  
154.8674725  
335.4138243  
115.129609  
377.6701842  
133.4972667  
336.4774129  
1023.362112  
213.9759661  
54.5188492  
267.779221  
193.3140169  
941.4912483  
233.4867652  
380.2524932  
152.8669196  
213.5817147  
179.2704528  
55.93458874  
66.5113024  
487.1037267  
