189.0930993  
355.9256465  
3112.695236  
6281.409698  
621.1168687  
19775.47321  
39812.73764  
5264.359147  
5813.886392  
29980.4633  
8912.407305  
84867.00231  
2522.927548  
3705.621587  
7828.783698  
15695.40018  
25474.37824  
18023.65115  
2982.135125  
6400.918253  
10332.39381  
975.360869  
16875.4678  
3257.573506  
2376.74616  
15218.52565  
26490.85135  
22924.19974  
4443.401727  
16004.29435  
23647.66244  
1146.11719  
3145.424682  
3146.311618  
2388.113829  
4183.010214  
6151.77094  
2039.408102  
532.0316287  
410.1419362  
1204.38538  
1099.255061  
21905.93996  
2220.017423  
4692.820219  
10104.76758  
2472.807283  
15304.81825  
1377.34781  
10195.26992  
3648.137522  
2900.156183  
5760.271639  
2815.033353  
3952.976402  
5338.463294  
1870.401892  
13967.34989  
6307.848241  
647.7811244  
2206.307095  
279.7992515  
2147.663117  
3447.595989  
2113.143212  
6999.433068  
5553.296848  
8632.618095  
1952.698852  
2607.086754  
1789.801731  
117.6457523  
2336.244854  
6533.134694  
732.342102  
3220.737588  
95.70298457  
6794.914598  
2804.579655  
5105.284227  
1084.661295  
4942.680347  
397.17321  
179.68773  
606.1809931  
743.4291215  
5647.963082  
976.4971236  
1744.654903  
3752.256728  
2598.624494  
206.4782782  
2365.610234  
669.7429808  
480.7896798  
168.32526  
2067.875549  
124.6260271  
555.0887019  
445.2376369  
873.6769563  
491.5343397  
916.3644151  
674.2339258  
898.3329483  
211.2091768  
448.5783713  
430.0284144  
2061.257339  
1210.889607  
766.1422732  
933.2354067  
2344.93394  
35.67586876  
1063.604766  
289.5622981  
1644.307512  
2498.088981  
1544.714377  
270.5901034  
369.3330476  
1549.071568  
277.8888838  
590.9903404  
1006.66501  
5454.293991  
988.7340309  
181.3222426  
1974.538377  
3303.303777  
612.9531055  
783.1479721  
3219.214856  
4929.632177  
156.8258054  
1068.024255  
1038.565304  
245.7811102  
513.5429783  
962.5741497  
4904.747611  
266.1294697  
1958.519784  
188.4732638  
26.91219512  
1175.928172  
1335.405765  
1635.147891  
497.504225  
637.9538044  
235.9055639  
282.3830775  
166.0042666  
532.6564575  
583.7936943  
971.1380272  
288.1810631  
61.35065126  
1900.547619  
105.6726747  
3320.176989  
1822.919337  
749.0627181  
68.89859636  
2003.327162  
425.5829273  
1113.90412  
924.8896063  
1677.55073  
1589.884343  
784.3178815  
62.70697695  
1585.597657  
1845.420563  
1159.412154  
2458.560211  
343.9195169  
658.8737868  
374.0926405  
102.3932544  
117.6471045  
1251.020903  
640.351354  
218.1560998  
552.835696  
1304.963044  
781.3756921  
1103.357476  
353.0802495  
177.5607283  
39.84816094  
151.1602785  
72.84495207  
108.2107806  
1050.868617  
26.25077115  
500.8720287  
326.8668853  
896.0671719  
1.815061342  
837.683921  
1080.084754  
769.8041056  
117.4398637  
710.1716705  
154.2531192  
104.5651095  
2187.498669  
105.9045291  
99.54132478  
216.5415594  
230.1348662  
14.21863242  
638.405778  
272.7558866  
431.9768995  
296.4218045  
287.2050778  
134.2989918  
384.09165  
88.73502073  
1047.437924  
2.801407566  
94.69010566  
256.5611418  
7.344981208  
418.6023614  
178.9131463  
618.2058061  
1470.195172  
81.53558165  
403.4332559  
18.17183961  
22.21748966  
181.6898678  
107.3324036  
56.76255664  
22.41942009  
29.37994956  
24.66355316  
357.0184092  
561.4460551  
76.16542126  
173.6335408  
46.19838646  
144.3664967  
251.2852625  
108.1110239  
112.0994561  
104.8035308  
68.14438244  
11.70366361  
348.4291181  
49.68779283  
136.8360112  
152.3338903  
90.40728519  
172.6879212  
403.5560721  
5.772933156  
135.0863484  
23.70191801  
32.94522374  
226.2690502  
98.15528607  
79.30328999  
89.20104467  
70.67038347  
147.5268741  
145.5341801  
12.71579158  
26.09039246  
178.3265549  
53.32675938  
60.1386512  
76.59238854  
93.82328982  
79.92574984  
262.745588  
3.015679522  
129.4817659  
86.80145308  
9.587023181  
55.0733025  
269.0063497  
179.6220671  
50.63104071  
2.314127406  
3.010153437  
52.41659832  
10.0801105  
62.7162189  
290.8242541  
29.74723266  
59.59466931  
