558.2357125  
389.9762395  
1854.506977  
1454.620018  
3198.989432  
12665.69272  
16686.8325  
23710.33307  
9503.898487  
4210.021008  
1849.992922  
4778.371635  
179.165385  
4008.652957  
11670.95536  
4394.799268  
1260.229082  
1361.953737  
8565.340727  
2935.825892  
9168.58504  
11709.58672  
2884.353327  
8760.928747  
11107.5794  
5556.941436  
3848.744569  
628.2409236  
1140.82912  
1375.963976  
7522.530054  
9478.933006  
3060.063666  
271.4284503  
442.6740823  
12658.20397  
3322.76585  
8840.156194  
2967.376271  
2600.47121  
3084.281693  
1561.380709  
13884.9599  
4944.388714  
4117.919779  
130.1648285  
2375.330062  
801.0748333  
4710.604412  
2861.73147  
5067.872009  
3224.339432  
974.3093509  
141.8210245  
1437.615375  
343.0562347  
962.5067876  
16587.75526  
1874.560977  
1352.341139  
3074.144989  
915.0172585  
22.87417732  
4355.364282  
6760.12989  
12950.03435  
60.01010345  
4109.516527  
1399.644144  
100.444178  
79.61764491  
1217.142115  
4540.137192  
1033.208678  
928.2860516  
4693.74465  
861.6350838  
4269.489127  
29.71412416  
529.541714  
271.3199315  
2435.01364  
766.4100733  
304.4815929  
934.3718859  
478.4179894  
1757.580034  
15.28244007  
33.76058359  
1878.096551  
2117.896964  
70.35380677  
196.6564559  
3.738746981  
1920.225799  
188.9984361  
1011.763913  
1657.917903  
167.6156726  
1034.503932  
2551.143666  
1628.118198  
1109.341191  
3016.442497  
130.0488714  
2274.135535  
483.9022827  
519.5940568  
1462.412211  
2776.582955  
463.1937638  
305.4330438  
2285.39032  
875.616829  
3638.604072  
13.9875356  
1939.643094  
1908.442179  
1401.763569  
348.4323554  
518.1222009  
937.8770667  
1810.847307  
6277.185041  
2630.864421  
350.3327452  
235.0324863  
1667.107958  
448.6572441  
443.56581  
450.7496114  
754.6417884  
932.134008  
1703.779291  
1794.377836  
2431.402115  
580.0617292  
163.0292657  
2624.175527  
1450.185537  
1721.992423  
331.6002808  
4212.824649  
176.7123671  
349.3008392  
665.7839915  
846.3377695  
1901.842332  
4009.121629  
1308.107336  
659.0961646  
45.17778594  
5.409953216  
133.3604602  
217.3490458  
279.857705  
299.3074198  
70.13401014  
314.1558321  
1111.920395  
1129.519911  
18.55050492  
1442.834545  
4128.891154  
1544.989456  
612.8481088  
94.76002011  
2012.31556  
97.97064219  
150.7179934  
1546.412202  
31.98155657  
78.33246741  
120.1605491  
817.6175972  
648.8386519  
50.84226333  
97.44820387  
2265.907101  
153.3439276  
883.6052181  
2191.48134  
472.254179  
849.5033283  
156.8063327  
16.66167812  
565.2263093  
406.7597892  
319.4809134  
152.6900618  
1287.30954  
216.5784001  
32.47833868  
147.0705233  
692.9820236  
716.9278001  
363.4921701  
14.09222325  
205.3716081  
368.1871055  
607.1931526  
1370.353815  
1361.217836  
95.74737426  
1055.805059  
256.5772208  
13.09601565  
89.91243406  
743.1843534  
972.4444217  
1547.708917  
38.21199412  
448.7941598  
340.704484  
386.2069062  
461.9716929  
59.9883909  
84.47572022  
222.6211255  
743.473592  
414.8337531  
1426.549519  
353.0018278  
197.7376726  
1410.57318  
533.6827494  
172.2404696  
1593.58065  
452.2423408  
660.267706  
1241.023325  
1599.866704  
109.7044684  
141.4438013  
532.3946903  
38.53568674  
37.3487359  
415.3330154  
57.56022799  
1283.848448  
1476.689788  
197.075538  
11.90783243  
117.6409389  
1126.974348  
995.1076262  
926.0285105  
161.0990659  
74.53869241  
239.1419012  
258.1919764  
56.66263686  
1339.564802  
259.8614757  
35.14064307  
214.2761922  
418.3419213  
260.684019  
660.1768665  
1503.184398  
170.6388524  
338.4243671  
292.7008938  
803.4124189  
292.7689175  
373.8401471  
704.0166654  
167.1617047  
583.4729506  
583.0518577  
907.2756417  
407.2585524  
97.2938575  
663.0366024  
625.8476954  
217.8180317  
552.8922393  
230.040667  
633.1210389  
280.2846845  
139.6778033  
381.089977  
158.523309  
191.5981449  
948.4638285  
452.3113122  
1252.606737  
836.3876861  
6.795348238  
602.5175972  
702.799465  
71.59012136  
1028.813976  
317.5322645  
85.16773178  
