106.1666536  
869.0196184  
4551.541172  
8884.635506  
11374.41349  
8161.933253  
20223.17833  
24560.94293  
52795.66761  
10668.83419  
30383.67791  
44955.46408  
9307.659988  
9465.779255  
10345.93998  
462.0831006  
8125.23975  
24737.14496  
9236.014026  
1433.207857  
17466.53741  
8660.680876  
22476.70293  
11562.10382  
15450.06529  
5964.373547  
29452.7121  
18048.54181  
8197.277605  
17457.68786  
5056.239923  
4795.043238  
9986.789017  
65.25167502  
4100.29643  
688.658491  
1209.53158  
19366.33873  
1237.201569  
2658.375799  
3245.038661  
4063.973526  
15358.73806  
2256.127011  
17.07811087  
3612.62473  
1196.060732  
8073.296386  
16.7240947  
5541.882194  
9672.575753  
15419.43815  
6915.972073  
3011.854112  
8316.605455  
302.719389  
268.2520539  
19495.90522  
1201.99481  
553.4310831  
147.0050804  
1042.868888  
520.4657305  
303.3317543  
1167.398547  
10396.74142  
1598.105777  
6299.686342  
5086.561087  
5191.705052  
218.1879532  
387.8305222  
445.3094737  
1262.763852  
1060.8649  
5962.413141  
1169.262626  
12085.19055  
729.4739327  
3757.787242  
303.1898242  
2895.179843  
369.0671777  
121.4653578  
0.7876155477  
2616.630348  
3511.95899  
479.7056236  
3263.492947  
2111.238576  
139.9665508  
617.7163024  
2985.239574  
716.4152996  
609.7060965  
4643.511297  
617.9698826  
925.0789207  
3059.619032  
37.54343436  
307.3880973  
2388.805956  
137.9022026  
3907.853784  
661.54068  
2995.47703  
846.6667791  
606.0547325  
26.56117471  
1190.217801  
236.7649079  
256.9444041  
313.2878378  
2511.310625  
1963.793151  
505.0833897  
2262.921219  
982.064174  
574.0479192  
128.8086039  
1496.097719  
133.9612541  
1802.25243  
480.0442051  
72.5257705  
1344.254379  
436.0406987  
60.12649699  
347.3603804  
1088.149895  
508.7781444  
108.6422631  
301.9041491  
783.5138635  
2153.316143  
425.3610855  
2679.161059  
321.5197449  
447.7332698  
118.3326999  
520.0609602  
609.4566392  
231.5492762  
727.8474266  
643.8399486  
49.07506063  
661.2718873  
46.31941265  
2005.029095  
107.4636207  
394.6658701  
696.6595577  
79.78436917  
639.9659408  
78.83993417  
352.7178878  
45.289533  
65.89173531  
354.3715465  
103.4775676  
751.9145645  
1211.857466  
34.7127658  
269.517171  
761.9700874  
1184.603113  
97.1776997  
745.8442806  
548.4089175  
213.8690594  
246.1709656  
581.8327972  
578.578564  
25.70899694  
551.0457626  
312.8516993  
372.1830568  
1275.235454  
320.3669133  
59.72247928  
4.063706956  
200.0242043  
120.7514453  
145.201082  
181.3825026  
2.79735301  
213.0756048  
571.1462  
365.1313458  
420.4051686  
38.49876163  
29.06661729  
517.0035341  
114.7238376  
19.57171503  
87.36636908  
17.64734611  
140.73505  
388.8005176  
316.5332576  
42.92591466  
210.5992011  
90.21453186  
1127.170108  
417.3230555  
289.3943583  
37.22589829  
598.8465926  
1070.774178  
311.9241307  
587.3022125  
90.33681478  
44.9991801  
742.0432371  
1274.710424  
22.5979545  
131.775162  
1106.828542  
341.418425  
71.96118672  
109.5392851  
115.1778172  
297.6843983  
117.8098204  
238.4406892  
1073.615763  
106.1813  
60.74864951  
125.826164  
172.7518491  
168.7184206  
168.6192656  
180.8448063  
833.7308578  
121.7071731  
507.0737861  
94.72712873  
28.01995835  
792.8765069  
550.6432057  
345.5335179  
363.6417448  
2.12030913  
367.7050074  
178.3952897  
492.31671  
26.90712208  
62.850793  
107.6402958  
110.3854157  
310.6979155  
72.43037226  
624.9085936  
108.9812987  
798.0834278  
1135.193017  
10.64401356  
174.5427759  
511.9367291  
78.50040276  
882.6218508  
116.7482772  
278.1357459  
479.4863166  
71.09675636  
63.11138475  
167.4965484  
361.7338917  
385.3389217  
790.0492661  
131.5747304  
67.80251903  
98.45221356  
130.5027965  
107.4963755  
145.8420134  
237.1056283  
72.93602163  
485.5370479  
16.92708823  
93.12455127  
642.8126429  
164.4231742  
319.2933413  
46.18676106  
8.125217681  
512.0979227  
69.779476  
150.8765798  
244.0164851  
926.5264869  
47.02138953  
122.7692552  
166.0713123  
316.7429143  
