32.20012332  
72.17638766  
1281.067481  
723.5732008  
1944.055868  
3672.956732  
717.484347  
17598.33866  
1158.350544  
5984.80911  
3622.956967  
3624.392758  
810.4669234  
1039.750736  
85.94515374  
2291.62841  
1120.788365  
4335.146634  
2472.277778  
771.4765384  
977.7401459  
2562.302524  
447.2903377  
1419.175014  
4266.998582  
143.8861859  
3035.082349  
2554.402548  
1722.846188  
1049.823438  
1920.997283  
567.4436038  
3102.48117  
527.9218159  
6.927595098  
279.6589731  
1556.811494  
1969.63979  
1108.330489  
683.9858932  
411.3143197  
490.3682196  
4507.406787  
1257.442324  
5259.463836  
1513.16019  
3050.35004  
1322.968198  
633.6800513  
2260.333737  
1766.795061  
283.3410644  
893.7552422  
1653.370706  
672.2859231  
153.2847295  
801.2988581  
1641.901646  
1352.302104  
3.132416512  
178.895042  
161.2304783  
228.2315349  
25.29444829  
338.1073923  
851.40311  
527.3372367  
3229.484436  
4475.69395  
1151.056381  
365.0790374  
2219.674626  
648.857811  
45.97162052  
885.4803488  
2668.329855  
362.8028699  
27.74907983  
3362.651766  
127.8909716  
729.4701845  
19.11932512  
327.261451  
1544.388618  
1084.767942  
887.7563264  
641.6755815  
314.1767308  
1629.988749  
74.53941153  
58.67452995  
792.946999  
597.817839  
1173.424467  
581.4514428  
166.6030787  
215.5649161  
733.8267772  
1100.548373  
1761.745414  
514.2252783  
1254.953074  
802.5554416  
146.6807848  
1059.380336  
586.5924248  
490.8114943  
3120.915421  
43.12219959  
719.7549907  
1256.363251  
962.9148141  
1847.600093  
2053.788924  
85.36790534  
90.80893926  
70.50972968  
1331.842182  
1373.261696  
1670.3162  
674.186759  
653.5005904  
789.8052574  
242.7078363  
652.6905664  
2049.623206  
2324.999861  
1147.268847  
232.1656671  
980.9662937  
171.9918115  
2264.81104  
82.59116583  
34.27539663  
177.1695389  
2222.488669  
2136.458671  
68.19748596  
118.5324638  
203.9577217  
590.1368672  
28.37595042  
1464.509617  
1358.020358  
739.4060362  
1098.487132  
551.2659326  
504.1811865  
2037.788519  
1349.670192  
295.875447  
446.1239039  
451.8327838  
196.0249316  
352.1046738  
629.1540089  
1194.752556  
1603.757952  
82.34595724  
227.6217639  
269.0994982  
285.9867972  
2005.889984  
1138.512742  
344.9510727  
137.5398275  
860.6431297  
923.1396817  
1916.420616  
146.509945  
640.9368644  
153.8063265  
97.68928488  
17.88472714  
1619.477284  
36.40579576  
121.7449995  
6.615223465  
437.4571633  
639.2274984  
602.3038576  
60.00418517  
473.9750608  
598.8708678  
235.2990213  
471.7181277  
603.4204152  
349.5951754  
2375.917648  
412.6513575  
2262.730141  
39.05624907  
94.89362972  
189.2980238  
795.5933644  
69.84318609  
209.1219877  
375.0754463  
552.7840391  
299.1756165  
392.8355331  
85.68990222  
1014.630757  
1168.791773  
397.0413937  
402.6037892  
361.0381271  
277.4509194  
749.5489012  
1022.444442  
144.6357479  
548.6121145  
392.2019195  
196.8118318  
450.3130573  
2152.854496  
135.3824134  
567.4917601  
643.0992215  
233.7504092  
294.5749256  
565.0293805  
1545.798168  
232.4884028  
831.7429847  
196.7250265  
180.1331317  
26.02374925  
101.317386  
580.6905605  
472.2934848  
484.85878  
595.7953104  
313.3359474  
804.6161433  
6.785359098  
717.108299  
128.868332  
557.4378762  
810.4309573  
188.314196  
183.6056831  
283.654258  
360.3244647  
81.28107907  
127.3389777  
100.7673753  
12.2378469  
266.0704772  
66.74782831  
9.460594742  
815.5094841  
304.5931694  
438.5289654  
67.47315337  
1137.21102  
125.7524143  
466.1471452  
52.65497506  
0.3871082423  
544.1234276  
15.70712185  
957.4040696  
326.3195864  
60.22978167  
1541.977562  
120.3357256  
225.6890058  
1123.39343  
152.8362865  
1314.024853  
51.90189236  
305.9790747  
47.02280815  
70.73510452  
89.02215175  
46.67403645  
91.99465011  
66.72774425  
923.0580063  
447.133067  
461.543831  
57.21402273  
254.2264247  
382.2449985  
477.0215984  
448.6344658  
408.1109917  
516.5159114  
399.848274  
92.06223138  
301.7112979  
75.73707839  
72.31993216  
2380.264719  
