90.39158982  
6172.649084  
8012.173893  
27767.95638  
20025.8135  
84699.1547  
40388.30645  
83780.74643  
78166.97465  
24477.26798  
2634.66465  
60978.85658  
24673.7026  
11398.3394  
11024.10219  
3658.61547  
35869.27996  
9464.554483  
14126.21906  
13632.04779  
1640.249625  
7979.061231  
2188.041286  
15293.51504  
4889.959659  
28350.86717  
6225.473322  
6083.348923  
5433.999221  
284.4402602  
4263.745178  
1276.595985  
6499.696164  
7426.402268  
2026.932124  
3296.363826  
10538.12332  
2820.221505  
5295.335246  
5284.231929  
2538.919055  
6688.567839  
22371.63661  
3075.301736  
2758.13409  
8155.60848  
1821.216747  
946.07927  
2249.695791  
1969.97612  
6872.570422  
2540.868281  
592.3907468  
1497.361388  
228.5795488  
2696.90006  
6525.146428  
3793.275122  
2368.391947  
6857.663634  
5024.214472  
4150.173964  
259.6394234  
1516.805302  
1329.421577  
68.53090242  
4029.227573  
1882.667313  
614.9915079  
70.15551641  
9953.444379  
4204.974312  
737.0846586  
109.3610627  
1336.804444  
47.53956739  
758.6177861  
14983.16419  
326.6378409  
1339.679878  
2323.02916  
640.280093  
3327.480813  
2051.395182  
1594.910979  
1876.142942  
615.7372538  
4008.13075  
2207.41454  
2134.415764  
2723.46957  
1508.94106  
672.3663656  
22.50582906  
8136.31246  
8398.081444  
4841.636418  
213.4263618  
4606.644334  
654.2145782  
755.2524023  
5854.480807  
2248.68142  
4284.52704  
755.6951114  
1408.031565  
2677.353129  
7049.35697  
13475.93783  
500.7127694  
2591.315892  
557.4208502  
1199.446382  
1317.459101  
1888.283855  
25.07820224  
533.4890434  
1793.111893  
240.6358829  
1777.145349  
1925.563279  
5962.86507  
569.2740082  
4956.709079  
2940.937363  
1742.116635  
1000.036794  
2511.757075  
6671.707205  
3263.849973  
905.7561492  
1004.664802  
5273.454018  
5637.567522  
2177.168732  
1901.196555  
6277.541943  
1778.427993  
1507.993473  
2071.19616  
265.8309697  
4093.575679  
9490.854928  
1624.860923  
1384.752241  
1095.045691  
10690.98907  
1484.246829  
218.6022747  
7872.245523  
611.6666983  
3628.224465  
1591.460357  
801.1033197  
2039.41328  
259.6049303  
1015.358454  
963.8598169  
1523.566965  
263.5643178  
450.5228263  
1094.501728  
258.9889724  
2858.656259  
3190.048703  
2804.74163  
868.6151752  
2939.665133  
6852.076653  
112.8432703  
974.3058471  
2702.844876  
1452.231156  
2619.517132  
2843.518562  
1912.052996  
932.8983155  
635.4231829  
6651.419711  
2239.423224  
673.0483585  
2897.814072  
4258.043064  
2491.521538  
910.2182953  
3488.363145  
9.134653578  
3174.47749  
1636.779078  
1447.723236  
2202.812151  
220.7351466  
239.4033757  
358.937266  
2824.95588  
603.1046776  
64.94469945  
811.055357  
1244.72034  
1207.704553  
135.8944938  
1060.888398  
1823.570946  
3202.748202  
586.6557484  
397.3379677  
363.5395518  
19.79454383  
810.3982919  
1506.303377  
1001.443206  
1519.992334  
1148.60466  
1066.061603  
516.3612879  
2101.057499  
211.4499426  
2157.776086  
683.8958203  
1527.208717  
673.989092  
3043.39504  
3091.517365  
765.7792811  
2509.973964  
441.0893386  
2210.228014  
2702.396236  
1372.537634  
1326.014113  
525.7846686  
236.0839842  
545.5514151  
838.6400991  
11.41469693  
253.6787823  
444.1832713  
457.1266045  
214.5552265  
1267.597088  
478.3055974  
1057.619936  
368.7368027  
250.7268463  
786.094162  
58.53041871  
314.3747662  
529.8326302  
718.3428578  
453.1566817  
333.3526242  
3285.31803  
1965.387586  
41.53264657  
298.9735577  
637.7988578  
174.7013314  
496.3805973  
658.7685688  
1644.329819  
1124.7149  
35.83775968  
522.1606755  
296.014724  
268.0497738  
668.7672037  
780.4635539  
70.03139972  
512.6044877  
921.7120475  
828.6201842  
669.3126001  
328.1178164  
356.747024  
401.1032531  
230.8348055  
684.629554  
379.4374078  
1463.434259  
399.6533367  
1735.87804  
680.9463406  
986.1198564  
1539.205007  
1557.687211  
333.8278703  
3105.120861  
15.08168213  
526.1977856  
263.2837064  
66.95944816  
1280.452781  
293.6570068  
616.8290037  
193.9814855  
