46.18680314  
379.5888749  
579.7079745  
803.0214883  
904.3600352  
2068.293255  
169.6055637  
766.0194455  
7938.659088  
29109.19199  
7933.886746  
16117.25667  
536.876516  
3910.159066  
10.18495268  
436.8097499  
3060.522379  
3628.191956  
8962.811945  
13300.38865  
168.439472  
8981.068723  
1988.214951  
516.8841077  
3620.61964  
841.8786238  
7095.71007  
3079.299097  
376.7843531  
11264.50769  
3692.904115  
1436.742598  
1212.891987  
1709.829258  
4028.029003  
1242.501029  
67.44807549  
1404.794358  
2391.055895  
112.9374466  
150.3919421  
356.0141568  
34.7330944  
422.7221582  
533.007302  
381.2879641  
38.11808927  
1750.101956  
67.87209822  
570.3497808  
510.2077802  
2032.44999  
4097.740551  
92.31816705  
708.0555102  
285.08647  
1865.850151  
4885.105872  
1766.110586  
1227.617923  
134.5369073  
570.9509717  
499.5224473  
505.1115609  
995.9731485  
767.0376279  
1238.289847  
2672.770363  
755.6878964  
701.9999497  
115.7088248  
210.5240122  
622.4019267  
569.0770252  
1086.406845  
1339.689795  
350.8204684  
1707.474431  
173.9426813  
833.5907987  
63.40858127  
1908.374944  
3208.103878  
1962.486744  
424.5119477  
1002.064776  
739.5209718  
42.5672901  
490.8207078  
3011.419038  
1267.168582  
1307.062169  
656.05689  
779.7767534  
53.35094462  
1932.370153  
1578.272435  
1613.229776  
279.5229418  
209.6319259  
41.81799508  
151.0887673  
762.3320139  
172.2020216  
383.8549649  
1422.058794  
749.9887341  
186.4594822  
579.0462912  
299.5098104  
432.3970086  
441.393848  
293.8596819  
245.7492656  
327.340589  
214.7207896  
177.6393954  
1172.122731  
993.1621394  
466.6540296  
45.91093855  
306.0927474  
427.2581087  
726.2529634  
288.3810931  
1569.755845  
221.5689999  
2525.065037  
268.2187469  
414.103532  
10.71328062  
437.1076942  
231.9188295  
410.3033428  
1166.868241  
601.5083231  
209.367381  
342.0628638  
517.3535684  
358.4653166  
71.337958  
74.66754776  
1480.038659  
255.5202019  
12.03493722  
73.31127645  
147.0681112  
164.9275498  
271.4419786  
664.9699073  
355.4740919  
816.6944662  
144.3380839  
540.7200536  
165.8851891  
383.2740723  
217.9174863  
312.5795497  
335.6265063  
122.9790779  
1000.293165  
119.9727379  
23.97093832  
466.0107742  
814.2573263  
635.8610475  
1377.46036  
280.3368191  
933.5495769  
938.3974846  
438.2314924  
645.1959154  
28.08537453  
164.4664119  
2.749468211  
48.60814168  
1523.993063  
115.4690309  
165.922237  
454.4902927  
37.25741603  
738.0493607  
200.8219412  
1314.624045  
642.5365882  
144.7638432  
413.4408733  
18.70124555  
290.8216815  
301.6558627  
206.7199338  
100.7887404  
32.57624393  
162.3763197  
52.55949225  
10.66523379  
250.7197844  
5.552592244  
26.29008711  
395.926923  
27.49320096  
77.50484191  
203.3895056  
62.06730595  
42.73153578  
292.0164294  
321.0542885  
670.7262129  
41.14601577  
136.8680553  
525.9735401  
91.45043047  
27.69421564  
324.4205197  
153.3734026  
128.7290745  
124.0901285  
141.4812712  
21.46590104  
282.7892415  
59.31120059  
193.3421396  
105.4092193  
9.356268862  
61.05593332  
71.92314777  
212.3840865  
41.41072691  
177.7494245  
61.55985715  
301.539386  
30.67517282  
44.41881753  
142.807979  
49.71180044  
310.5083257  
0.1501950141  
49.45814404  
75.87854926  
41.07507699  
83.90373388  
64.13439516  
88.57558109  
155.2943913  
65.98740063  
81.9976449  
43.66218914  
28.34093625  
101.7543748  
13.58585788  
38.83038714  
80.88715261  
55.47688235  
62.51428321  
60.1761407  
23.97952868  
3.747907743  
15.11002328  
1.423821696  
35.45465984  
81.68333182  
113.0490133  
37.08876247  
226.4974086  
173.911252  
21.31518904  
26.35770261  
225.5805541  
69.99318074  
91.35057322  
93.12103694  
23.52324932  
2.111470686  
44.69918635  
17.48185226  
230.5313984  
276.0404787  
210.6602236  
2.919386587  
9.329678905  
5.543355396  
32.525482  
215.0587842  
27.18330042  
78.71705957  
94.7851663  
25.57774728  
187.3742653  
145.9484591  
33.62326918  
55.87140053  
132.0732789  
48.32328333  
13.33353826  
34.34836055  
