569.2155224  
2570.710586  
12232.45964  
9921.937963  
25165.65135  
71500.58192  
6189.752905  
55054.51855  
61766.7096  
4688.180555  
4471.457351  
48110.10905  
19783.48243  
127591.624  
6617.732752  
16585.80441  
74169.84773  
13256.00302  
17031.40099  
65993.06364  
2939.061115  
48127.45217  
5901.390441  
13486.18651  
22405.7779  
2448.938241  
15045.86559  
19354.2646  
8969.129003  
30127.39117  
4382.551883  
1560.442813  
13925.99748  
2038.479594  
1174.184392  
9335.152853  
9490.626395  
41866.09222  
7328.816468  
4629.729657  
6761.704451  
10652.58642  
10531.89952  
6806.233636  
8853.720061  
4701.878645  
5723.507169  
3576.235093  
469.7548077  
2185.636537  
2967.424102  
778.1126817  
2196.00121  
20810.72306  
1582.253885  
7039.12448  
1333.17071  
437.8349833  
7747.205029  
6747.948789  
14470.63897  
16485.87748  
1066.392719  
2467.190998  
5375.386858  
6988.182241  
7310.544488  
5520.243887  
3721.84894  
10506.60688  
10924.91496  
5579.382747  
819.0896501  
2420.596831  
3775.196808  
12353.48211  
3672.596211  
4885.082261  
1192.639802  
8987.046628  
1255.304457  
612.37067  
2743.668385  
1974.800109  
6786.351923  
184.0732947  
5170.164587  
5554.890925  
5961.000758  
1742.836785  
259.5086496  
2072.695666  
5038.442015  
4284.608502  
5625.34402  
7185.073992  
411.1244509  
2068.667596  
3210.228003  
4084.564181  
5211.530765  
2246.487843  
1699.654777  
2538.522267  
7277.644606  
2891.12828  
2953.05463  
773.8395202  
2229.714527  
721.2113428  
3431.833533  
976.0506711  
1615.139476  
6990.358323  
24.74212038  
5915.278729  
2881.816425  
7690.192174  
3157.840445  
7775.552306  
292.4053342  
1777.479422  
5251.048526  
5678.108214  
5901.234789  
8111.441583  
1078.300635  
696.3256754  
4333.466991  
770.1225901  
5941.926626  
1082.643514  
174.3259331  
5035.22638  
4730.874581  
214.4443577  
2371.63935  
4394.061754  
266.2362202  
764.6052538  
1025.768325  
8371.301631  
6250.958942  
3851.915461  
2938.53392  
1898.769095  
2611.99756  
6055.452569  
3487.935205  
3844.837341  
1117.549911  
3803.994234  
8004.072015  
3813.147302  
1094.473277  
913.8651874  
1078.144308  
4001.437048  
3174.280163  
2087.201451  
6536.052387  
1489.610741  
622.1437232  
22.52957832  
2763.272912  
4100.797637  
3069.799451  
2287.661284  
1459.694561  
4647.194957  
3123.142724  
2841.890578  
1148.246969  
222.8622162  
853.3909829  
5989.723819  
7513.274501  
4227.537789  
737.6002436  
1726.847121  
1361.067132  
1428.028001  
827.5244768  
4838.370343  
3692.534834  
400.9720335  
1316.673538  
1371.262549  
458.1572164  
806.880605  
126.4116555  
2051.324993  
667.6906792  
3684.134095  
2802.913511  
3023.511277  
215.7801116  
142.9324713  
2378.39472  
4586.600998  
4555.349633  
2870.744858  
3762.554998  
1231.090027  
953.9231912  
1888.317164  
1367.798869  
1315.811082  
2291.483654  
4143.174619  
2796.436174  
2568.858568  
461.9300938  
1031.239165  
363.7374869  
1428.292084  
382.6462722  
5885.166639  
2936.452661  
4184.388186  
645.6154774  
1258.153001  
535.9264944  
762.6915913  
2499.490071  
4023.551144  
1463.532104  
1977.506113  
5041.744444  
3600.927786  
1326.488842  
226.3722321  
618.4587433  
6508.146009  
4333.284996  
2450.075363  
2524.567496  
1614.616663  
404.9112131  
575.8036948  
713.8851467  
1762.81733  
1581.476067  
1764.015569  
2198.380354  
1314.005364  
697.5502524  
2683.896996  
84.2937587  
1452.375254  
2390.026782  
3398.630563  
6033.665955  
6189.8457  
1826.956996  
963.8746211  
1262.76796  
2572.132819  
2980.435085  
2146.811976  
1152.178918  
1228.328869  
1.788302624  
736.8700192  
105.7477912  
85.12072472  
235.5661236  
711.7174852  
1635.170845  
4092.468976  
2937.373549  
5349.729885  
850.6704805  
20.43874209  
370.5474843  
3947.574696  
2940.360554  
5870.282422  
1760.204769  
1127.981666  
101.3082357  
479.4450648  
285.9746538  
647.6385348  
780.7910789  
913.625757  
730.9616829  
1243.567686  
2068.081644  
940.8647905  
525.921884  
120.0849349  
924.9747629  
3936.414205  
6895.146219  
