10.47701641  
730.7386859  
198.6336346  
1638.268006  
636.2253138  
311.8360357  
1284.679879  
1831.573098  
4298.699595  
2119.598332  
1364.649826  
356.6079417  
1973.209186  
2990.385121  
1637.356196  
1553.275288  
4325.385292  
4795.110521  
1049.836161  
713.8520874  
3066.244285  
1183.7301  
1239.519599  
285.1891065  
3417.11664  
882.3613703  
1560.407611  
696.5428812  
1416.749283  
1030.013257  
811.0381036  
723.6183962  
2005.668716  
1221.391228  
509.0732599  
3073.754622  
4237.22146  
4846.130962  
610.5653338  
385.074417  
1327.530024  
1459.658264  
1361.579872  
1528.759812  
809.8213479  
807.281878  
1086.703065  
2948.271397  
742.0711305  
685.246221  
728.3294557  
5396.758564  
335.2814  
1204.785307  
2477.039999  
209.3310156  
274.5999439  
2089.070411  
271.5694086  
1211.825424  
727.9106189  
1283.004478  
200.3371129  
5686.734246  
418.2862382  
1990.466634  
2813.852631  
3207.735281  
964.3499655  
2176.231377  
594.9580244  
1390.431394  
542.3457494  
726.7843707  
251.4673572  
107.1858253  
9.300859924  
551.3902599  
117.4821987  
541.8565191  
209.0003073  
1096.853986  
899.0020267  
239.343737  
2495.641376  
4502.752744  
944.4126197  
102.4174312  
3045.63346  
565.6241169  
535.2261088  
2014.480652  
3800.432141  
973.1326087  
1108.753753  
2148.858968  
983.4084993  
89.78714737  
1095.716393  
1439.373019  
352.6917414  
362.9167167  
1082.729503  
196.3580944  
1957.959053  
310.3088291  
1424.473986  
1408.263234  
180.2637923  
1118.648286  
1505.400899  
917.6871336  
37.4791324  
5120.936343  
1497.629284  
622.3316178  
375.2237633  
1383.170214  
1651.705474  
2591.667378  
2433.136798  
2842.891428  
78.26939351  
639.1040538  
2979.177456  
3515.392598  
855.680649  
3220.014263  
1238.302316  
1244.228346  
708.2843149  
630.3558069  
498.2795023  
795.2999089  
656.9054563  
308.7460058  
2185.509736  
793.9711603  
1024.207631  
1038.608755  
280.0048136  
230.8533995  
3062.252205  
12.87090181  
195.7715485  
1261.110509  
5010.253331  
523.1316677  
2296.82707  
641.8756007  
12.02170082  
672.8046417  
1557.51547  
92.89560816  
413.9222406  
1993.618786  
215.4914763  
1301.299545  
2821.230763  
504.6251199  
4342.744723  
540.9380686  
1156.199834  
6337.528953  
2632.35032  
1375.818319  
2357.927631  
1321.996078  
1597.938545  
137.600073  
161.0103483  
125.3172872  
1346.148456  
369.402174  
37.00773747  
1182.626155  
1537.054865  
1734.866942  
6033.8949  
594.3226178  
307.6697373  
105.4212922  
2228.802049  
270.5944528  
1387.729592  
3794.671315  
196.6687637  
1503.653685  
840.7970768  
98.00562211  
345.4353611  
180.3051144  
349.7588857  
1389.828448  
158.1923716  
1417.081495  
636.5301725  
2267.351693  
272.9573106  
28.99608239  
982.404869  
714.5285868  
153.6067512  
1552.099784  
661.3830614  
973.1169669  
258.5156711  
330.3634131  
339.7605607  
399.1946502  
1148.382912  
253.9404639  
212.7746522  
601.112558  
889.663006  
298.9019991  
489.1542751  
232.5046533  
1895.797564  
1403.706071  
470.4344939  
888.8953803  
1278.593694  
496.6072442  
695.732843  
20.21601607  
47.5270205  
924.9711964  
654.1389202  
4.081113145  
672.9516392  
782.5013613  
659.952562  
78.59989048  
48.57960414  
592.935267  
44.21558497  
43.35181124  
266.386237  
163.9694863  
225.0591643  
26.34921559  
53.30257696  
183.5030604  
2311.696943  
463.9719171  
546.7462982  
36.5261134  
180.7961912  
76.4407894  
520.5976194  
322.9746993  
301.9681035  
1975.399049  
275.9551189  
132.104665  
729.9936461  
123.3020276  
236.861483  
228.6607102  
37.63569943  
953.2062479  
1076.74383  
515.0195326  
285.6067354  
33.09018348  
529.792793  
33.30058966  
129.5593551  
137.2490112  
46.67157257  
270.4952881  
402.2440635  
6.895378759  
184.6113364  
596.7498116  
72.45876171  
94.01898307  
425.3945856  
172.7679779  
32.33845221  
203.250537  
340.5871118  
285.2657622  
58.86839167  
99.68038625  
655.7833741  
286.2242492  
98.90711699  
94.86582824  
163.1210799  
261.5550244  
627.3721849  
31.72304769  
129.3512825  
