252.3978157  
969.0336469  
1440.518323  
2653.761997  
2912.298947  
3049.670125  
15213.61169  
1686.869412  
1539.777493  
15974.95144  
72.90972794  
4766.34158  
2063.34353  
1911.674732  
8522.075113  
534.2063936  
3709.895328  
11469.85222  
3441.376937  
7441.50308  
2035.00147  
9254.373818  
4499.06271  
5948.853876  
11535.20951  
7409.041171  
36679.61606  
242.4518543  
2194.310924  
5658.286809  
3493.419669  
370.5882763  
1445.514598  
1807.928267  
900.5772394  
5004.160605  
3802.33043  
7252.108975  
2141.006033  
2728.541389  
2693.946846  
1794.032774  
1908.605456  
3786.52928  
2739.895872  
5.083465028  
2634.562971  
6000.264244  
1740.307227  
259.1335933  
745.1480808  
26.59450844  
743.9541623  
397.4931755  
4281.78729  
581.9303517  
323.2809381  
2598.464735  
22.09358877  
67.66013322  
404.946836  
3363.073441  
756.600473  
1688.233243  
2216.009777  
375.1696537  
1442.284743  
283.1957785  
549.4221278  
137.3110203  
270.7753485  
2865.065768  
3037.824483  
1151.013617  
1048.403346  
357.09546  
823.8705057  
1273.15524  
846.0974841  
625.7688675  
226.2636578  
1315.596608  
1640.597294  
98.56733035  
928.564889  
507.2184557  
683.0064471  
143.7884926  
2172.406564  
641.1572873  
1990.368847  
3.859774784  
3985.001468  
1342.315061  
1194.122818  
847.416861  
1383.007513  
2019.376153  
705.535029  
632.8815499  
201.1247026  
275.7530649  
146.6663476  
47.5246365  
648.0535544  
690.0482763  
1141.063563  
1033.660762  
707.8118442  
1404.169082  
1796.215922  
3725.223447  
67.86945499  
59.62111029  
370.5390226  
316.1661744  
881.7977636  
258.6855334  
6.39928134  
172.0007569  
1215.255863  
649.8604762  
730.0016396  
1184.597201  
246.9547434  
641.7424124  
2598.33977  
595.5608237  
1841.312481  
503.0612897  
826.840409  
364.2445459  
1362.620937  
3812.653952  
384.6666747  
76.8869016  
1032.212285  
1236.678539  
59.35747209  
258.2224706  
2578.626769  
541.764697  
2969.02216  
76.22831072  
162.6315068  
482.1928957  
365.2838798  
1272.569492  
1678.947029  
444.5382039  
107.6946441  
278.0975838  
346.6211632  
883.6558853  
369.6463929  
404.8888301  
498.7079768  
58.28832292  
217.7339418  
116.7017701  
288.618037  
3348.804618  
1433.533988  
411.547127  
1285.439547  
1163.53001  
217.6588326  
1187.780715  
1308.089831  
204.1203537  
913.7742702  
172.7080006  
156.3920314  
525.2225093  
529.5861967  
367.0608376  
187.2969741  
502.0914735  
825.8715121  
500.683253  
75.32580329  
1499.120224  
91.86779688  
603.0469011  
1193.234363  
82.95080599  
155.3655165  
167.0199631  
66.19695178  
452.1322014  
147.5526789  
260.0268901  
383.3429759  
20.21699776  
112.481292  
18.86546679  
243.2805649  
493.3124823  
865.772273  
138.1229394  
0.7882625285  
351.2569443  
18.45571465  
49.95471825  
362.9062341  
64.79185427  
3.072222271  
129.579298  
461.6828955  
80.91118683  
105.724165  
276.7037622  
0.5786450077  
138.1053467  
121.6126351  
351.2880739  
27.96411292  
251.7530119  
120.367036  
177.937837  
26.44577797  
168.9954782  
42.35676021  
56.16172012  
47.29481769  
92.61720357  
56.30268596  
105.4830834  
179.663733  
17.89512184  
211.2304201  
33.52154234  
0.09829748333  
150.9711397  
136.9694196  
48.4918048  
30.75031195  
12.11084546  
8.663549082  
77.62291258  
133.1502826  
10.66497771  
28.51302231  
134.7123294  
29.20465797  
72.71985994  
55.21604967  
7.192230255  
63.39501434  
27.11319953  
43.09510033  
96.59252843  
66.27249473  
36.15161523  
65.9416334  
21.03749639  
19.5710603  
130.8658474  
194.3224692  
79.84977664  
32.59839001  
7.542765664  
71.10310425  
19.791872  
25.76785605  
7.356229882  
34.59522617  
27.33720699  
14.90649822  
70.20348521  
265.689231  
201.1921506  
17.0342497  
8.223756634  
20.33376488  
129.2035823  
131.2967155  
42.66339569  
3.933918604  
99.93926831  
77.294847  
306.8460227  
62.77119351  
43.86243939  
128.8136661  
33.97564691  
158.7896917  
115.0552476  
127.0591486  
68.75527262  
160.7479934  
15.832484  
72.14290375  
35.5838592  
15.37102358  
