18.65683298  
437.775131  
1122.564485  
7877.187163  
10629.33844  
1251.380795  
11997.95676  
7284.882257  
12162.99414  
2301.067729  
19414.16646  
35911.82843  
19153.27947  
37730.65964  
6274.784574  
2017.45458  
3305.32698  
13774.83229  
7235.029711  
4791.024544  
357.5098682  
3870.596802  
1599.994985  
8544.55208  
10719.27722  
1849.608797  
926.3248091  
1526.543524  
12312.15917  
1368.80028  
763.810375  
4500.509057  
3329.491024  
3285.988443  
1958.437707  
271.4887816  
2605.666863  
279.0348455  
647.6004645  
645.8555249  
8577.108935  
0.1075127038  
19289.77294  
1186.320148  
1792.333854  
4766.780224  
750.1746377  
1264.478131  
3137.95208  
4876.372185  
6193.161661  
13357.11827  
9908.798556  
1238.246028  
2645.696379  
873.9795654  
1646.750772  
12121.56909  
4914.493333  
2137.346154  
3458.219265  
1315.134149  
460.5459916  
1175.191555  
366.8197212  
6038.664732  
4877.934298  
6383.917032  
4508.768491  
1176.528948  
1279.601371  
158.4247768  
1586.295685  
4142.287695  
1476.400891  
1935.334523  
5502.62017  
795.637336  
494.3935829  
3546.548728  
1605.262177  
1255.380328  
1188.846814  
624.5949008  
457.8873825  
1794.805703  
1269.820092  
760.0766766  
127.5772607  
261.120358  
247.0509621  
3034.087023  
1921.644322  
957.5988153  
31.53222494  
836.0205366  
989.8859312  
1199.871314  
102.0153177  
44.48804463  
234.3916082  
1829.935111  
1376.256764  
3417.319505  
242.1425767  
4818.840641  
534.7883364  
58.87300521  
514.3704528  
3659.494849  
1329.853264  
172.2446057  
419.6596914  
1204.045657  
970.4798276  
193.0979206  
19.86844141  
750.1675744  
304.9329994  
674.1432272  
1030.963217  
706.9427511  
166.2371919  
101.1738876  
1226.646724  
1415.862452  
26.1664852  
300.6455566  
214.3335281  
10.66982641  
806.9555832  
314.9551885  
678.8007306  
1049.992048  
1086.660716  
439.2363725  
3200.303688  
2438.460245  
1933.269144  
382.2118557  
90.59359161  
879.8887303  
579.2858937  
253.9065535  
197.1077685  
714.4260585  
173.3419351  
47.32894542  
400.9899353  
143.3634437  
898.2289069  
130.7845622  
521.3357662  
2808.825548  
428.1040552  
132.9181172  
219.1110477  
837.2473829  
365.3877135  
409.6598546  
608.6827654  
477.8968596  
62.66065185  
2144.562857  
214.9033165  
125.5543379  
203.9097043  
206.5426015  
92.54617934  
227.3537726  
5.642036533  
639.6430206  
707.0608311  
110.077184  
477.3785157  
34.20369831  
1008.597726  
955.0152583  
103.1501278  
55.27987177  
602.0021273  
618.2132319  
203.5791999  
15.18179205  
229.7354087  
408.5552355  
112.6240701  
1264.989252  
558.5898273  
226.2224331  
324.2782407  
22.2027552  
194.6444484  
58.2887599  
379.0235186  
377.2943621  
275.6927763  
189.0039298  
0.07259809948  
543.265961  
409.7445408  
744.9043817  
42.96174509  
1334.641221  
32.13406083  
1270.140204  
432.2840505  
83.62264658  
339.4636265  
49.8746508  
288.6864552  
151.9181518  
9.814094145  
463.7505826  
1094.266369  
117.062035  
617.6300469  
348.4747022  
176.1161845  
590.5270426  
306.0722428  
294.9062031  
72.41811721  
126.5998122  
169.0237001  
546.5360492  
224.9034662  
128.0812383  
123.2339937  
51.17514378  
351.6988299  
3.621081834  
213.0650479  
757.7327343  
294.8410216  
467.1203615  
215.9212115  
60.78550185  
923.1207761  
190.0485269  
113.2643679  
569.7925646  
80.40592036  
5.063489236  
147.3104727  
976.6234407  
118.1843796  
694.2569427  
169.9221289  
89.69664401  
493.3202022  
262.1944568  
347.2049005  
3.252124553  
477.8797524  
155.0944307  
173.1143142  
128.4006775  
576.5641586  
114.2936471  
1244.382738  
117.0192973  
7.456931043  
1018.56053  
568.7373189  
194.4249767  
350.6033705  
453.6835668  
530.2528106  
304.2997816  
10.72488504  
63.63300436  
114.1051116  
34.16637745  
948.4565394  
408.6601098  
187.0340651  
898.7743641  
678.6593377  
136.7994788  
524.7677915  
126.1459938  
283.1751078  
254.6141453  
382.5832209  
71.99636606  
91.91180051  
871.2855603  
559.6502933  
30.46341621  
1187.258608  
113.1480852  
224.3714316  
226.292629  
2.268293129  
