42.75799602  
1001.612609  
1146.395523  
1045.260753  
1048.226406  
2808.441032  
10907.46633  
6074.920115  
11099.24579  
5325.119257  
1629.729792  
29440.18727  
6741.201548  
6103.527085  
6825.498663  
987.3242344  
7314.223225  
12370.13039  
2496.00917  
6098.818126  
1146.933996  
3823.545632  
10185.9379  
6412.645011  
478.8565755  
3704.466741  
17236.69532  
4550.742306  
6307.140005  
7966.810859  
471.122598  
692.8565217  
2058.196161  
1008.303988  
4402.807484  
2280.010463  
2404.305834  
11108.93462  
3256.173921  
1098.730259  
473.7024596  
9044.17593  
11174.90718  
4227.383538  
4505.681981  
7536.684589  
2556.977701  
6589.664464  
1558.215841  
2493.501458  
66.33781499  
3719.018646  
653.6751405  
3628.601651  
3691.355672  
1034.162806  
1056.822182  
10669.29459  
2215.569615  
277.8487456  
91.99985203  
69.32766827  
1070.802383  
763.9064613  
2869.858541  
1426.794841  
535.2828169  
4477.877262  
4951.043686  
656.8865595  
378.789287  
252.1327296  
5668.437414  
1121.42343  
2253.500617  
270.0829538  
1464.930377  
555.7438174  
422.2376227  
622.608339  
483.9638687  
2749.738302  
1207.878738  
359.5959103  
1378.255929  
1293.548864  
305.5153371  
1651.26488  
2506.521221  
968.7448541  
578.2486509  
663.9076844  
276.7089897  
222.3636803  
343.6007616  
34.035412  
1147.118468  
975.5103061  
646.4188559  
488.4220821  
736.01149  
440.6490114  
27.60938335  
192.6009459  
1552.406938  
1574.894958  
74.823029  
881.6725543  
1484.945775  
149.5411444  
404.1282921  
770.0540387  
1614.310696  
1604.018617  
914.2965132  
174.6682258  
2175.401197  
2951.847214  
1847.929809  
310.2538318  
1422.676173  
269.0673566  
256.4681919  
1397.814159  
786.400819  
246.0265557  
591.4677252  
27.02300117  
236.0314098  
1244.364379  
394.6590505  
45.6120794  
53.47900785  
1308.97876  
965.9682652  
51.74045353  
1073.035863  
13.01676253  
121.1854151  
1492.188619  
2679.824275  
410.9011122  
936.1705575  
6.273279558  
622.2996711  
539.5321291  
310.2763346  
86.25451014  
2134.459961  
414.8345104  
414.9703639  
1049.796626  
614.8489033  
125.622438  
668.5377433  
979.6360374  
793.6717322  
192.3177181  
417.870961  
292.2471843  
500.0051685  
644.121499  
1616.224871  
1138.842506  
1977.508296  
774.0471339  
714.2989031  
810.0243009  
507.9272466  
107.5174529  
175.947948  
349.7176942  
31.7952479  
358.2915477  
195.6648207  
72.65593221  
247.7364846  
24.01811672  
209.7298172  
345.9226632  
209.3427424  
430.3175623  
186.4697707  
156.041767  
376.4510115  
97.27841548  
300.0827497  
6.052357391  
82.56113555  
50.22227566  
652.9561503  
144.487433  
204.2687648  
81.00262269  
261.1574766  
145.3924677  
41.98701516  
90.48030421  
158.7993564  
4.239154951  
135.9426184  
29.46756696  
1.96571031  
93.27083952  
112.2060606  
9.836075866  
51.41065762  
61.26643634  
147.248411  
144.4576895  
124.9219676  
45.11695389  
47.28252071  
79.70206162  
200.5194181  
25.66732951  
159.7281483  
122.806685  
213.5462355  
273.0804735  
43.5233889  
38.4265825  
42.23376385  
26.17315099  
61.65721401  
109.417845  
52.17872984  
36.74389894  
14.24625139  
1.020644508  
86.15994168  
118.9288252  
43.3904649  
3.085489849  
203.9352118  
115.6432321  
33.62784003  
55.06220386  
11.6869208  
112.5932607  
98.52778049  
4.856912857  
103.8521946  
173.3248377  
21.70397303  
11.23140981  
58.51311885  
2.200205824  
17.76919664  
5.594094412  
30.76892337  
97.78175324  
7.286753756  
13.46258558  
46.62458051  
152.5387831  
2.64828591  
45.62184728  
53.98414162  
73.13887943  
230.390984  
27.30986071  
95.52964134  
45.40019339  
0.7669626458  
87.28482469  
8.009823918  
36.36393116  
97.26626443  
86.46555193  
72.8886687  
105.5499022  
10.81860975  
23.48504739  
32.72136895  
71.72676504  
34.47820006  
28.87961904  
4.076821114  
6.386054677  
129.5292026  
64.3233348  
50.86421429  
90.52578192  
46.36080192  
30.01804679  
36.84755408  
35.02530547  
67.9368389  
9.63865677  
72.36924935  
4.953522148  
10.40833947  
11.28687536  
17.12900218  
