81.81848086  
29.96565267  
267.628946  
1551.275824  
2517.771172  
3720.642782  
4836.359239  
4134.245145  
717.9583366  
2119.169253  
852.5728464  
1372.644465  
375.0261527  
431.8766525  
1471.015057  
1613.128017  
2133.466373  
1229.536279  
490.2501331  
46.97069968  
11.31687353  
1834.209278  
1624.770761  
2762.374331  
651.4639571  
445.7061542  
4141.637965  
1188.400006  
861.6218705  
1058.554834  
1285.725615  
269.7546273  
986.1184412  
572.8569246  
225.1014244  
939.7714078  
721.3525242  
952.7093281  
160.1676455  
726.4243988  
5.56352261  
1415.223737  
3391.172615  
792.3912088  
211.0617878  
1203.157083  
932.8653672  
2154.307117  
507.2479164  
445.7785136  
78.53282954  
490.1237681  
4567.734705  
144.5963642  
85.27923253  
498.6215707  
1769.863004  
456.8152467  
2844.099511  
2125.796308  
1191.178468  
867.2927936  
2821.292932  
1624.050974  
1802.236059  
612.4678889  
4738.116508  
389.4804983  
7343.107252  
1104.396555  
0.5927260336  
1288.103764  
11898.38033  
4271.93651  
4064.065002  
9710.219846  
3770.167498  
3459.60272  
3042.905725  
3581.601773  
1764.161591  
1238.638243  
523.2013952  
121.0147642  
1448.56224  
1255.245418  
165.5211075  
285.2937866  
10656.79322  
4792.823203  
1332.33031  
1135.265344  
4843.4199  
458.0918118  
2271.574257  
74.38121894  
4198.631059  
3546.705104  
1204.500469  
87.12254404  
3152.809024  
673.2679404  
709.5907895  
648.9466361  
199.3780669  
2018.314078  
23.80158353  
930.0253164  
1027.420848  
578.6174084  
514.9073616  
60.53923141  
879.7324936  
114.0431703  
690.0326221  
368.9976999  
191.9702125  
386.4967242  
414.3287608  
538.215467  
506.420645  
1.011641059  
421.7113443  
1313.376683  
6.965508126  
2015.083117  
82.22800365  
660.2474712  
283.2274658  
186.7726319  
425.0489479  
553.555576  
5.095652032  
122.4865259  
624.0474259  
324.7954584  
749.4824017  
170.1464945  
195.4947369  
692.9880999  
205.7001978  
298.0348431  
787.6951189  
552.6428866  
145.8282395  
1383.0298  
564.2993324  
245.3782524  
1196.961626  
381.2530217  
1031.076797  
202.9738426  
94.18759183  
583.7906035  
357.4126669  
239.6043782  
185.9244338  
250.9221138  
901.4662816  
714.5772171  
495.1544235  
2321.411031  
706.2638377  
197.827724  
15.10615958  
177.9707931  
106.9136271  
139.0008376  
175.323328  
58.55644226  
623.6458178  
1606.801773  
691.8321238  
661.3802166  
204.0154937  
215.5874327  
230.4872086  
254.0445325  
478.2326619  
572.6785053  
772.582047  
433.4396854  
717.8848486  
913.0504288  
145.2777684  
828.8196491  
10.00563728  
58.51637394  
76.29377242  
195.5221012  
112.103908  
342.9917889  
166.8029371  
291.1509543  
41.03885293  
89.15028857  
186.6321489  
1203.904769  
362.0822767  
151.4501481  
106.0830856  
203.2515616  
111.4729029  
211.599238  
135.761272  
514.7919933  
128.1958166  
4.142992176  
270.2985548  
375.4141859  
389.8578669  
547.2101182  
406.4109961  
557.022035  
697.0097528  
84.84284664  
656.2975378  
648.7525738  
90.56477495  
359.0215013  
235.0102971  
424.2241051  
50.70695794  
0.3690519928  
15.89289593  
216.2365572  
142.7856195  
262.8314379  
216.1450358  
167.1745005  
426.2557293  
379.7621574  
587.8389872  
3.749307978  
441.338717  
45.18195912  
1.188502011  
238.252088  
64.60576906  
708.4579601  
262.8095121  
15.26940281  
118.2681295  
403.5467844  
38.75991952  
219.9098202  
506.2708215  
93.62296898  
397.8161056  
126.5495557  
619.1603084  
336.2511695  
399.7194004  
225.0299926  
52.36332096  
36.62526547  
66.6052195  
204.3816539  
18.51930906  
380.424514  
155.9367294  
10.60607466  
105.2252064  
4.350011175  
2.104233045  
79.26413017  
133.2327973  
396.9525637  
106.034329  
55.54690361  
371.0106266  
338.7874776  
549.0605892  
201.9455351  
202.4176237  
64.7062472  
28.44049646  
62.82393267  
41.70599572  
109.47413  
92.76678913  
870.2621611  
278.9848189  
54.14996563  
36.64617188  
128.0931132  
557.038247  
6.602771455  
73.52750608  
37.06900688  
595.4498868  
680.0464559  
334.5436116  
78.87554868  
8.248380738  
