24.75059824  
361.3958774  
5113.036838  
2654.405849  
4907.592554  
7744.707154  
6622.785886  
18540.80764  
27659.09611  
12623.60797  
11732.97906  
15703.96036  
1386.76857  
6488.365554  
8574.386418  
6813.538101  
1712.514564  
28604.37235  
18947.80053  
3376.73812  
8340.61297  
40102.14593  
3536.373163  
8404.558409  
7849.431977  
6129.899251  
20834.68074  
10327.68907  
1483.134991  
18637.81297  
15169.86314  
1415.141693  
7825.932314  
583.252838  
7864.516399  
1646.038463  
737.7792492  
15284.97143  
6558.73498  
217.8776799  
8176.522178  
513.0735216  
3377.313991  
21278.15622  
2679.554641  
5738.975502  
1747.88866  
9106.059991  
6042.222367  
3167.377223  
537.2633565  
11469.5565  
13845.41894  
3074.595568  
13433.37672  
1915.334086  
430.769197  
19567.53178  
516.3334623  
2375.809447  
1732.985275  
1697.155339  
5280.240144  
1362.193255  
3501.949144  
8501.989103  
613.0905576  
743.236001  
2271.694393  
3145.647735  
806.1584202  
3106.501678  
704.5158464  
880.0242264  
3352.347848  
597.99485  
3174.803416  
4693.469356  
698.0793026  
1987.768153  
3862.270926  
1360.876439  
2109.880397  
439.3623965  
3282.866215  
5665.180099  
412.7412744  
2639.821827  
317.6692116  
3276.079965  
1153.370856  
398.291701  
1766.083076  
237.8456576  
2394.745199  
2124.114208  
6477.093991  
684.5031846  
3166.562035  
1250.172373  
1389.179674  
1334.257761  
395.4366396  
2031.317142  
4258.919217  
2288.786208  
1644.822488  
331.8957177  
3180.391919  
1306.064866  
147.5633885  
856.7036617  
1103.518074  
328.6060358  
1359.683018  
169.6664925  
3174.667839  
3965.365107  
263.6498422  
1444.837903  
2583.915563  
1266.522587  
57.3449561  
204.7479629  
197.0368627  
2464.572628  
283.3791582  
434.5535874  
23.27565748  
917.5742977  
1301.492759  
2383.031095  
393.9841153  
725.0230814  
60.41822871  
70.59866069  
1.162927243  
379.9165224  
443.2831624  
2703.398368  
1.744842311  
1136.949946  
1173.231615  
1172.106189  
159.1404435  
385.5677114  
2446.145422  
869.2805442  
256.2168376  
381.2075935  
1065.525708  
1817.184056  
477.3371456  
2139.33812  
215.7524215  
1114.985495  
311.9371632  
2372.366152  
454.870127  
71.33790652  
680.5007248  
148.8174835  
728.651809  
904.5625001  
1027.906286  
400.9891965  
323.8152564  
860.3040003  
369.2192541  
1118.353554  
575.1430485  
394.3600127  
207.2751104  
72.27749999  
32.75437182  
1026.79971  
506.5615489  
567.9710719  
989.4490691  
1066.048113  
259.9008806  
1438.487807  
67.27623573  
234.2006246  
313.414686  
293.7588093  
416.8490001  
1157.130325  
34.12823361  
40.85409236  
138.2745491  
30.39615927  
74.4471806  
547.0496436  
85.51119108  
24.09926691  
501.2373082  
122.5875051  
309.4993137  
260.2054335  
11.78935997  
125.8718169  
59.26527087  
422.401746  
275.6193477  
316.1805193  
768.6379006  
368.0003385  
396.9146762  
243.5191603  
29.83663202  
67.91442218  
30.18065693  
981.1545651  
170.4310949  
189.1160358  
471.8992371  
248.5386731  
73.6170758  
563.5061236  
169.0572307  
464.6602798  
711.6834242  
51.12596293  
350.5813128  
376.1994334  
169.0728799  
111.679704  
498.8151798  
691.7318569  
100.6783678  
188.2846267  
585.5319291  
475.5693382  
291.9218  
346.6811076  
148.9872441  
5.527860968  
207.7426981  
119.4505365  
138.9507917  
240.6608936  
266.3283649  
124.5777903  
80.56156918  
871.1701288  
268.0061826  
242.8214645  
78.6654631  
40.84473892  
42.56645046  
503.2199892  
339.0544775  
400.5345659  
236.9790279  
91.07383204  
45.8236163  
159.943355  
24.80639226  
56.07650462  
128.6434353  
21.20844679  
87.65594454  
521.6655885  
260.0573596  
280.3328868  
129.3269753  
46.72438447  
243.5883409  
376.2269823  
312.5902262  
35.04557921  
35.89343388  
100.4457828  
11.94275632  
113.5567747  
14.3228775  
346.849386  
337.88663  
5.650368422  
58.7216633  
0.6546844339  
74.53541214  
160.3770089  
11.04798448  
16.60133117  
79.76231616  
179.7033592  
3.96251799  
278.5663284  
39.40670783  
49.62088038  
4.793148103  
28.84355656  
175.3557012  
