38.92554989  
752.627107  
2615.426736  
2362.098142  
1714.644476  
7550.844815  
6542.863002  
12666.85417  
7940.00728  
25353.99155  
15201.31529  
12832.45685  
685.1507149  
2455.25336  
13374.87407  
12884.93163  
440.2765778  
2815.922006  
466.5282722  
9878.378735  
4332.249345  
8507.13008  
2428.895355  
7083.828023  
5890.790826  
709.4072722  
12123.33337  
4531.059746  
3587.405582  
12114.74592  
8081.476961  
3228.644364  
2480.512399  
601.6854737  
4272.647815  
1327.459322  
3774.508899  
7076.502904  
243.7995275  
57.70509971  
4040.992015  
126.3606236  
5469.524399  
7219.836983  
5018.655771  
1715.655852  
1857.054264  
1277.00118  
576.0704011  
464.9226347  
3535.570549  
4714.552367  
1755.896509  
3846.887194  
5813.274173  
4503.388223  
117.1383737  
5272.123829  
2134.924484  
713.8704852  
1951.355715  
1571.396399  
1144.855455  
2172.520831  
205.4654174  
1350.005411  
2411.34972  
1711.550066  
3181.36091  
127.4872613  
448.2655494  
2446.370764  
1444.07019  
232.1498561  
1780.721286  
450.368091  
429.2709912  
4434.819782  
1863.666109  
1725.207721  
822.0020302  
2633.349108  
1026.299611  
1738.762587  
407.961553  
124.9932958  
624.9052393  
527.9693483  
4933.91666  
221.752406  
596.3122056  
553.4388555  
1278.257216  
149.2385304  
289.3838291  
1932.082962  
922.4711187  
412.0522393  
374.6369886  
2911.517572  
25.09023239  
2224.990609  
885.7306408  
1360.509562  
840.1745775  
805.8517018  
493.2422456  
14.93767907  
152.8524696  
1108.653778  
55.73302235  
276.7349837  
39.87837049  
1649.270533  
298.7840239  
1431.642366  
1151.784101  
2349.328173  
100.3807225  
291.6477226  
1512.078263  
616.240239  
1311.961927  
244.8663333  
154.6817487  
4437.937019  
132.5675507  
279.0022794  
1353.228907  
1034.461409  
1342.879689  
246.5233999  
181.9965198  
267.5348734  
846.7499894  
316.2934179  
814.7201228  
195.2814978  
243.8633092  
412.8608005  
54.23649374  
1.857227731  
1377.195418  
606.7564337  
1105.418468  
0.7874037755  
544.8436715  
249.2459572  
255.3656807  
926.9660306  
967.9550592  
829.9830379  
267.8855123  
310.1742681  
1254.028723  
226.4360726  
12.74065475  
222.2274785  
749.4336547  
234.9599313  
498.682559  
641.9761566  
216.3637385  
308.7151293  
789.4372498  
625.8619224  
206.3593041  
148.2756383  
797.9254003  
195.771365  
1689.484215  
38.70031084  
429.2910002  
1166.466968  
14.72077871  
221.2712698  
251.2364283  
275.292282  
703.2338895  
212.6441919  
134.4556634  
804.7832888  
1.906666185  
159.7340643  
1442.734549  
288.8753459  
55.43677394  
359.2141258  
279.6088021  
217.728222  
321.9322394  
100.0298763  
387.987532  
91.10736855  
989.15952  
83.92528937  
633.000392  
465.9917435  
523.7389796  
79.42793178  
171.0070801  
122.2216031  
212.844739  
1209.6535  
182.1616731  
562.6656087  
198.5487006  
456.4471952  
266.4058915  
673.8830349  
105.8570602  
198.2371417  
82.59581346  
211.4913455  
178.1284164  
642.0152439  
410.3241603  
136.5310782  
142.7430625  
235.0419031  
844.0356906  
262.6616189  
499.6193165  
14.00860932  
10.37097753  
115.3009912  
66.21203703  
75.45613706  
217.4581726  
404.3152509  
414.54361  
8.843082957  
46.9346086  
411.6946128  
522.7820049  
74.40161277  
462.6280771  
5.64920328  
57.01862979  
351.4320223  
78.69880464  
310.6666139  
135.829166  
195.0047741  
120.1802704  
200.9433906  
32.71043868  
260.6604163  
308.5378008  
188.7644569  
102.8956549  
332.0888  
133.1752065  
390.5874688  
65.94017152  
475.4548058  
107.5690602  
246.0521053  
421.3715888  
77.56165718  
32.50001142  
160.9096524  
67.74840503  
68.15694744  
18.62116325  
26.50028872  
20.42758692  
37.48059486  
126.9762044  
144.7662691  
115.8860918  
251.3326019  
231.3235549  
1.158520368  
129.1160029  
229.1388547  
100.5128986  
312.5631498  
47.98622101  
87.78391154  
58.23341529  
58.76336651  
113.6524684  
464.4760524  
134.9252651  
80.23046645  
262.5089901  
20.52843573  
107.7702482  
237.1330653  
10.17552624  
8.548125159  
104.2295151  
532.4971283  
66.03095211  
