169.0791385  
558.901296  
1049.612229  
2497.723905  
5649.266791  
3916.228665  
10274.75876  
2377.088421  
2981.073747  
3505.780923  
2628.728308  
2091.039417  
1064.754015  
1158.497069  
60.64626931  
2888.227082  
1492.708399  
1502.773481  
592.469015  
644.6322283  
243.334045  
4.619939864  
3572.150629  
1579.620279  
410.395919  
2924.862055  
6132.117151  
3891.391379  
987.0094574  
2349.129093  
448.3131442  
304.3389586  
3363.483964  
623.8650011  
387.4495499  
2232.789878  
1211.11997  
1380.258912  
390.0049504  
753.3088596  
57.29499968  
679.0702443  
1931.708429  
193.6265385  
1207.235523  
232.646837  
3071.709174  
192.0067935  
2133.193666  
1345.735714  
33.961956  
1362.350895  
3718.40102  
1068.385663  
302.6948638  
254.8406793  
440.8571899  
2458.838374  
498.2092823  
700.8132407  
1572.773016  
1492.493319  
2802.08979  
311.6962675  
2021.624842  
2108.655708  
2169.468003  
6279.156426  
335.5520786  
290.4137389  
2200.390575  
568.8884095  
459.5603429  
1297.696658  
1553.393296  
91.6671058  
1414.127133  
3198.713433  
1358.432208  
3813.662925  
1879.966509  
8548.464311  
111.4974979  
403.9467619  
1097.724379  
2297.094202  
2087.626666  
517.1761432  
1293.229733  
2386.206238  
2183.163724  
95.79476398  
2398.144223  
99.47382056  
729.4016458  
1930.920248  
7748.94439  
1022.800243  
621.0255265  
48.16634304  
665.6932052  
880.370618  
436.1784382  
40.19282107  
2529.112879  
2146.358822  
1642.382825  
3957.596686  
4089.393648  
3996.26937  
2000.835702  
1707.373651  
3980.224231  
870.2305788  
1900.727009  
514.8771701  
576.6254833  
594.5875727  
619.4591677  
1256.401622  
2758.402808  
436.8262809  
110.3193369  
1856.783313  
3463.09539  
6009.285144  
538.5890366  
83.66130474  
767.2130773  
2890.400812  
0.8280488172  
463.3005575  
76.31233225  
1648.431372  
1423.831916  
1443.40769  
3955.537265  
863.5840785  
1702.112678  
1307.626677  
1214.995438  
240.9693139  
2300.040679  
588.7870546  
129.0186107  
387.9811204  
266.6845462  
2053.784037  
148.5150408  
1256.527108  
158.1182626  
117.3457803  
550.4011392  
512.0513172  
1066.720709  
1409.272745  
640.8893032  
373.0619367  
1027.391528  
386.4459254  
1685.343968  
72.92799209  
3143.323333  
280.4027507  
14.62810064  
1129.142274  
225.9337934  
455.8940876  
119.6868941  
1551.188643  
1395.846621  
284.1767624  
376.4468695  
697.4386824  
884.7147557  
1064.928017  
379.427734  
432.9596363  
753.2905023  
245.6145459  
611.2873596  
752.6782119  
734.0252679  
326.9495375  
757.4609242  
765.3155447  
372.2818489  
350.1245444  
36.43270657  
9.231295946  
183.2925334  
396.0487672  
109.5711131  
1157.831944  
33.21562159  
100.7977943  
11.90013917  
188.8885163  
453.6763656  
54.75993341  
21.93871459  
108.0306802  
347.4077279  
402.2887992  
489.757912  
968.2023859  
445.7509239  
71.59471218  
5.060305422  
361.8835448  
1196.44776  
1534.912325  
818.3786413  
62.85537089  
202.621706  
539.0833761  
77.81408746  
439.6165067  
367.2134051  
43.24329809  
62.74255634  
1816.969557  
75.24254529  
245.0155233  
106.9761123  
1514.615749  
318.8359785  
70.5317553  
322.4156451  
228.7177529  
191.4309623  
50.05671938  
634.0689189  
1002.006137  
1091.135761  
261.4506924  
204.9457935  
239.2965292  
326.4604213  
291.1747777  
703.6271243  
328.1026077  
101.0995267  
194.9203532  
104.2757244  
183.7267111  
121.523211  
249.4571755  
165.9167075  
253.2992865  
120.2465821  
307.8778014  
456.2248981  
62.66716941  
654.3532408  
228.9159636  
343.2661792  
1025.268146  
395.2421967  
304.0065158  
836.0387664  
96.90269899  
238.3458305  
769.2002446  
14.36980863  
284.2977811  
96.34405239  
569.3526901  
174.7988876  
44.02533265  
132.0786343  
204.1401918  
282.0996977  
8.079019727  
221.3629887  
28.28692381  
250.8798862  
60.55953774  
253.6972393  
18.19825798  
677.7820972  
51.14864107  
104.9334988  
254.9794338  
1222.429076  
127.8522176  
394.402432  
1595.376498  
54.24155023  
33.51828673  
230.6630334  
160.4415787  
97.11762109  
47.41585744  
11.19636066  
