158.2920448  
273.9956315  
4119.624489  
178.9841875  
12130.98569  
43639.66242  
1377.886462  
11335.95163  
5242.450974  
3147.435985  
8033.397698  
5893.574292  
3632.545206  
23928.95268  
6965.693936  
7254.922924  
25591.59205  
8089.435952  
8810.574586  
28935.13525  
142.1997351  
1066.546822  
523.0059477  
2375.916876  
14126.57538  
1247.115553  
8830.698451  
4686.434272  
4314.162159  
4047.881459  
3267.581013  
4513.77795  
5572.148198  
2947.935515  
2384.913812  
1144.592606  
9999.09684  
12001.59839  
3896.893641  
6645.169771  
2505.62519  
3831.838522  
2801.841795  
3999.192218  
165.6431839  
12132.03787  
2114.710802  
868.1150849  
1391.45774  
1078.611747  
9314.230808  
3748.490101  
3353.596474  
108.8113197  
2236.016817  
2652.670678  
482.3630526  
9779.658566  
1779.457044  
2718.273801  
1134.601229  
6534.887106  
1188.673902  
5305.374346  
1473.459303  
1816.47412  
1158.760304  
599.7970044  
3280.338189  
921.2314471  
1550.287292  
1916.329564  
2274.012481  
4038.407295  
452.5066569  
205.3966049  
1679.083394  
8198.291882  
4386.723747  
1694.706072  
364.4268464  
2902.223333  
214.6953685  
1173.57929  
196.0609552  
601.390473  
1019.709001  
3116.664935  
341.297324  
32.58124133  
676.1250881  
63.06058989  
4933.452342  
1850.946479  
1471.683629  
98.94747158  
940.0618232  
764.741542  
10506.08629  
240.5914471  
135.6097338  
2837.29023  
2132.914312  
1062.555466  
4752.09258  
1635.902779  
2744.78946  
616.7866689  
322.2891598  
2754.056596  
1943.925957  
567.6894474  
2316.727845  
3114.428637  
2339.323632  
3217.807507  
4190.256061  
109.7017557  
3477.759918  
2340.857066  
519.9989449  
151.8107069  
2015.916127  
64.27179096  
148.6077069  
1737.812288  
2328.256666  
496.8004001  
1475.956555  
3278.606459  
4841.113467  
3679.184304  
483.9006897  
966.6345896  
66.4425838  
3801.444939  
3814.646568  
1345.153152  
1448.693202  
1009.507456  
521.3690158  
355.3883467  
2367.864322  
748.47905  
1573.437255  
6503.033826  
12220.13374  
1071.026231  
4751.304221  
95.47927921  
414.4787427  
934.2489722  
74.6706606  
35.67213583  
860.7022471  
1567.014436  
83.88160256  
1115.019708  
825.6957495  
2725.598267  
3672.528251  
1886.164034  
1588.759967  
783.1889457  
4193.078745  
88.88149182  
508.3935085  
831.144794  
703.4588716  
1367.904291  
2038.284453  
1315.869812  
2722.484285  
878.8150008  
23.87896626  
2617.403367  
875.5031305  
1423.389787  
1294.071067  
721.2985629  
1175.262036  
6069.911132  
638.5553783  
1825.556291  
1278.618121  
938.5812789  
444.3084009  
261.4053142  
127.1787135  
284.7763622  
2103.897222  
1322.985139  
476.7886414  
693.6338563  
3.414082878  
215.9884757  
881.2301133  
1768.590607  
2142.370583  
715.8086358  
2685.485005  
1397.32402  
151.5073608  
387.7071146  
794.5745874  
321.2190477  
127.7100572  
1266.632279  
745.9197505  
1140.750711  
867.0739348  
97.80306469  
607.9520051  
126.7326644  
1185.60349  
646.8113019  
1218.858376  
71.21008483  
2.010072143  
1553.536995  
987.4110595  
191.9678756  
180.6647487  
26.03563718  
947.2774482  
1340.582337  
720.4867319  
557.3974914  
1404.104476  
1551.74102  
212.2972771  
506.4564636  
1629.837201  
1167.647392  
675.8855069  
33.46167092  
219.4169836  
73.86159359  
152.2193063  
479.2985357  
345.5894848  
69.39083247  
270.7032096  
191.1694662  
563.7715671  
471.3584727  
788.1692  
838.5193086  
780.7350929  
1597.478485  
175.7746473  
440.9000062  
1243.909442  
749.2399344  
970.607457  
337.1867824  
85.03127388  
16.1746396  
40.20592505  
340.4419635  
1235.916644  
475.1586934  
1277.655272  
502.0125162  
294.4213942  
665.2702983  
392.2206632  
89.61778206  
1495.936  
1284.596381  
342.9994626  
355.2820035  
765.5608333  
4.68711794  
477.2204224  
340.1766584  
69.2652285  
749.3683038  
194.7755909  
429.8983802  
702.6288332  
366.651812  
1535.666229  
153.8983221  
379.1968936  
229.3373799  
1005.597726  
896.2275465  
206.2512359  
109.6740587  
146.4793178  
354.6850786  
454.2390208  
155.7995878  
1.580884195  
