156.790668  
603.2151508  
2409.374485  
3541.700773  
16594.24265  
9663.931269  
13060.66553  
4807.353365  
12354.3108  
1411.118461  
390.2232765  
1489.145138  
5335.121625  
3238.568484  
1352.100586  
2543.291132  
2667.497709  
651.8991802  
6683.628935  
608.9677121  
1606.95528  
211.0115982  
2529.311151  
489.9988232  
334.1964984  
183.9120643  
281.7613524  
2326.232145  
2203.808937  
1524.043674  
946.808179  
1747.752988  
1120.159234  
483.1329074  
1272.117937  
612.2484155  
170.5156736  
3214.476286  
279.4544501  
1973.523564  
1489.46793  
147.7070451  
2964.251673  
1498.570017  
1909.779637  
642.8049665  
3025.951271  
932.4508533  
2015.810483  
3768.921681  
901.8154724  
2160.074346  
3797.039516  
2318.241191  
2176.147359  
368.6806946  
57.19600872  
3281.368866  
547.7116459  
177.4286388  
1245.161108  
997.4072898  
1367.297647  
2737.543746  
1940.674462  
1213.812437  
3212.002063  
1706.529565  
7903.729198  
2076.971134  
175.6799198  
890.7455114  
2203.836232  
551.9155423  
1613.23382  
5756.323292  
1262.730343  
740.9111535  
2650.74788  
2337.303083  
2065.475868  
3917.908177  
705.3242478  
6891.963225  
665.225238  
744.2692845  
59.35903359  
1810.507182  
5303.32434  
2275.754468  
3359.721614  
3193.453899  
2831.778174  
735.0675248  
980.4313479  
373.9945574  
3072.758687  
483.1015051  
573.4543319  
446.0422845  
1148.61821  
1490.660008  
333.0486023  
206.3489497  
1417.857968  
440.3001553  
2561.28463  
3073.114983  
85.33444092  
607.8549855  
539.1811348  
455.3350643  
181.2617164  
667.3132703  
468.4789604  
12.91714521  
187.8287066  
1362.066955  
602.7082277  
789.6352824  
533.2678814  
780.8243046  
332.7323236  
776.9130058  
1010.680642  
43.95417976  
38.18461912  
391.9073548  
777.7028547  
3807.327684  
719.7848314  
1010.62001  
191.5757287  
1818.666481  
740.2958777  
1030.7144  
384.4540502  
209.1198781  
1592.337456  
278.0653181  
285.5383368  
1563.182816  
251.9252935  
170.0980284  
464.3167714  
103.9383553  
144.1620466  
174.9596569  
432.8925905  
373.2981344  
99.47255046  
596.5087552  
180.2699158  
260.0712112  
189.0424751  
121.8868322  
310.2129291  
214.2161711  
407.7273373  
5.285788235  
236.9093262  
68.82551587  
3497.709886  
913.5589591  
842.6976819  
2512.456203  
325.0070439  
0.9059549784  
452.3632001  
685.9441109  
289.7886076  
823.3482714  
390.3311889  
285.0074397  
235.1780072  
797.0517193  
1120.223324  
283.5382947  
597.8609652  
319.2828479  
429.1241078  
499.487222  
679.0941792  
60.24049987  
528.861109  
390.5145156  
330.2624639  
451.7621788  
77.60766946  
151.4596365  
152.2005508  
142.8589976  
80.18505056  
247.5156939  
216.9871083  
556.3212036  
48.11735767  
510.685729  
1797.210008  
760.9446605  
222.3480782  
384.9580168  
89.24758653  
1287.347079  
186.5000401  
300.1049752  
132.0727977  
316.7560222  
81.89179596  
123.6255535  
252.4353209  
776.1785747  
872.6548347  
170.3327236  
654.0620665  
680.908197  
371.2506518  
537.7988723  
24.61446824  
356.8737152  
57.72233477  
449.7993614  
1190.971192  
5.640535833  
211.9009691  
231.4044989  
14.90591383  
297.7282431  
210.1681033  
572.7185085  
51.31430505  
386.2062892  
378.1834422  
167.090359  
81.17468197  
412.0718659  
188.7616559  
54.14127376  
627.2628659  
71.74146628  
9.198941476  
467.905285  
272.8229673  
133.8056744  
460.8218226  
85.67664488  
121.1840168  
128.7593604  
75.85207773  
94.66716326  
628.2402799  
430.2949183  
354.4277887  
513.5159639  
194.0591668  
1896.021931  
0.191471713  
204.0522202  
124.6942554  
26.19193649  
747.7541479  
15.1155962  
432.9201454  
532.5978987  
287.3007205  
77.75993597  
96.91704366  
223.9534635  
333.6870215  
105.6799949  
62.99215855  
21.18104504  
309.4643063  
49.54068489  
189.6463405  
233.4387674  
350.6223419  
57.24223419  
23.98697968  
337.1350128  
656.2037104  
315.6871681  
16.66718814  
126.5987958  
362.2600393  
121.4893158  
535.1449538  
215.8929569  
141.1723336  
254.2910769  
771.4401569  
256.4559231  
71.95250984  
332.7377278  
549.3941433  
