24.52161667  
2651.186629  
1930.287664  
6379.117369  
23087.98961  
14264.24928  
3073.996493  
15518.4151  
3402.36552  
429.3501411  
2594.534218  
18347.41546  
1540.749907  
1569.489454  
5644.546745  
3127.969135  
3922.027883  
3296.567832  
2302.905874  
112.7334424  
2700.090134  
6172.035738  
5315.285673  
4259.494526  
3136.85003  
8732.649338  
7860.986856  
144.1060327  
659.9506891  
5859.105737  
3217.076435  
49.69289818  
2330.215411  
832.8079038  
2525.373709  
587.5937632  
3435.387263  
3455.316674  
1558.365255  
1146.747909  
1304.323809  
1598.622955  
1486.555019  
1884.900418  
4993.636468  
2400.310003  
849.8278658  
1634.302862  
928.7460397  
145.2792411  
4875.050568  
1659.968817  
142.1569321  
936.7536737  
931.3348322  
668.8902976  
2105.516333  
6478.443335  
5547.249064  
1237.400334  
17.060106  
1269.502753  
993.1590441  
358.7349151  
738.2488855  
4963.38082  
1096.532357  
3578.408512  
3806.529317  
886.4025096  
3228.653645  
88.9096175  
589.5616079  
2809.836736  
1.231250489  
220.3363127  
316.4819609  
2212.676186  
328.4067178  
908.9886991  
850.4545638  
1469.55286  
802.8215475  
1910.304809  
113.1727752  
186.717113  
253.1524032  
1202.280732  
802.361746  
65.36056575  
4168.24793  
876.3453047  
2176.353652  
1514.242111  
166.389526  
2107.826113  
98.59835713  
621.4088533  
1391.270493  
3811.000324  
95.2941733  
2677.973339  
240.217046  
549.5188317  
4546.315748  
1176.090675  
979.0953981  
2863.936633  
2573.392893  
3043.415822  
1894.712174  
2929.23107  
1199.803978  
84.35492873  
1550.386341  
915.3151384  
914.3276237  
171.8106574  
515.3556188  
91.20177116  
285.7125708  
445.4569448  
149.1185236  
2587.351156  
1980.929569  
2605.617899  
1362.0223  
43.30961629  
4416.155566  
3561.011211  
288.7948086  
116.0677418  
770.4065383  
5660.220724  
1892.577217  
3156.327878  
270.8556464  
247.7153674  
2147.885082  
1620.65948  
2673.88266  
81.91688496  
183.0922471  
1312.516898  
1783.403068  
171.8346277  
522.1726413  
930.7457962  
1161.943527  
3537.641661  
54.43032752  
32.51658467  
179.2990587  
674.1914105  
681.8380356  
267.4426804  
182.566949  
558.3618968  
96.0755883  
70.56391571  
1654.462911  
1484.899673  
708.0033973  
117.6046982  
419.2293898  
835.7882671  
357.6862775  
434.9627023  
35.7047661  
339.0492411  
1229.261425  
137.4945814  
509.6182079  
155.9696014  
1072.268846  
148.956429  
356.9404377  
169.9263855  
1419.057795  
699.7328128  
60.14299574  
1073.695241  
7.74344138  
877.674419  
10.20361056  
337.979202  
1419.648093  
76.0666374  
501.9918921  
1245.300975  
1098.546184  
3.945273846  
371.2805993  
417.2414979  
213.3074206  
306.1989015  
269.4568027  
247.6084917  
998.7915378  
30.19100048  
67.12145622  
303.8680374  
92.53427003  
417.0252431  
72.84170926  
501.9180599  
1079.222956  
251.4260467  
265.3172395  
1149.634416  
395.0171445  
348.1853989  
1439.387902  
639.4949365  
123.0012478  
1639.574145  
266.876171  
254.4820927  
539.2370994  
107.1843173  
409.0911432  
844.3503969  
70.32241359  
226.4497492  
785.2219725  
244.5421349  
72.54045738  
901.5833596  
318.528214  
539.7172118  
598.3655434  
506.7313597  
560.8697993  
74.87621266  
330.1003793  
137.5707766  
115.5967748  
497.1797348  
256.501263  
278.3486546  
149.118874  
257.3667923  
400.3055002  
399.5734856  
247.0154593  
305.3805102  
56.76589691  
129.1007738  
851.158596  
57.28571133  
360.2533133  
1226.340734  
637.9885434  
179.8665467  
2.484375819  
9.678758138  
191.5740045  
287.9039293  
91.63176693  
629.7286157  
627.847715  
50.52396719  
131.6273869  
144.1032744  
24.57902493  
485.4368733  
45.46105105  
105.4233133  
359.2450206  
19.92016079  
132.6276006  
83.64773057  
217.7975766  
68.15771038  
711.5223677  
198.1568099  
101.9735129  
202.9701839  
42.50478264  
153.5951787  
455.8776549  
23.82039601  
181.8977717  
84.46687385  
385.5271375  
27.37167863  
3.050705442  
59.57511564  
104.8852224  
69.96228005  
139.0145486  
4.661268249  
73.89241163  
91.46533282  
93.14637457  
