1059.641902  
917.0088344  
12309.71675  
386.746526  
28590.52427  
5424.983757  
54076.9592  
79297.43136  
33248.56433  
11684.84078  
68881.36155  
9176.781154  
12415.5322  
4870.843503  
21099.16815  
12734.08463  
9271.481213  
1845.629051  
39730.06941  
362.1705743  
8609.862353  
1281.097325  
9675.106484  
8467.947825  
14944.31392  
3911.785887  
21267.40504  
1469.404642  
5506.085895  
3307.840024  
7053.54318  
3637.278262  
4384.636036  
3948.848987  
9931.77325  
3711.623113  
0.01610407899  
73.3661559  
3027.50192  
7235.389491  
6504.777658  
2915.042037  
182.4221485  
15.7032752  
16.14633794  
2578.420988  
9906.006221  
420.1714561  
4340.91263  
548.1406461  
1962.484467  
2214.120245  
9603.436747  
2066.128325  
2307.775331  
176.3483513  
2386.682236  
1882.700592  
8078.597847  
4352.939103  
4518.395946  
4374.04374  
1089.449123  
3187.233918  
6059.381052  
394.5827098  
6550.208173  
3039.591684  
64.02604636  
2411.333059  
3689.252666  
1070.427248  
3264.705663  
4842.934631  
338.9212217  
662.3472266  
3930.79143  
4494.552356  
2183.34965  
3654.82657  
645.4843389  
1611.312834  
200.5925575  
2837.9377  
1184.931732  
1205.576217  
1658.981209  
912.6907772  
222.0460729  
2000.79651  
1990.682874  
1060.054062  
3072.994213  
122.1877792  
96.03149962  
2714.219495  
3303.558436  
2730.983661  
6442.085973  
1190.620805  
972.5701218  
1109.167082  
2490.817543  
1902.960806  
3144.447409  
96.21850706  
1003.139173  
1502.226024  
1953.954275  
1158.149798  
2159.272785  
985.4751225  
734.7650325  
465.3724221  
2096.355547  
3748.147689  
1087.363193  
1014.70688  
124.4477202  
303.2656052  
185.6089173  
264.6379451  
398.914049  
1219.631147  
314.4570519  
312.5439634  
835.7265801  
309.0738246  
555.3528409  
1513.897137  
839.063107  
909.5176253  
455.8517643  
2078.160711  
5533.270162  
632.9488506  
96.61889159  
855.5318829  
98.8011172  
1595.911609  
2174.52966  
417.8512386  
253.3447728  
25.23411615  
834.5419567  
145.0107829  
2161.301259  
520.186317  
455.607862  
1067.802282  
85.13292555  
415.5998565  
546.1774974  
1743.178677  
455.3598021  
396.4013331  
108.6995873  
835.3554849  
196.743775  
1093.547163  
497.6127686  
453.3355535  
658.7948224  
561.9900217  
1398.091233  
91.70663964  
1480.268705  
767.3832961  
682.7854268  
918.8882107  
756.9602136  
1186.455731  
1269.770776  
289.406919  
689.820824  
248.3764703  
635.5623404  
690.5893532  
387.1253572  
158.537718  
168.9998508  
896.7789962  
760.2510149  
191.2095753  
751.4006968  
138.0006538  
147.094031  
85.92278317  
623.7360672  
28.03249999  
290.1134433  
226.9773916  
192.5065282  
451.3933751  
643.0510929  
920.4416397  
673.0891258  
53.18068176  
88.26615543  
1218.611651  
205.2449546  
26.99595571  
1025.706691  
146.7525423  
28.11035875  
235.6158928  
3.937926697  
126.5388729  
357.4151134  
65.85301471  
341.6396134  
769.641038  
20.24805557  
194.1648209  
8.817466091  
61.1883177  
159.5279204  
122.4819524  
650.5013376  
22.2719794  
376.962619  
326.4651564  
502.0089161  
109.6865043  
802.9000855  
299.0423015  
133.1562304  
876.8780266  
87.40899775  
369.719534  
161.8288711  
330.2000574  
311.743757  
172.834472  
119.5795606  
330.9250985  
240.0965967  
11.51450149  
30.45371382  
275.6886579  
26.96228949  
35.10162398  
129.644824  
616.4991406  
139.02974  
285.9909896  
318.7317958  
817.8428182  
223.7803865  
354.9009277  
199.6410019  
108.7949568  
438.8656352  
769.0189549  
426.6617117  
205.74825  
346.2977205  
100.0400305  
89.53512197  
325.6492897  
966.126438  
140.6456384  
622.883779  
369.3852747  
151.5671509  
338.682149  
374.8991966  
716.6760124  
541.881673  
447.6314478  
7.363239259  
185.6199675  
26.80209704  
88.58145425  
505.7568722  
180.4334436  
125.1683699  
193.52407  
350.4625173  
433.0646662  
362.0297419  
271.914048  
9.009234355  
98.73116437  
302.8446843  
165.0209278  
429.5862384  
262.3764704  
417.9443269  
350.2980871  
112.6005073  
23.25161685  
102.4660338  
162.7490732  
109.2756996  
