2.349753951  
495.5978749  
372.2688301  
1106.688761  
326.6804745  
2120.22546  
93.43777722  
2582.407784  
3597.956176  
3079.727735  
8448.70588  
4186.234874  
2445.214433  
2483.081772  
1903.721337  
1039.443698  
1143.924152  
500.61323  
51.50094809  
410.9291656  
1576.58645  
409.7460477  
835.2891263  
240.9781503  
476.4029765  
4950.888452  
548.1920186  
429.0012422  
6.820469987  
1408.787916  
3020.124285  
953.3543817  
1802.784438  
1500.961108  
128.9552865  
39.32010379  
888.3770083  
383.5339667  
1701.470697  
437.1227019  
530.818424  
328.1949155  
4424.302907  
130.6425279  
328.6804999  
1981.040667  
806.3527104  
21.34681652  
209.22935  
1248.503753  
31.078062  
2640.367539  
533.0695582  
2177.498042  
22.46527855  
1494.346011  
1064.490879  
256.0992315  
1732.862165  
544.3141001  
4450.06457  
2052.986659  
2859.07176  
29.93709508  
376.9371814  
1876.540103  
1185.160656  
435.343461  
4150.015187  
590.0124604  
670.2008991  
90.55905315  
848.9206787  
239.1837154  
497.7921641  
375.0755894  
2182.134016  
1135.645412  
771.6210334  
1097.84624  
561.9463809  
1741.631044  
415.2099689  
379.3867129  
575.1365363  
1219.26844  
1456.729322  
567.7741408  
900.9172543  
530.6557391  
508.4221057  
1217.678837  
2103.017336  
364.1914164  
5756.371654  
743.8983177  
2473.415856  
1604.200343  
1644.236056  
379.123846  
1887.900857  
1378.51661  
2719.787612  
834.5532051  
1201.698736  
149.1821152  
76.4399779  
1085.892927  
793.7924236  
63.55823377  
152.5832108  
262.2374396  
505.7774194  
504.3688989  
1194.455662  
2707.458089  
47.23304177  
79.38622001  
194.0500901  
676.5984335  
958.6784669  
230.0841266  
2367.420929  
2026.225303  
471.442685  
654.7919475  
543.4379112  
124.0630097  
169.2365439  
241.4210655  
24.27924576  
3242.524486  
1020.533072  
620.18577  
120.0421429  
2605.911888  
2170.53999  
321.8057757  
184.894837  
880.3043973  
222.5165423  
101.1624808  
1440.907697  
1825.695223  
396.7265494  
1237.726142  
340.383149  
349.3147665  
710.8593929  
257.4993739  
108.7804386  
48.98880091  
350.6729182  
28.12484617  
894.4011376  
14.19508108  
810.9803355  
1043.83635  
619.742038  
836.0623592  
34.59769618  
767.0432433  
3942.504534  
27.68121996  
1933.082543  
665.701976  
1737.085378  
3216.873791  
765.8938463  
257.1832608  
1412.590589  
1264.193981  
569.5425756  
726.5266676  
14.06644528  
590.2670656  
575.6811394  
704.5561135  
498.0047027  
245.8958665  
317.6419876  
958.7651384  
45.80168063  
271.356922  
806.2092591  
396.1754415  
617.8110332  
243.357018  
1161.171125  
2457.69421  
74.18773937  
294.9792351  
628.8129779  
1081.633608  
120.1077838  
52.19015855  
48.83498732  
700.0699983  
196.7486192  
121.0278508  
18.80245043  
1316.107402  
314.4860579  
683.7815844  
104.8046741  
261.375534  
27.84409355  
1059.146196  
78.30631789  
92.15472373  
458.6533262  
427.3158934  
42.71660179  
194.1412737  
48.87637578  
38.58000847  
357.4764222  
556.0169407  
79.68155479  
375.6935823  
40.17717875  
449.1075633  
235.9601951  
46.02765162  
705.8981797  
344.4199429  
25.91008075  
184.6640268  
270.2030447  
446.3581693  
11.69861351  
537.6078142  
0.1156482107  
240.4140658  
69.492853  
75.888793  
94.54424398  
240.3191041  
32.18689078  
81.45346245  
237.005168  
374.5291823  
93.11945029  
23.48227231  
434.6571779  
122.6691748  
156.1713596  
159.0586378  
19.85138025  
1203.333335  
361.944492  
48.6348026  
1183.923551  
567.044363  
187.08871  
188.6279124  
248.6729184  
82.36042389  
380.9082631  
293.4346295  
303.4462818  
201.7708787  
96.23837895  
254.9521586  
279.2310505  
352.3196376  
396.505614  
308.518383  
229.3947785  
250.050251  
238.016581  
47.18855118  
66.97628043  
59.6951135  
268.4897057  
18.53883488  
133.1912937  
172.2776204  
165.3015976  
330.6991636  
165.7445571  
105.9571421  
378.3887383  
36.25068704  
51.0234806  
433.5898647  
264.8078217  
341.4694299  
436.710191  
445.0326669  
74.7577459  
77.39935854  
96.57581884  
97.50634496  
104.1167758  
