208.6181408  
216.4462833  
757.8266732  
1465.013718  
5315.719348  
6972.814593  
10777.10586  
8631.48966  
5480.244382  
1345.441401  
1878.093264  
468.9981848  
2261.045931  
1146.391607  
444.7928987  
1250.044785  
7405.204303  
2278.722358  
86.37104548  
5798.314756  
13535.46827  
4110.241077  
6248.851602  
1601.145547  
5712.401161  
402.685876  
3702.517184  
1320.709815  
2826.255926  
801.8789432  
619.8203782  
3307.155107  
2200.176006  
541.7132729  
1291.371011  
3344.3225  
167.649903  
2513.410137  
1077.351599  
4907.39806  
285.650442  
396.5240575  
14138.52993  
4557.048453  
361.1407202  
150.8342156  
826.4384164  
1707.432415  
410.4457553  
1941.158985  
4431.206914  
4211.906721  
3511.396152  
3294.771485  
6117.527978  
261.7636967  
1665.311877  
7312.20509  
2042.637826  
395.2383457  
6493.296341  
402.362231  
453.8249254  
48.5956309  
436.4584242  
1691.124787  
4883.587238  
4517.331166  
3852.611253  
200.0067853  
24.60659365  
563.9926199  
1152.335282  
1259.656928  
1153.403091  
837.2681928  
2349.156558  
590.9825273  
1075.319534  
847.4078175  
110.2891889  
1303.484575  
7179.345361  
118.0325059  
572.3303214  
1356.342301  
642.0063353  
668.2064992  
2707.969615  
2113.405033  
147.3875549  
1598.242856  
1418.055563  
331.6622247  
40.10011847  
1246.370229  
1437.724435  
2561.721369  
2095.978775  
1007.207235  
303.1336864  
613.883356  
668.3628284  
25.37179122  
439.1785972  
844.753491  
819.1002579  
2034.495807  
1859.643033  
744.5117853  
2788.747039  
667.8304608  
1669.522952  
368.434602  
180.1370773  
369.0668642  
390.8732506  
2724.386083  
1344.097115  
226.0765757  
4530.703726  
4511.52813  
585.1674049  
214.9802902  
1943.835443  
355.9379464  
1606.451423  
28.19893284  
533.3246041  
2587.868554  
2150.124693  
294.9147724  
1934.21905  
3118.773372  
576.2430028  
754.2255799  
1254.064706  
157.2520431  
2227.945336  
1694.853722  
1779.519233  
49.59348224  
2672.827803  
118.6320308  
1508.266693  
2772.806016  
2364.023599  
1339.799859  
1427.08326  
359.9541775  
380.8520078  
255.0271322  
1368.281899  
1133.971995  
669.5691763  
1091.718135  
180.0495274  
83.12101963  
566.3000959  
242.9693564  
2955.616574  
3443.321527  
528.1686942  
61.93450072  
3237.7481  
564.8354673  
1228.18176  
42.20658652  
1177.120575  
132.0635156  
152.5988387  
42.99687894  
2696.060568  
195.8900081  
172.4532388  
1223.511722  
151.7087468  
525.1779734  
2286.649013  
75.09447916  
758.7230242  
227.1765767  
133.883931  
339.3109764  
39.56204837  
1354.120268  
60.0043389  
528.240512  
337.6023185  
74.13891844  
184.2539617  
921.2006181  
134.1951304  
279.3190317  
1055.412843  
662.8691055  
363.2802059  
133.37724  
1769.453257  
68.54297901  
434.6464753  
504.0204812  
285.6405764  
107.2517013  
656.5095812  
959.4906171  
655.2088738  
325.7204907  
525.1717239  
406.2024965  
280.4924563  
360.074096  
1427.694188  
114.0732602  
693.5865071  
1218.633705  
669.0330029  
156.2914029  
428.5200764  
895.5877292  
5.08077633  
480.6257466  
83.77091424  
304.6997705  
632.8122788  
1709.003636  
31.61417369  
96.98199762  
1537.132188  
370.9582286  
980.5895093  
177.9630424  
539.3150498  
55.77263529  
404.2988034  
106.1420286  
113.5835708  
410.1383579  
550.3585817  
1130.571727  
940.2199579  
63.59599544  
160.3024899  
216.3688208  
85.80549171  
14.65481527  
63.01810369  
48.19719555  
76.15212443  
146.2249518  
57.92388495  
290.7628801  
415.0943794  
319.8664353  
30.31183228  
118.8347673  
47.13779097  
162.5749124  
268.4950522  
898.8711686  
963.2398251  
250.8736358  
14.81223222  
461.3366659  
52.84860521  
63.43770203  
16.29833827  
505.6995464  
237.7550652  
742.3884964  
79.3139759  
79.75253531  
188.6483667  
12.55719739  
378.2687379  
86.89088491  
179.7261681  
39.71629227  
532.5976671  
107.3903216  
95.39171  
466.1375433  
247.8834883  
12.68515779  
137.0023296  
193.5895465  
93.5278022  
222.2012943  
324.5268836  
25.24660488  
204.3691084  
71.82073767  
39.11859839  
9.151850339  
80.92913709  
