262.1266155  
613.4176363  
5092.906932  
6427.777435  
17619.04504  
6479.964238  
8919.666994  
52329.80468  
56914.96948  
4582.611811  
9079.232375  
10982.57894  
1244.780448  
35942.66782  
13622.34848  
22349.34169  
2831.947934  
2658.020887  
1859.51567  
2689.669057  
1738.328836  
16704.8138  
1543.576613  
10557.34735  
1191.190886  
3174.400721  
2505.685777  
2411.735843  
2962.91042  
993.0640528  
2122.780702  
2139.724192  
881.3957761  
1254.6724  
1448.686269  
0.5493637643  
2189.923103  
8305.03208  
2221.757688  
3569.331017  
561.3328669  
28.67079712  
704.5356963  
2269.984289  
3868.348189  
1026.794276  
5820.218671  
754.4908958  
2156.427248  
1108.297226  
1010.401966  
66.35423578  
292.4840341  
2190.154851  
16.21489172  
5941.213263  
322.9339094  
959.9183387  
261.9866843  
372.844176  
48.58668792  
2572.469393  
1642.762508  
2185.010799  
3184.444412  
453.0294454  
1067.808069  
1687.25409  
1164.487704  
1080.21534  
658.6779474  
25.85565369  
1427.942517  
868.7453267  
3554.612152  
3060.71899  
384.7245479  
408.0848706  
847.9291805  
1036.005833  
943.5898288  
456.4758987  
1091.319773  
1682.517048  
1684.460983  
175.5885968  
1699.481405  
918.3451054  
603.029285  
2436.170428  
368.9940378  
775.9585573  
100.1672936  
320.707173  
1002.645529  
283.2886824  
77.35109547  
41.60060215  
74.67807028  
166.3735295  
171.3670657  
275.8764363  
1374.382778  
1225.992705  
514.9559138  
2035.802381  
1072.367447  
3317.381547  
41.58779573  
924.867326  
316.1241173  
204.0590914  
212.4451303  
349.0140078  
712.8702504  
75.11620535  
378.4954993  
486.4780361  
34.00957245  
45.06301633  
335.5753017  
709.1019631  
54.67118072  
559.1479503  
545.2413042  
173.6456409  
102.2466477  
508.8715626  
1044.280373  
1062.769473  
1697.057757  
473.6232783  
21.88564684  
1212.555173  
73.63418991  
515.816782  
24.83238389  
144.4469345  
1634.554715  
834.093378  
18.1153499  
233.0122528  
383.165997  
532.5554924  
98.4648605  
1231.183502  
9.624707141  
129.2815582  
116.2535048  
689.297959  
1.12999345  
58.71597144  
371.7714117  
270.3041319  
19.04923951  
236.6419576  
1.432108026  
1230.689253  
126.0196003  
1145.437826  
28.46390249  
266.7118066  
361.3771523  
640.1210389  
45.28541286  
332.3172997  
91.15275613  
126.5293636  
257.510777  
119.5440546  
214.5545835  
227.1963215  
59.1624525  
392.0176125  
106.6894436  
674.4985532  
108.568369  
157.7876068  
154.6036984  
815.5730693  
105.3624874  
614.3045555  
263.3214041  
579.6104365  
362.2074706  
341.2787494  
652.1402103  
357.4030227  
75.48491748  
8.087657119  
140.9099542  
357.3717383  
89.44548201  
327.968865  
468.5725949  
24.391301  
272.4041311  
22.58992689  
590.5753882  
166.6186916  
232.897838  
312.7395182  
55.14332083  
69.50117498  
159.8558742  
401.5842948  
82.03634076  
405.7201119  
88.44089647  
80.41866673  
337.0477573  
67.63201928  
90.85804332  
162.8495384  
229.1403129  
161.4619447  
90.26466507  
273.7968789  
45.14901693  
371.3485298  
221.4774236  
263.5250691  
47.7488067  
146.4237585  
28.81359422  
151.9900501  
179.809599  
87.82948088  
34.57853742  
9.583762246  
35.64402632  
381.1583591  
38.51062243  
100.4979363  
131.428271  
147.0362014  
103.6265409  
111.3195945  
112.1214142  
178.8270222  
73.59660595  
69.53650144  
95.63123773  
19.35021213  
186.0289728  
262.5135306  
85.3170347  
179.4537745  
11.71496613  
24.94744427  
99.85029271  
250.0718749  
117.4289904  
220.8331916  
227.5071714  
298.7184102  
6.838136179  
4.313040804  
84.39936162  
5.199115585  
91.4860386  
1.743131503  
82.31519433  
221.8844065  
286.3208909  
118.1531388  
144.1539043  
57.70135554  
31.30521578  
438.7241661  
219.1648959  
58.95440155  
120.0476324  
219.6531098  
25.38304499  
22.10028869  
305.9688353  
490.5734276  
54.12447467  
37.56703444  
68.75404141  
470.7533592  
180.6682529  
429.1518426  
22.860107  
157.8188459  
156.4987775  
367.4435661  
123.6659166  
56.57744917  
74.83721393  
17.56653283  
16.41870886  
78.08734345  
51.9339022  
