49.37779948  
91.34045177  
17.40447966  
1693.964901  
1067.580091  
10723.83412  
6981.7804  
13741.02198  
15996.87253  
8161.434159  
4960.344449  
7225.005552  
784.5109144  
2059.595709  
1029.40809  
5160.726413  
2491.32976  
143.7602385  
1161.408869  
1124.634926  
3200.195971  
1046.790643  
4033.751351  
6478.587701  
811.4248263  
3869.670736  
1081.500804  
1300.023766  
156.341296  
3560.947103  
7015.401868  
319.4034483  
1803.997594  
2485.772958  
2796.571224  
904.7920612  
214.3193523  
413.0267588  
665.742286  
27.34009571  
235.1918755  
485.1553186  
2747.196014  
764.2237136  
3859.363457  
2339.494962  
383.7765887  
1468.188942  
960.2162059  
1999.275876  
498.5942216  
4609.136115  
3220.069266  
1551.383002  
1231.511178  
11339.02416  
1590.624332  
3199.592364  
713.0519826  
443.6565333  
1206.769859  
680.1506889  
1736.791723  
1886.80553  
2314.010007  
1663.443499  
2591.706106  
5181.253471  
827.9864179  
1100.7688  
1402.477801  
321.6931071  
322.3863213  
3490.134141  
395.7033188  
718.4800484  
572.7625854  
1916.70973  
4746.866013  
941.2829703  
1467.28045  
940.4869193  
137.7835949  
2677.968188  
1780.829055  
1580.544133  
209.3504964  
2993.029964  
4421.187021  
1475.206648  
1175.373986  
1381.21927  
2625.375639  
43.78221223  
1099.220322  
25.27358932  
7722.428814  
136.9351375  
306.9705464  
107.5630754  
1088.605369  
232.3474428  
1219.303323  
219.1841449  
4007.016901  
135.5325593  
662.7405898  
5337.058234  
997.177402  
980.514556  
487.0242624  
609.9208704  
2595.185385  
854.3457027  
845.4855917  
1043.980455  
3447.674394  
313.989994  
87.73115572  
380.4922749  
284.650817  
186.3748715  
359.8875182  
753.2714599  
371.2712351  
3806.659313  
326.2382902  
185.9093332  
646.3251549  
189.2060824  
377.097386  
5.708691095  
1182.131529  
842.6372064  
250.4087071  
591.7753058  
185.6030903  
379.6635979  
399.5526647  
259.5429469  
954.76172  
316.0086673  
1828.033999  
169.8260917  
514.2953561  
1167.374443  
2696.991407  
433.8830215  
226.952762  
339.5232621  
971.4203546  
382.6734153  
129.3887491  
83.89853775  
380.8074787  
361.1714129  
116.6406454  
265.6647401  
368.616067  
1652.926931  
3497.576726  
386.3186161  
447.9642893  
1046.670704  
59.26874872  
138.072853  
1619.374914  
144.1839946  
1294.99468  
5.693597174  
266.9677765  
1217.08881  
1266.563801  
412.5664966  
203.6607395  
817.6874418  
92.99388617  
5.687266351  
1059.960213  
924.48825  
638.2604714  
998.5073635  
198.4558671  
43.78490948  
1040.589146  
914.4141093  
44.56499143  
154.3689211  
449.7146419  
329.5374372  
1256.622358  
136.7303173  
12.84697617  
686.6424164  
1670.416405  
508.1423147  
531.6833054  
77.1560012  
317.5203734  
278.6915705  
303.1542207  
339.3291788  
268.2527753  
183.323653  
352.0327847  
153.1826322  
285.3668851  
222.6272287  
264.3410785  
522.0076832  
426.4935193  
1452.221456  
333.1193609  
679.0878854  
276.883463  
38.8801558  
811.230006  
1791.375026  
389.1024863  
171.5684708  
53.00028361  
1322.231865  
782.9924331  
39.80265414  
935.6253181  
3.901119967  
311.6758814  
9.141563964  
18.532994  
354.107933  
129.2086956  
187.6992682  
79.73006001  
4.436878061  
771.3412356  
44.44916569  
149.0377478  
74.2704785  
340.7512359  
95.2503189  
201.3260484  
216.2356499  
584.7703825  
917.1977288  
184.9223404  
22.25388871  
519.4584176  
343.470724  
719.971118  
198.4337762  
340.5280937  
178.2046475  
186.3649981  
5.743605887  
6.784621435  
630.1017069  
68.03571091  
267.8055545  
268.5923467  
180.7419092  
461.8333092  
419.4343353  
116.8950317  
261.7890514  
78.40102589  
121.8436674  
683.5940399  
372.5288631  
173.512374  
192.6557317  
346.1857312  
142.6231917  
101.4314125  
335.0957404  
261.047336  
36.87808  
123.5800328  
244.8578434  
100.0159276  
274.3221029  
244.0405128  
95.9366172  
193.7117363  
61.10072076  
257.4869725  
144.0600656  
624.8521901  
88.03702071  
249.8404034  
68.85042588  
79.36032975  
644.5580079  
172.2749996  
63.07254351  
41.05010852  
