148.9222637  
323.8210546  
3589.778122  
4868.587878  
2551.08355  
6572.877481  
17167.42619  
14325.33466  
17296.28955  
8775.190269  
4306.007053  
11626.51655  
13857.55765  
23895.26184  
5041.003827  
666.2592825  
14638.91686  
13050.7934  
8932.72315  
1739.934889  
3908.107355  
132.2788206  
11619.06329  
8209.082572  
6696.82639  
1302.17172  
5723.850063  
4371.656986  
19891.16622  
3653.799694  
4763.915611  
7135.428171  
4165.363414  
7976.139378  
5830.498082  
3649.150805  
24082.78128  
9549.526677  
2484.596908  
4567.37356  
4047.1808  
2304.809953  
16604.36941  
3381.977352  
788.5177017  
3749.651515  
7372.358697  
1205.539828  
8384.172663  
6910.910753  
3531.751636  
6264.379259  
974.198596  
1206.628516  
15588.65495  
7535.0777  
2512.962616  
5336.683402  
3172.942959  
2319.085814  
2435.888308  
1038.787901  
8784.272392  
13384.04316  
5964.44868  
1248.033482  
7229.11083  
7389.955215  
187.1952069  
252.9529465  
4932.269559  
4548.548093  
862.2361837  
8870.348657  
2309.849406  
16325.07867  
372.0861685  
4599.982052  
4713.634223  
5101.48548  
378.6187816  
3163.986621  
769.4263294  
810.1823977  
1472.07899  
4262.930529  
1532.091492  
8416.875334  
5566.016091  
1196.308729  
635.3058351  
846.8774179  
5208.211477  
62.61515491  
1149.408591  
1539.732238  
1708.749838  
2924.683345  
2284.093733  
5103.205793  
339.6251162  
2753.531064  
533.9874327  
389.7159116  
10386.823  
3509.576768  
1774.966749  
661.982707  
9473.288606  
7464.196731  
606.7773598  
9860.439439  
1695.588307  
1855.944042  
2137.941046  
1665.324887  
864.5258221  
2123.276856  
375.0997366  
19692.47537  
2782.790232  
735.9460619  
4418.342231  
4869.346571  
659.214584  
2991.854585  
1679.188276  
14609.74285  
2368.059977  
675.8914206  
952.7069451  
3237.904283  
357.5186604  
1917.353273  
1523.053667  
2025.836116  
2756.613999  
2826.038235  
5428.582847  
921.6856491  
299.2036427  
2024.932251  
2798.884274  
1025.693667  
3028.436683  
2290.228209  
9160.619818  
7273.583855  
9695.910862  
7544.860198  
2467.857556  
1771.768057  
396.0389643  
816.3348272  
284.0325896  
458.9381101  
2098.128043  
304.6375205  
69.08059201  
612.7579906  
1087.902565  
2385.042507  
8230.780695  
10640.60947  
6001.935725  
6024.628608  
7762.52558  
12412.59132  
1478.776491  
302.6924476  
2239.916735  
3556.149799  
3228.554116  
2452.248037  
1987.498911  
315.9582145  
5433.709775  
154.8105098  
7031.920693  
904.6000003  
506.3566912  
98.86558286  
366.229577  
5827.379748  
3410.26971  
771.5542123  
460.8692479  
215.6265116  
1495.097624  
1086.898776  
2140.983846  
1249.219417  
29.51423181  
104.4586773  
100.6877753  
66.35743496  
2535.722818  
2595.111358  
3453.785752  
1793.038975  
230.2030112  
11.50101374  
3427.498259  
6871.254882  
114.9309157  
24.05997149  
328.2689822  
2274.557449  
237.9212564  
1174.377436  
263.2843455  
1414.337428  
1019.764862  
1240.199043  
2824.476611  
1125.600881  
1111.50384  
1686.447136  
1056.013044  
1503.0652  
1139.272932  
337.523615  
101.7904675  
1948.933744  
3343.459964  
5100.876262  
4949.526248  
35.49822424  
1914.779648  
955.8792482  
295.2093681  
977.5874094  
159.788247  
275.9925602  
2045.244841  
216.6283207  
216.6334486  
1974.011774  
1827.566969  
771.8507488  
522.1280342  
260.796094  
366.3417651  
871.6348117  
4814.301816  
1375.056321  
2982.88214  
636.1781981  
455.8805128  
1209.858028  
410.4437724  
777.7611026  
519.024139  
1359.465633  
1016.480558  
2961.008093  
353.3284522  
1345.638189  
49.32541102  
470.1063223  
3.404600105  
989.831951  
2840.201589  
36.83445595  
175.9335006  
172.9471906  
635.5884434  
387.1034687  
4435.913072  
263.3292027  
327.0619442  
909.1169359  
350.0708586  
2517.669234  
387.6610264  
12.3447064  
240.1509963  
133.8572261  
121.9847414  
478.9377992  
57.87790815  
555.0791274  
191.6015726  
125.4611701  
552.1255402  
192.7137304  
2949.984215  
1604.84395  
937.6914471  
3507.816729  
2298.543482  
341.9054253  
668.2750408  
843.8007534  
599.7018791  
