30.23053771  
133.9125435  
461.1279696  
2060.417551  
529.3235893  
3322.725723  
10194.37375  
3397.823735  
3513.615918  
28.68312535  
2339.508497  
13373.15924  
5086.740149  
2052.690654  
6349.465692  
4634.148553  
995.9836359  
6278.329768  
9558.800122  
487.6949343  
264.4608064  
5795.506219  
4293.089017  
6493.467904  
1925.582348  
1124.134378  
4935.764767  
4147.024009  
361.0729486  
5302.436676  
1788.559306  
647.2343939  
1381.410375  
812.3419425  
1192.339809  
1216.24936  
3238.537888  
6245.830361  
291.0303049  
925.7312992  
1709.653089  
32.67856417  
7831.083704  
1974.069701  
2215.688639  
1754.37646  
3408.457254  
674.1174376  
160.162754  
322.3433262  
3711.915102  
6780.467152  
3411.997868  
2686.516587  
4827.51703  
3131.469427  
905.4602348  
4679.150427  
764.7502069  
366.0775714  
940.180198  
2446.36578  
511.8233749  
208.1182736  
36.1914644  
694.8659328  
373.5253983  
408.2120937  
1546.650868  
465.1426862  
500.1625499  
103.2812394  
1905.746637  
467.6948428  
1682.563248  
1818.086285  
469.7407641  
4963.170195  
1271.4808  
2720.847397  
900.5993263  
13.05530209  
263.9537914  
789.6130631  
335.9722822  
308.7580225  
109.4915324  
359.3179272  
1815.055635  
1867.50277  
845.5782698  
346.2951516  
294.6574395  
557.5631417  
135.9342831  
3595.608515  
51.99128193  
357.1329567  
1697.485583  
859.7325796  
1316.707971  
616.9936878  
106.0378959  
352.8049768  
536.3417596  
130.387553  
449.6002211  
1164.895131  
735.25519  
2407.234201  
1803.97982  
639.7004796  
345.7032654  
2083.815706  
155.2119874  
49.50476236  
1042.312004  
1122.269144  
1155.840015  
108.3398363  
1911.06659  
268.903255  
102.561697  
472.6407428  
25.03309659  
5799.012735  
633.5841288  
467.650581  
842.7286477  
2172.338184  
1558.231239  
1043.007678  
550.1415075  
2934.786194  
543.6561594  
357.9489386  
1873.016442  
536.2375102  
11.55623541  
2077.405128  
487.1494746  
314.462172  
949.5191017  
605.8068918  
1223.192821  
257.976935  
1171.763328  
791.1925432  
28.4018977  
1825.277937  
65.65629131  
425.3035437  
87.85100894  
30.80312705  
1354.579963  
316.3142386  
451.5199565  
201.9352194  
454.8311422  
1757.247923  
72.97988377  
349.1805704  
1689.246094  
214.1206236  
917.5342274  
395.5609292  
675.803191  
498.9904939  
597.5989411  
104.9166549  
1384.018016  
1220.038456  
248.2854316  
181.1270517  
185.1722621  
132.7194478  
208.9378018  
713.8527293  
1789.064716  
60.08056633  
1266.245759  
2225.70379  
593.7363022  
1053.698497  
1118.993356  
845.0629109  
45.9940055  
223.9399912  
164.5762407  
15.15919503  
346.4381097  
175.4820139  
562.8293213  
404.4881781  
516.802459  
76.83170047  
77.01209872  
990.2715184  
911.7393512  
33.50873105  
880.9035096  
715.8382804  
283.6684637  
179.3531479  
89.52175198  
166.5095562  
886.0540011  
823.8402344  
964.9182817  
265.4016116  
78.29619372  
67.42466443  
162.4134003  
1223.532104  
227.9145864  
957.8897338  
831.9881557  
486.2531191  
140.3052078  
657.5470796  
509.2442439  
284.9622717  
332.46216  
38.75438402  
337.2642691  
459.7559998  
18.2438938  
116.5701527  
54.12543543  
279.2943786  
531.9568652  
308.2642203  
693.3723462  
169.0102576  
256.9585308  
293.0088871  
134.084999  
384.8337234  
13.9255676  
244.9386046  
11.50066359  
295.6749673  
174.1255001  
57.42326949  
343.5437912  
139.060619  
129.6855114  
217.5784533  
514.2849669  
14.23863273  
103.424573  
235.6448467  
56.98672415  
135.5903984  
116.4382207  
86.24618845  
106.9890688  
313.1488244  
39.62923359  
321.9843569  
128.2591481  
0.2416835291  
46.51219169  
44.07726665  
21.70801822  
125.7562127  
37.88876301  
112.1536528  
76.18604691  
10.65862993  
85.33627822  
84.37685622  
39.24487456  
6.131596412  
75.86578422  
19.80209524  
335.3951108  
237.5070323  
100.7418946  
22.23649094  
389.7619648  
657.922223  
141.0055239  
270.1765424  
543.015422  
94.99307984  
122.6226521  
10.51987543  
425.8894838  
137.2468938  
190.2178031  
288.4940938  
83.32965975  
59.24474663  
35.48764077  
