7206.404678  
130.9114523  
8527.072244  
20007.84789  
118935.6672  
43948.04837  
88881.63117  
69167.31203  
121945.2296  
621.3525358  
41357.44375  
2052.971785  
26116.50652  
45724.15552  
22628.39783  
6902.019108  
122748.3661  
31584.49203  
7281.450401  
1818.272545  
13141.68857  
3443.391141  
3885.596079  
273.5583983  
37971.36651  
8047.387231  
2308.190026  
4929.276602  
5800.140496  
1518.550334  
5317.220101  
4145.731607  
16407.35145  
3958.537362  
4129.268611  
123.2197241  
4201.849904  
2313.811514  
810.9573372  
4391.496948  
5048.005375  
6695.945573  
13720.32751  
4969.715976  
5653.846015  
3553.506274  
2499.877528  
290.3658459  
2041.537851  
1397.284298  
4677.519692  
1722.586177  
4510.504814  
4354.352283  
4392.208529  
557.4982782  
973.630314  
2746.5829  
2369.919877  
2360.783723  
2514.754274  
345.4161057  
1602.68849  
1392.554707  
3693.016436  
592.4524365  
2919.942494  
2141.576846  
509.8635896  
475.2710242  
9544.721606  
445.2110787  
301.6441422  
8.54356216  
680.8189967  
2285.599437  
5655.747474  
3913.352599  
7675.618589  
822.9677175  
2269.421255  
1489.822033  
152.2010069  
2635.421102  
8710.312472  
2573.011891  
965.3508295  
4336.938311  
1312.901609  
148.5404832  
3851.75094  
1167.320329  
2656.770882  
558.7408268  
2277.19844  
136.876934  
1198.929055  
157.6898764  
419.138345  
605.8219097  
584.7705462  
1479.662951  
4850.362897  
308.722722  
7143.420016  
308.70977  
2141.184366  
1077.416985  
1286.036027  
268.9358833  
1181.446816  
1184.427982  
1394.081117  
2407.205937  
7.917642392  
439.8353465  
1304.394466  
251.1508956  
960.4280031  
1598.059528  
550.2920111  
1800.464746  
1708.833207  
1539.406443  
91.33518914  
853.388762  
743.2116626  
1157.380918  
1550.842276  
4910.465811  
372.3962535  
793.8001826  
2097.925008  
263.2254648  
4901.122332  
42.11059071  
391.5071193  
2963.101042  
433.2246161  
78.08385141  
1424.958701  
592.5772928  
336.89657  
462.5199352  
144.3849322  
385.0776214  
1024.242569  
1731.145222  
3538.635018  
530.5356746  
163.2293983  
221.0206635  
1329.999935  
1831.247822  
90.43354755  
909.8220688  
1255.896756  
387.4036476  
988.8642124  
461.7377533  
3392.81008  
138.9705423  
105.4977373  
122.759156  
688.5635713  
691.554515  
1289.729819  
3607.780152  
1534.488787  
2214.632795  
2328.999871  
74.45192825  
753.471594  
537.2088315  
1139.43118  
207.2662334  
1336.95315  
337.4665783  
745.4676391  
1508.142743  
1895.121809  
154.5425831  
351.1991574  
524.1552436  
483.6825711  
518.9461906  
442.810725  
79.27999213  
1484.430803  
320.7834161  
357.8599434  
111.2396323  
392.7729172  
352.6932149  
430.2512831  
534.1995272  
147.0983145  
350.5441241  
423.5259887  
1941.737527  
872.7134828  
279.9852895  
256.2884518  
218.2405667  
638.6351711  
612.7439942  
136.0008241  
527.1990985  
438.7748638  
664.2945343  
21.6552099  
549.4941478  
670.3911676  
1220.570094  
65.21190188  
553.523874  
1331.474665  
1005.153421  
660.6728394  
508.8085921  
181.6443655  
667.7454157  
433.2331083  
625.2218336  
495.2007755  
564.7171994  
271.7488898  
898.2662814  
1765.659269  
918.3618701  
307.1902064  
146.1685615  
291.6116578  
23.03626971  
959.3138001  
266.8159095  
148.2318404  
291.2765763  
444.690089  
81.853577  
178.6503054  
66.94634944  
131.76575  
232.2575208  
233.5415455  
75.01315008  
203.000931  
20.29770474  
409.8600625  
3.041264203  
449.6730725  
1060.373699  
168.3916208  
35.20720561  
85.82751695  
252.8339816  
10.02870066  
834.3317043  
1043.344336  
451.1958689  
1017.080008  
543.4982167  
283.5563653  
40.55858025  
171.873455  
365.372742  
199.627002  
658.9976  
631.2670352  
369.9577775  
489.7164094  
139.5872524  
51.36192599  
14.81143545  
10.86773769  
223.4589837  
359.2728928  
139.4777198  
123.5174784  
301.7089938  
415.2026237  
795.0075206  
149.0588381  
564.4578895  
438.5197872  
36.56980966  
479.4888182  
72.61839888  
161.6769727  
489.2491509  
20.99249519  
21.54428562  
17.60795818  
28.13480208  
615.5220118  
