5.013016847  
31.53999638  
303.4606974  
473.9094247  
810.9100199  
438.3268851  
1303.613046  
1924.30694  
1974.043788  
1762.353893  
249.5079838  
7.563207086  
272.8906035  
770.4822395  
189.7535497  
73.15195808  
2716.223657  
3506.583556  
168.5794089  
358.5611944  
278.1737997  
204.7689396  
1159.895969  
79.36116857  
290.1385982  
3024.388171  
1298.52152  
371.7389337  
5.872666369  
1598.717098  
1.748112569  
1238.362025  
1386.142642  
38.83544546  
237.0608174  
641.9322659  
93.8823636  
138.9527666  
694.9349986  
198.9722597  
1011.750576  
375.9716829  
352.9679639  
74.48989891  
2501.544137  
167.5068979  
851.2094532  
110.3309298  
401.0636238  
705.1953068  
1475.42327  
82.15336108  
854.7795471  
471.7326602  
207.3701968  
5.712945673  
219.4783614  
861.0953641  
1286.869633  
313.4104799  
42.83247581  
270.7126621  
251.6180779  
321.3806917  
1354.76432  
81.44744436  
86.51585935  
404.3939586  
215.5971027  
375.8090972  
94.7173703  
1.764562615  
189.9261647  
503.8634796  
653.0152247  
1636.948533  
185.346659  
270.82844  
601.7249173  
460.4589177  
1355.61656  
2694.744836  
701.7138194  
1467.683722  
563.9259213  
671.6963382  
76.05353631  
367.7536183  
2400.475529  
352.9015712  
1063.038246  
646.9806074  
400.1081195  
66.04451249  
662.2906673  
265.0248188  
356.3946602  
400.1001781  
684.5752933  
1093.056082  
284.249012  
307.0641441  
707.514149  
855.6050938  
172.6335495  
570.3470338  
96.77441693  
49.64060894  
1429.189747  
751.5682791  
117.0865113  
439.7564909  
149.1928955  
55.3591357  
1502.73174  
397.0145985  
797.7621033  
900.5708826  
501.4653765  
480.5997362  
83.55816732  
447.8705468  
37.3803245  
287.5397116  
632.0946006  
265.4232407  
171.7622264  
260.8194458  
599.0707097  
767.7322069  
151.2259323  
326.6362898  
461.1243847  
669.9902681  
269.5560684  
60.72969454  
225.0924138  
120.4300051  
1264.455094  
2642.37231  
389.7171537  
898.4806134  
621.1951424  
239.1853686  
184.8872521  
286.7130958  
93.59223042  
818.6042192  
159.1423584  
132.3462857  
463.2505354  
182.9771375  
439.7079286  
388.1785454  
245.4080362  
752.3339617  
86.08843026  
299.446122  
905.5381865  
85.73837816  
696.4670533  
289.4754493  
863.8480918  
318.8661978  
270.5197762  
2583.541646  
244.1099667  
215.3418185  
69.03886734  
289.5835355  
692.4776449  
426.8045414  
1266.053744  
126.2307791  
57.73515433  
678.0487714  
250.5376469  
56.95806179  
348.1489476  
61.84979778  
82.14263911  
710.7390184  
78.41079369  
694.9483983  
408.6124986  
47.6353049  
100.2689866  
596.2789937  
5.168952488  
315.1775262  
96.37636363  
52.87258925  
121.665074  
142.9116608  
126.7423669  
213.8978551  
453.0719929  
240.3356575  
126.7839572  
340.5336807  
881.9791321  
579.8992912  
115.7142406  
464.8133646  
1319.853254  
283.1845971  
215.4459207  
403.0653163  
4.081599667  
219.0366507  
291.2864313  
622.5841859  
33.89626718  
0.6994480748  
231.5967435  
248.3255285  
185.0951247  
516.0355275  
83.06015823  
124.1696891  
319.6645251  
578.2355187  
759.3710867  
155.6243597  
182.9877296  
20.4318395  
276.0200375  
561.7344594  
382.1479016  
540.4462519  
196.6984553  
98.32755748  
64.64177648  
392.5256494  
835.6173907  
890.6070252  
854.577867  
404.2183336  
55.61554313  
411.0008143  
160.8780033  
97.46836282  
72.19195067  
396.343547  
159.0569397  
82.30458221  
392.0391295  
143.1691915  
72.08550114  
61.80406118  
479.0558848  
0.2491713967  
81.47887128  
152.3950643  
17.78046784  
387.6353297  
91.76873167  
110.8064014  
427.0199283  
442.8645857  
355.0290056  
162.8218015  
442.9956556  
14.85565187  
37.19930637  
7.371112944  
14.60982757  
141.0557008  
332.2163115  
77.80613594  
207.8850812  
52.56900734  
107.7559953  
148.8276485  
45.20889211  
134.2692155  
195.4681049  
49.80717427  
32.96190174  
50.16191471  
81.27130648  
16.13363599  
142.9400423  
33.59364606  
146.5081529  
350.3470695  
314.8377194  
183.663679  
47.68001542  
641.7675545  
129.3471766  
362.8338835  
164.3463909  
10.32745995  
7.48456006  
