2.288982936  
278.5470188  
927.3313895  
986.1173022  
3662.357297  
13276.83528  
607.8302906  
9715.600318  
3056.976297  
387.2583708  
237.3711161  
4898.814961  
917.0537152  
737.1417331  
1383.918917  
725.20726  
4606.892947  
1392.646203  
1302.801941  
2574.15797  
124.0524357  
179.1512653  
535.0210496  
2741.217104  
555.1282542  
2999.966732  
3003.651269  
113.3734798  
346.4578202  
449.5567149  
1061.874897  
279.6057197  
3246.174336  
473.2901206  
443.051251  
1792.18268  
1001.127048  
446.730304  
1186.681271  
823.918014  
595.1927973  
427.2717624  
381.3495856  
1915.37405  
985.3921018  
227.4537699  
2097.991561  
268.5093797  
439.4784131  
1682.712157  
1548.625086  
292.2258775  
595.6341565  
2.677435494  
558.6315939  
1729.328602  
532.1516175  
1499.205187  
2175.122022  
332.5195523  
337.4360885  
1434.678429  
650.2601586  
1897.704454  
248.8896572  
536.8365817  
814.5685955  
786.0111865  
1076.502039  
410.0477701  
780.7555389  
990.9134198  
168.3030218  
1987.248522  
814.7091983  
2956.0554  
109.8797286  
2094.18487  
1631.02098  
785.1331712  
249.9027438  
737.9805679  
1570.329576  
63.38834862  
505.4997281  
1784.199473  
464.1932582  
671.4355652  
1660.060994  
1176.2677  
259.8557271  
193.9454248  
1949.506529  
287.0425165  
1921.453097  
1469.525516  
2898.752867  
2111.741874  
4346.232361  
1502.335327  
422.8380022  
1008.400795  
285.2924013  
426.9266634  
1006.344399  
15.23997886  
1129.450187  
2101.417859  
4590.411871  
4517.668339  
1227.098615  
1992.37975  
3617.040036  
2873.45513  
1947.897111  
1446.988694  
1842.079625  
776.3490826  
871.2945449  
1124.304756  
398.3907282  
339.2178257  
690.0031512  
110.2517388  
389.607221  
3740.124437  
124.308497  
978.2389454  
144.4147687  
1806.853273  
930.8743521  
218.9100342  
174.0664062  
2263.536584  
1794.86326  
453.7780526  
1419.14267  
50.86074744  
697.666258  
1691.309905  
4880.278251  
928.6329066  
689.2272844  
121.6396315  
480.8887663  
900.0190899  
1541.758349  
1394.048793  
970.8232395  
2204.735851  
340.6738066  
30.40557193  
518.9684955  
279.956005  
1983.472998  
954.0744073  
623.560007  
757.7284174  
2163.801231  
107.2734802  
3886.796346  
417.1302849  
540.0188017  
432.436906  
177.3894292  
2049.37376  
681.8673008  
958.7109688  
3772.694035  
417.3765881  
1908.48202  
5.676089965  
547.353366  
379.6200233  
450.3737707  
2054.020544  
478.1093361  
1019.276439  
985.6330195  
49.25185025  
45.21312782  
2916.852744  
702.2667558  
105.4535217  
2638.628295  
113.178535  
1.402985582  
193.2056032  
64.11735465  
168.9512727  
319.8317264  
108.3488055  
229.7845602  
765.289802  
9.019146095  
807.6808185  
0.06004620535  
1882.778996  
1231.298285  
314.4920197  
576.7960938  
284.4227131  
602.2436475  
1392.243044  
390.248154  
135.2816438  
126.3655206  
3457.005527  
856.6640683  
201.2945523  
432.4202317  
44.12169867  
1033.942808  
371.5824465  
777.1646705  
659.1026981  
865.8796325  
394.744197  
321.3699516  
562.5531832  
205.658564  
1192.447919  
273.8778137  
90.81058095  
871.1782954  
1600.072967  
179.5517943  
221.3006763  
2025.549201  
3436.352223  
266.8027296  
624.164986  
657.0239862  
1116.582375  
225.6540013  
460.1427011  
310.7387384  
335.0682876  
108.5001986  
424.9503254  
227.0924628  
669.0231209  
808.0268709  
247.9800185  
188.7127855  
334.3349704  
300.2910411  
545.819901  
368.7312128  
60.11290129  
85.9150732  
61.77730192  
628.5924761  
1010.861142  
401.8256169  
599.7700081  
57.14527996  
447.9530141  
1291.130782  
455.9955666  
958.9194172  
286.6037117  
46.90753192  
134.2031714  
277.0380566  
835.4571158  
5.531616188  
312.580914  
516.8916582  
1099.161784  
32.07526579  
468.9589199  
48.45613665  
106.991074  
313.505776  
457.4333633  
400.7329512  
157.1401597  
107.0079163  
240.2781407  
10.92300114  
249.0996493  
363.0783069  
158.9768383  
88.35563103  
87.47061444  
58.70000464  
251.0617045  
219.4577832  
58.8460576  
413.2308334  
28.45011337  
454.3339487  
142.3634219  
42.94746211  
