246.6840425  
1843.073118  
2543.289221  
2442.108827  
17728.69677  
2629.597593  
6499.810253  
43568.01393  
33356.06292  
3904.161103  
23059.23781  
34256.02947  
7203.849273  
5100.704411  
14807.71444  
2829.355251  
992.8297012  
14545.86835  
6110.767963  
2310.902878  
18936.75915  
11287.18871  
878.1035168  
2679.375858  
9442.331317  
252.2638881  
8458.0366  
3348.804073  
184.9957587  
5509.513968  
4647.348174  
4662.619784  
1193.261579  
917.3561665  
1553.606265  
570.8033789  
2096.19511  
1946.88316  
1933.808873  
725.0514622  
2030.805932  
1313.86709  
11815.77264  
2665.456649  
513.2805559  
2009.730314  
1060.522709  
1743.642977  
611.3507574  
1685.944503  
2719.189109  
5208.394875  
3172.583662  
846.3198137  
1516.59094  
502.1648256  
107.3428086  
4304.265106  
1000.133921  
1177.274513  
3449.647764  
101.7642689  
663.2148101  
1729.036192  
185.5543514  
859.2048677  
358.8444486  
468.9593878  
1166.368618  
475.0712769  
848.1670643  
192.4344277  
564.5728162  
2436.950017  
3598.790703  
455.3291839  
2447.509184  
71.72164034  
1834.40766  
428.4780353  
524.3374997  
3168.064147  
2356.316259  
159.9746788  
1015.685296  
65.80202778  
290.1718928  
520.2958839  
2964.43026  
5105.834415  
59.4068574  
750.0464984  
3725.184802  
404.9520899  
523.2914897  
16.44434145  
3908.246912  
2349.420365  
2710.162176  
565.0410717  
850.287913  
216.0146191  
1520.00443  
359.1975021  
2772.921913  
696.7944985  
910.0415178  
711.6313509  
601.146364  
276.2606918  
112.6992433  
234.4661634  
554.572402  
1656.081124  
193.2264414  
88.20771584  
2307.792884  
8427.143281  
1733.595049  
323.0765317  
2923.986157  
2845.540583  
535.1881352  
1584.818181  
744.1855871  
517.3289154  
3480.00818  
229.3460608  
26.17572916  
2236.588628  
1492.877663  
647.4919989  
919.3063291  
1244.965216  
1719.260751  
13.09414533  
648.3108941  
107.1660395  
671.9527604  
104.346116  
1987.601536  
315.3017453  
2333.941132  
310.4215569  
959.2372514  
1322.461822  
785.3969113  
353.2794314  
72.8808931  
732.1659336  
59.06083539  
596.6538882  
256.9836409  
1416.236018  
168.219676  
442.5319425  
182.0372229  
232.6328915  
111.8217113  
36.39752651  
662.7443282  
236.8996971  
1552.91091  
923.9576002  
3502.765973  
613.6582701  
1478.263739  
1217.204861  
13.71730219  
260.7669644  
39.55889981  
174.1656053  
351.1684917  
22.44838464  
72.50759319  
18.77579583  
25.46313288  
35.69049948  
126.2751774  
545.2143602  
103.0148613  
435.7792566  
131.4131216  
182.803775  
199.2169695  
161.0390546  
217.7378512  
737.3171765  
373.2912111  
14.19355204  
201.3506237  
355.7528946  
136.2018378  
364.446245  
228.9277921  
152.5625669  
565.8604223  
625.9624297  
86.17760965  
102.8531377  
43.25575499  
340.1350613  
937.2704997  
393.5627466  
263.5855663  
273.6182608  
38.75535497  
637.8752547  
597.7827499  
60.93498109  
351.4349552  
102.5994787  
39.21222698  
126.8984871  
275.4593512  
209.2121318  
373.7165855  
158.9468388  
95.02295566  
156.6737356  
293.6520906  
42.18331663  
55.88909221  
141.2996943  
483.2134091  
260.9294903  
115.6961116  
17.99976632  
473.9806603  
15.56297339  
471.8658627  
220.0681926  
44.30670604  
18.60093071  
262.5922401  
59.68849663  
45.51613115  
58.45361987  
93.80156759  
446.6673429  
381.1823735  
241.7405632  
212.9542719  
65.29504734  
242.7071837  
174.7478992  
445.7061681  
10.89225872  
35.80589262  
63.16884586  
106.5950928  
119.2148355  
110.3814513  
151.2949555  
184.9993906  
4.699250376  
93.55568963  
232.7112718  
82.41579256  
66.78898189  
247.9556447  
343.4208912  
26.18899856  
36.85139489  
36.41770551  
24.15921518  
132.2977947  
89.53392351  
18.64352304  
122.167832  
470.7430148  
158.3167886  
8.264284663  
70.838881  
177.281802  
167.3922288  
140.4727601  
22.64454208  
224.3759127  
194.2808125  
131.596481  
261.5941824  
270.3110604  
185.7960781  
61.62685105  
29.12316346  
21.19470171  
319.3429017  
2.286015199  
13.4800675  
20.93249988  
146.2613137  
45.56469265  
22.47306745  
0.3303669624  
