68.81301932  
88.92821266  
7762.72145  
1194.196864  
8260.281259  
15539.25305  
9550.360574  
25066.87019  
19113.33165  
128.67025  
14880.97867  
20326.49705  
1448.60677  
12256.39036  
9512.227457  
2161.698952  
10597.33988  
25563.04794  
7006.348075  
9355.775573  
11990.20602  
5790.621702  
12836.79472  
7002.34795  
9938.68853  
2453.624325  
3710.748322  
24529.82124  
7616.774344  
24599.85678  
5038.394218  
8356.407528  
242.9553631  
3944.670702  
3746.517967  
116.6771548  
1559.78618  
11582.82512  
1224.060834  
220.5259593  
4698.913835  
5500.646684  
3891.636628  
3261.656246  
2620.272743  
7743.384533  
274.8245922  
4032.561923  
252.4982091  
5073.28238  
1753.325861  
9085.996211  
2060.178144  
9313.748094  
5381.996831  
1270.442008  
2052.197164  
5794.673676  
380.7473162  
1146.910412  
637.1031832  
519.9920952  
2140.067813  
166.3320364  
1111.12828  
2806.615664  
481.2031166  
2392.895521  
904.3336158  
1389.750105  
1560.170351  
323.8626399  
1389.893233  
114.0898718  
447.9939583  
6499.024027  
1212.560695  
2200.923911  
73.24746882  
2800.605826  
263.0983845  
1266.660189  
391.0552923  
1067.905889  
105.4931432  
1049.959937  
2058.240286  
897.8861629  
95.71245596  
387.7935065  
378.2573547  
1617.588962  
538.6629938  
2204.052035  
2165.845975  
1753.485708  
756.484485  
1317.83054  
2553.411475  
1806.135291  
1962.855163  
1074.500983  
28.12336326  
1759.791912  
6822.427862  
219.2079156  
563.7714369  
4412.002861  
220.0612933  
436.2083969  
527.4376677  
206.4274452  
521.626734  
5075.087434  
1072.714785  
23.93377889  
2564.41809  
2455.472069  
1983.752437  
320.7939367  
708.5705641  
163.5124881  
890.6922546  
32.51361464  
12.05767429  
1558.497026  
168.4510008  
13.85939951  
249.4539765  
740.2588104  
2578.070366  
1618.152968  
325.8167871  
631.4820181  
1025.064864  
1539.447202  
2650.264878  
62.03135226  
616.9675899  
353.0635043  
233.5575784  
904.5032911  
680.1736827  
589.0307717  
294.0212718  
521.9531945  
2145.534144  
109.4946696  
172.3752398  
629.7621987  
302.9923893  
26.06207436  
643.5734002  
750.8450729  
205.4199859  
804.3717471  
226.8792741  
809.0038946  
263.6041838  
603.9501294  
923.6431475  
200.7148898  
468.0256511  
966.1458138  
3019.872701  
852.5253361  
316.8236324  
1569.135519  
444.3632726  
973.0957271  
430.9697124  
810.803974  
1111.618978  
801.1996817  
758.9784143  
1964.314232  
643.3478819  
1841.689185  
82.83766485  
1167.790658  
206.6693543  
1633.618301  
389.247123  
900.4330071  
476.8219113  
199.1434062  
109.8932942  
8.010413048  
142.3218581  
27.42885746  
191.1850319  
33.37282518  
1.953305824  
54.22451874  
11.52420504  
88.41169951  
567.8901559  
557.4647895  
1167.98328  
176.0519965  
379.4229347  
237.9114376  
145.8440433  
30.2242173  
296.2303017  
225.2347063  
109.1737653  
1515.42383  
996.7465151  
129.034215  
570.4527259  
210.8170753  
112.2870259  
1036.447114  
464.4537261  
693.9003796  
342.1875086  
206.0232002  
346.6517657  
406.1122656  
809.487522  
408.3089576  
272.342772  
537.20052  
561.022134  
702.4360657  
83.39170063  
332.5989318  
422.7081533  
265.1224056  
216.5761292  
404.7754425  
1194.780116  
100.7121643  
397.0258828  
115.0645878  
370.2340849  
152.870851  
120.5464625  
454.0456191  
139.5057728  
328.2336896  
109.1612982  
148.4111667  
402.8364916  
529.0804307  
415.5835319  
386.9019864  
352.5741426  
132.2637331  
13.83220348  
1335.812544  
507.1247973  
447.8560222  
439.2895431  
978.3909486  
205.7298874  
134.3330302  
437.4617093  
360.8380918  
462.9025113  
45.59688257  
51.87599077  
43.96801671  
36.05880223  
270.1831501  
209.5884626  
178.8184725  
251.124542  
9.751874063  
572.72615  
113.1848867  
288.8622015  
8.729033147  
342.757622  
50.83403844  
35.49164098  
184.6518258  
331.8149822  
174.0773387  
257.4908288  
141.3894983  
41.38218783  
290.8765557  
151.6566563  
89.50286888  
130.5038765  
7.010281596  
89.47147213  
521.0915356  
51.80713377  
161.0564795  
120.6057649  
208.2419437  
75.92219189  
