248.542994  
2466.520098  
12728.17647  
29256.31827  
13121.09927  
28760.54652  
32111.84165  
72222.98965  
1641.283315  
19318.25903  
10852.22406  
35648.99227  
20025.01753  
21949.72557  
19508.00895  
27001.1624  
4451.286608  
19990.95009  
1252.108409  
14562.7975  
3149.09021  
20490.76413  
4191.556411  
9485.022387  
10892.81877  
9227.452513  
12396.37157  
6817.111094  
1033.131267  
15947.00598  
17915.33974  
5817.62872  
30480.16204  
5001.332877  
8542.103631  
538.0526174  
4444.6075  
5982.28021  
27934.53482  
12981.73524  
18795.23263  
1433.356357  
1428.351384  
6086.627453  
3503.146292  
7959.425085  
5266.675914  
5366.873457  
2174.8577  
1884.547518  
1665.155074  
3474.560816  
849.5472526  
4342.873516  
3893.241056  
4119.005817  
8800.748346  
1389.757435  
5994.303152  
62.56546305  
2465.785946  
6021.085363  
6195.795097  
2237.647635  
4544.386729  
1585.2123  
359.897946  
2223.269169  
83.83175315  
4885.182511  
239.3291784  
5779.594717  
1367.26277  
2412.868394  
13.10595324  
3210.941421  
727.547901  
666.8224786  
4934.312671  
10127.36418  
6105.946171  
373.413757  
1406.978861  
590.49874  
457.7124569  
2503.598209  
580.0525947  
4364.020553  
1652.463938  
513.7836618  
646.1867619  
406.0987289  
259.0210035  
125.7893587  
312.3693539  
1608.179832  
540.9513492  
3418.995549  
1555.827872  
1191.408489  
717.2766581  
560.9820389  
95.13507314  
2737.616253  
4578.080961  
3897.633501  
5619.411948  
424.6503712  
3750.334384  
2497.686649  
480.9256885  
192.9707284  
497.888626  
1760.618983  
3004.52109  
3913.771644  
3990.111732  
7324.645424  
130.3923037  
530.3606061  
615.0100987  
3282.827497  
2201.446256  
2044.457578  
436.6657491  
200.3340356  
1348.011292  
104.3572018  
1288.24968  
352.5635913  
1592.814116  
408.5979494  
1048.630828  
42.61143568  
1113.721503  
2100.316111  
2523.47978  
298.4589194  
239.2723067  
541.2863543  
2159.221693  
81.12121694  
456.5426987  
883.0980732  
1756.269423  
1585.267847  
1726.918125  
414.6102196  
950.6923393  
2236.968808  
83.27238868  
388.3100649  
25.79727447  
584.9195127  
1211.177822  
126.5897286  
117.5429225  
52.08118555  
1301.980667  
553.2028454  
1426.134331  
473.5079417  
884.3673703  
111.5151588  
217.1478152  
1412.145736  
552.9826956  
821.5088832  
976.684079  
1323.814597  
439.58226  
165.0789207  
54.68263219  
642.1115643  
192.3345111  
153.360923  
2030.379717  
1329.118686  
542.9112082  
336.9813149  
30.96550349  
188.1972791  
448.4838104  
495.8039837  
1746.490354  
978.7101767  
635.6775261  
819.7819066  
1263.400484  
630.9038172  
832.2137085  
1596.90851  
101.6685311  
449.2574838  
339.1539245  
627.7073853  
527.9387765  
446.6098704  
1012.609888  
77.49940405  
208.0574828  
675.0662923  
187.1788497  
549.6338767  
570.5999831  
81.14647856  
1284.432202  
1312.468807  
2079.076407  
1458.080114  
1125.463982  
956.4327854  
1036.876086  
662.0880403  
1448.865464  
106.4973082  
14.64603062  
5.292577565  
56.49478607  
225.7764998  
714.0924188  
860.1153355  
1276.452132  
370.1878307  
261.9027536  
405.5185752  
261.6007894  
1623.766579  
133.7775959  
2939.400123  
1397.388379  
1469.071673  
759.4471971  
406.8730504  
99.29317598  
229.3535235  
126.2688791  
669.0670836  
472.5018657  
249.0894663  
554.8105836  
882.3813917  
705.9593895  
299.0232624  
312.3677156  
843.3835011  
734.3917338  
565.5763913  
892.0064659  
545.4720174  
528.3088177  
133.8903299  
153.721647  
688.6164201  
116.0173024  
552.5237486  
447.904461  
701.1811741  
702.844178  
1222.771652  
799.6681487  
21.50887662  
67.29069546  
1257.038702  
1190.647913  
1702.842005  
1600.826582  
706.6469406  
307.7132145  
891.3252346  
786.8377762  
1153.567581  
735.0650048  
790.9845392  
370.3550383  
179.3205901  
13.94769867  
54.98724136  
79.35865226  
642.6885677  
335.9114686  
1629.21422  
1699.16234  
2682.027117  
690.7976407  
59.26435666  
139.4802381  
677.6224528  
897.5919683  
1202.700215  
636.885839  
22.85807809  
56.74027692  
158.8627318  
0.025723951  
