460.4454081  
859.7546175  
11080.30031  
3768.170839  
26563.79017  
50470.88926  
2140.691578  
43907.54924  
26305.16982  
539.6091471  
2632.496359  
659.2811687  
415.6440702  
9261.635923  
3600.035641  
5201.289092  
11085.27741  
4681.817355  
1216.826415  
6659.776095  
3554.785833  
3090.206155  
1652.342717  
2013.22616  
8061.772216  
5673.2871  
2156.727349  
3934.571979  
45.69339707  
8167.793385  
4749.966645  
8312.700418  
2566.538051  
2056.989767  
2402.185157  
6706.1641  
3650.316309  
2022.93263  
1046.888612  
796.1084212  
1275.392213  
1796.059295  
6907.585495  
2359.883538  
1672.437845  
121.5525409  
1522.882414  
2711.925191  
553.3094215  
3161.056169  
4486.467111  
2084.531883  
257.6999757  
424.8350169  
1177.156467  
1120.851065  
420.287962  
3345.362833  
3169.518937  
1299.646958  
2990.46667  
3573.786385  
147.4402814  
6981.306508  
982.0761835  
2723.283977  
1371.938676  
1106.608344  
137.6070555  
2773.526563  
1100.698019  
711.05565  
922.9249728  
6446.63088  
3756.725097  
269.1194766  
236.0935131  
8744.858122  
4237.050521  
16.29838859  
252.199668  
3952.342265  
1423.918183  
2535.322673  
48.70678188  
1642.598943  
3215.90077  
3500.449966  
859.1133958  
1513.094546  
168.5854009  
537.7623876  
616.9721853  
514.5582638  
326.1244452  
10021.35106  
4202.280835  
280.2234323  
3071.068328  
535.6280388  
121.9568288  
1736.451999  
2972.241639  
2008.801967  
3552.65076  
1936.601453  
244.1462737  
3153.900501  
3074.269353  
3383.545776  
79.04504028  
2247.477967  
532.4328091  
3821.269746  
25.08786587  
636.8414998  
965.9466711  
270.0240298  
28.22032191  
73.10301702  
399.1792221  
2492.287071  
2057.497561  
33.51025806  
1495.991702  
4354.095339  
3312.67679  
1245.431338  
798.9861799  
5213.211224  
2265.831618  
199.8482165  
372.0213773  
6227.943946  
2250.802664  
2492.794172  
4027.14165  
973.3291987  
3807.337764  
2109.744036  
1700.391934  
66.80752293  
1740.24421  
1437.612375  
1266.609048  
363.9936698  
1121.007117  
1718.758105  
176.4130102  
2230.798956  
326.5841393  
3734.847733  
612.4783539  
950.224004  
1528.979118  
528.618869  
148.9382227  
355.9850216  
1393.960325  
753.4004045  
65.47316085  
818.3837586  
1950.586015  
180.637082  
714.2285089  
1679.259938  
17.57472399  
370.1022106  
1657.482581  
423.8948077  
163.3540562  
239.9957292  
1039.733809  
381.0710963  
165.4318218  
981.0965225  
749.2917338  
2914.445414  
1807.961601  
102.7190193  
330.3354981  
1076.19739  
1872.823872  
617.8949979  
702.4210593  
2862.103172  
180.2279283  
563.33014  
1321.835386  
448.5704301  
1713.314536  
134.6567635  
353.3020467  
126.9504714  
2691.230089  
403.9872217  
140.8091159  
187.9645959  
1603.313518  
1834.46288  
378.272762  
282.8404858  
1265.061486  
400.0259783  
420.5719385  
278.1401191  
172.2349601  
299.1622816  
549.030763  
501.9254385  
294.0031149  
772.0668081  
737.2161334  
1380.620352  
2672.891879  
1113.516608  
87.88319538  
1448.802439  
267.2866633  
409.7004411  
926.3005573  
928.3783878  
1348.072432  
32.3443632  
562.930626  
1498.292746  
479.0587792  
280.8597017  
992.4930651  
1527.28339  
195.9004644  
306.1714444  
471.8176677  
1291.079516  
2.624744539  
507.1596437  
523.9219349  
5.638124557  
1310.532006  
344.7434755  
79.65443916  
311.6356825  
635.0202241  
315.6763137  
363.0645711  
121.5997837  
1381.68865  
289.285564  
684.1815481  
101.3942438  
749.1501791  
513.5829392  
1073.744281  
638.4610832  
483.8386825  
1433.523337  
41.86419431  
145.4612514  
24.43944857  
95.07057146  
1161.918847  
21.63245185  
195.3364388  
459.0332865  
88.00803825  
562.0598142  
614.3309922  
69.33102896  
113.2915271  
472.7682939  
496.8677508  
77.33879273  
259.3566652  
405.6075281  
6.244506584  
279.979629  
210.1454188  
196.7862383  
360.8890902  
72.46187288  
166.4215485  
645.4230267  
171.2671264  
16.15336221  
302.9173305  
96.60797845  
103.9178305  
95.02429925  
247.2164758  
55.66481601  
360.5788759  
68.21451447  
113.1534171  
15.89596396  
515.8122203  
