13.27720629  
39.44980166  
929.9379487  
3296.386132  
255.8879695  
1758.960127  
7353.551722  
4262.595947  
6087.58181  
9988.405801  
12176.36515  
27066.085  
1429.260217  
9081.800075  
9628.949003  
9946.293676  
14744.33457  
4049.777863  
10359.74508  
8654.128395  
8210.283351  
2980.522237  
10008.06795  
3541.927357  
5808.777874  
3100.671103  
8366.989548  
3517.695462  
640.7900941  
6510.358564  
9657.98144  
5496.664229  
5211.490234  
46.25002303  
4248.331372  
647.1389165  
2476.389525  
1800.810596  
1285.381241  
1713.315945  
425.5697073  
1323.559558  
7400.938469  
3026.382301  
1644.767403  
5201.383573  
524.4110334  
1606.174135  
98.90451342  
1831.894374  
2550.935941  
415.8373952  
2027.546909  
3164.434162  
2197.956707  
4412.549096  
133.6930342  
1360.944038  
2076.389241  
1601.076709  
515.4657632  
510.2184809  
1268.207827  
174.3671007  
3636.905342  
3443.142137  
1774.331281  
60.28233714  
1105.818425  
507.8867552  
951.0712022  
53.48624712  
2189.23088  
1038.45077  
81.76708699  
1376.08033  
3235.234658  
1599.942905  
66.48889125  
1551.889162  
218.4194992  
237.1417065  
112.9610989  
1151.444047  
294.9911032  
173.5421598  
1918.503492  
3213.685219  
160.366664  
2209.236086  
611.1334682  
2581.170618  
179.5590592  
2016.795324  
235.3225344  
746.8813331  
870.5167027  
311.2424534  
839.0007239  
74.2794073  
654.7864842  
286.4562633  
336.1838347  
53.81749433  
5728.866841  
246.3616771  
720.7883285  
3490.975324  
1319.911157  
1201.878429  
670.6734185  
544.2195045  
1086.042167  
3471.636393  
42.95376449  
111.5896491  
5721.581384  
2548.231227  
3461.417611  
784.4847947  
1499.905045  
357.1139066  
65.19177336  
702.3992194  
267.9799885  
301.7869595  
203.5280533  
309.3532752  
1265.863735  
1013.986895  
549.4043209  
1199.303644  
1310.299592  
365.0263976  
754.1031258  
238.0473307  
6089.44129  
603.6417505  
1648.793902  
254.6820489  
350.120157  
171.8944162  
2676.60517  
746.3045168  
1508.327457  
1221.235403  
8429.605864  
35.40539405  
1470.418387  
21.53956052  
291.3428852  
555.3779227  
3.749184105  
524.1165791  
302.9900455  
332.7907585  
586.003472  
846.147025  
111.1706651  
528.7041794  
3317.381873  
1427.151198  
591.6160941  
868.1908194  
706.745543  
841.4633853  
107.4265796  
358.7136812  
142.3177675  
94.1445149  
481.1396625  
890.5834913  
720.9917087  
500.2266649  
76.64037412  
1695.558038  
142.5784528  
88.84639935  
1893.189924  
793.4000966  
203.8884064  
3447.148549  
775.763037  
2683.544511  
438.5016171  
417.7972416  
711.216847  
227.907875  
83.04737267  
102.9715336  
95.14034197  
87.81963224  
229.0240934  
122.3007462  
93.21383615  
36.16197367  
343.7090794  
360.0261824  
885.8767228  
357.6354104  
732.9515726  
303.7094753  
256.5653506  
152.1560616  
837.0317802  
111.3758249  
972.0219015  
678.6039997  
66.2406004  
133.5237477  
33.29428012  
95.74207981  
107.8469205  
217.6649474  
681.0849908  
155.8634292  
654.0090534  
225.5510108  
332.1981825  
414.1414258  
219.3844119  
524.6954737  
39.27384382  
82.55046809  
65.02928276  
215.2304227  
525.5712592  
157.8386117  
258.8727073  
239.0827593  
741.7922162  
118.0766353  
1345.814296  
11.53211677  
157.3837091  
53.27865281  
37.42599422  
174.6818609  
123.7362469  
446.1315826  
168.2154087  
176.4790047  
365.5153862  
44.82055956  
85.71072484  
376.5175565  
191.5155846  
100.8485634  
320.9004282  
16.37598054  
141.3498766  
764.6788817  
432.0773733  
97.00647935  
57.4629583  
383.0737807  
293.0008372  
104.0542203  
482.0991107  
476.5102069  
967.0090031  
165.2312188  
265.341887  
173.9161266  
16.48030267  
272.3012446  
286.3433403  
21.57891391  
1340.079293  
559.0461799  
451.0837953  
99.98568531  
510.299375  
61.57342277  
650.4395528  
98.58777156  
151.5636296  
16.635827  
34.31592701  
207.100016  
444.2121362  
285.3984059  
374.443814  
483.9582968  
424.7738747  
34.24279542  
37.49178367  
463.2694065  
197.6293443  
397.6675736  
182.2132096  
144.6023057  
265.5721359  
163.4552323  
116.1066384  
