106.4754908  
282.8552374  
139.691121  
1388.241614  
533.4462534  
8487.421794  
588.6900957  
138.3265442  
4042.986521  
1044.086914  
5297.90216  
6029.059495  
276.3094131  
1440.174297  
1590.604031  
50.26419189  
3916.55963  
810.2785009  
23.04974599  
16.10661347  
332.5041073  
2094.519804  
181.8336773  
1635.359274  
81.90575408  
4059.708147  
2959.829908  
119.6442883  
361.7618817  
2236.602173  
243.0296642  
153.365308  
421.2041312  
439.5070465  
1678.002273  
890.7301464  
112.4603676  
1171.207852  
239.0502798  
1623.110297  
1037.906107  
200.1916825  
1211.190968  
89.37464782  
668.8996014  
118.8676208  
121.1649563  
835.3108934  
1064.861418  
375.1032583  
692.9427439  
647.439199  
223.1362684  
1242.602093  
653.6452841  
259.8221681  
363.9267161  
94.35498696  
304.9946491  
1234.006246  
1092.399883  
1877.187443  
1869.409771  
757.5542849  
334.1591247  
264.691095  
63.29396079  
217.5550654  
287.4661378  
544.186621  
275.3800301  
152.6674758  
898.4617625  
18.88581888  
253.6664562  
308.5207508  
202.6088036  
88.06612587  
470.3044046  
5.423996559  
563.9573905  
210.9959857  
289.0735213  
1034.858504  
584.3139731  
43.06314587  
212.0645267  
580.189199  
717.1324418  
299.4554132  
397.3449668  
559.4212318  
296.5875312  
141.3205135  
5.624543941  
1623.055819  
1198.232953  
879.4669  
659.2297323  
556.2906608  
453.7109409  
443.9436577  
1307.429478  
122.0419301  
193.4127986  
198.2655662  
437.2488327  
1486.023735  
586.4412412  
1115.988418  
673.8069327  
1611.322588  
2949.277318  
293.4402253  
1587.751763  
584.4167766  
5488.535466  
261.4137421  
420.4822763  
968.0384763  
251.154638  
641.979301  
768.9357742  
591.0934582  
335.7552596  
87.27079061  
39.58951896  
182.7231676  
202.372631  
445.5167651  
401.6805649  
857.1888402  
1215.6237  
1041.618332  
114.9577491  
1074.507809  
3208.103871  
301.6228169  
446.7433114  
941.0342324  
141.8227369  
129.8400974  
54.08255347  
732.6543883  
379.1616968  
492.2425324  
1028.101497  
1791.347153  
1406.177421  
1317.036193  
294.0720287  
767.222233  
149.7232879  
395.4716908  
365.0993934  
796.0085944  
758.7161664  
242.7868019  
138.2342136  
155.3782437  
268.6039941  
383.5263587  
1329.846654  
865.4275136  
1273.649399  
644.2720431  
340.052011  
342.6469567  
153.210041  
29.62164167  
156.7116478  
449.9632648  
544.8945901  
77.25751795  
815.4587487  
379.1952896  
384.2907709  
302.7472928  
5.357117806  
271.5197591  
281.1942763  
970.0874603  
393.3442892  
307.3783467  
5.147267927  
238.8211663  
290.3008615  
252.9756475  
56.64048578  
547.5385484  
127.7127311  
607.4554561  
74.27107775  
748.1402723  
31.40652175  
360.636039  
439.8943021  
171.5841336  
915.183908  
957.8752749  
960.6041555  
188.7868116  
313.1795585  
194.5749457  
0.9465283717  
702.5195162  
120.0783468  
162.1023852  
659.5588309  
286.04079  
116.8419545  
24.98406789  
257.9013634  
1454.440936  
877.1486778  
859.8376722  
1723.621543  
637.0157195  
479.6739765  
13.2226132  
69.4622527  
18.12602494  
98.42136396  
38.0571073  
716.671006  
1713.971924  
1.12090428  
540.5050762  
113.8942805  
92.62306836  
345.0334627  
71.21163646  
885.5786758  
236.4364859  
192.9508698  
35.0434826  
32.56217352  
144.4372723  
89.22603423  
708.8181419  
202.6022578  
128.5013198  
117.4850305  
505.0299694  
81.16533027  
584.575  
72.76609555  
30.44240523  
291.2379062  
148.5719288  
36.01839333  
228.8314449  
173.6672886  
167.9756613  
205.0334905  
241.6850937  
770.0327217  
589.2238144  
236.4227847  
472.6635106  
39.35601077  
103.8536348  
243.0795429  
116.2897574  
785.5470992  
108.7637928  
403.9566087  
393.6416014  
147.5574286  
478.9024817  
75.2178901  
413.0064183  
127.0923612  
6.613861531  
1136.502329  
110.1853892  
8.925102658  
1171.254905  
158.3959243  
650.4586514  
208.6184573  
115.6553174  
1531.373352  
364.9999411  
255.9297827  
661.4929368  
104.1518468  
777.5024003  
431.6406798  
63.14833583  
378.533531  
11.72054919  
1037.8831  
106.9814237  
479.342956  
