39.69908601  
2428.277019  
954.0857452  
5420.832004  
1113.178692  
7095.021891  
13179.47616  
818.2012152  
1464.679281  
419.8410413  
7965.259487  
3921.979601  
483.7747572  
7124.548463  
2383.684453  
5617.34502  
1631.800784  
1405.737946  
5767.231141  
5929.308311  
3773.006093  
599.8791067  
757.881318  
7421.667494  
2994.274697  
4504.353619  
8062.799946  
6873.262231  
253.9418584  
2251.037698  
1487.167616  
10451.85989  
4794.087961  
243.278591  
566.9509157  
2794.28711  
933.3987365  
2315.773266  
1779.18683  
1044.033575  
1216.851935  
2100.889465  
4719.081934  
2478.280684  
1631.085949  
963.1598503  
896.0353571  
1909.07047  
3255.30399  
2146.732219  
2404.154889  
2007.727058  
421.1423952  
3063.198324  
527.7428546  
4061.425709  
1735.177546  
1506.026103  
643.100498  
1684.378646  
1073.706423  
746.3417763  
1334.788058  
1876.839399  
218.626756  
1494.555012  
6529.672637  
8246.751786  
338.5117214  
22.04108465  
3701.114208  
462.256208  
164.1752845  
1460.706096  
8159.747595  
6928.386139  
789.2519594  
7737.363517  
2136.045125  
4352.869542  
524.0476824  
3216.33008  
924.7727138  
13.47689341  
747.1635936  
5329.889527  
276.2968746  
2249.622668  
1473.274176  
112.3137954  
1812.68399  
349.7378109  
973.8540079  
782.1288152  
1475.166353  
4061.776778  
4921.745243  
456.067142  
1099.944183  
266.5738492  
101.0842633  
129.4625167  
544.8424843  
2574.809436  
2082.620551  
1432.364931  
192.5640173  
885.8182618  
5818.814685  
2557.498665  
1577.436033  
1228.037592  
5008.881325  
666.9403682  
144.0778764  
197.0070863  
1485.80348  
3070.305115  
2978.541926  
3225.61486  
2329.001958  
1580.233364  
794.9749975  
241.3154029  
1926.380567  
1326.443636  
1303.22741  
280.9250164  
824.1330346  
1133.319619  
48.52828633  
852.2509276  
756.3886985  
2113.260569  
2250.951001  
3003.065519  
3482.303434  
616.5350827  
2758.031532  
2297.676816  
1213.953553  
3055.178401  
11654.45468  
1899.272928  
161.5957609  
3373.247883  
2821.483204  
2380.904595  
4664.882237  
7089.233205  
2842.44137  
643.0840336  
5123.656535  
964.4313552  
4695.883177  
888.3080502  
2501.811046  
370.8285869  
1021.6944  
1423.050271  
4001.626946  
3596.663824  
549.6016881  
8420.130192  
3679.778369  
5929.980605  
717.1111998  
1291.59021  
9130.15881  
1129.226126  
1579.131033  
254.7887013  
141.2425074  
3058.693552  
2983.806314  
681.5378049  
3383.120482  
6129.406906  
6073.804339  
602.5475414  
4649.169578  
891.0845736  
4358.741793  
5767.469259  
2617.879445  
6221.318962  
682.3164725  
2726.052971  
4192.820615  
258.9270237  
2901.107997  
186.3892937  
2264.11705  
212.1805544  
6090.188693  
262.3788611  
24.07006299  
2923.79153  
1499.831271  
738.5985924  
437.6528489  
347.1095157  
628.0539621  
420.7631885  
289.9040365  
398.9056544  
1103.6256  
254.7181304  
1540.947459  
1435.832386  
23.71865553  
2012.350219  
1158.598676  
862.9233875  
117.9695754  
201.5659388  
2.092060103  
352.8533278  
50.1233404  
534.4450399  
141.7188665  
588.5110187  
1294.933573  
20.51923936  
3510.799717  
4359.673115  
3233.558358  
285.0035237  
2849.018681  
2384.550802  
3179.008825  
68.86750228  
500.3021696  
1010.894362  
145.6096294  
1185.770308  
787.8232872  
498.9484247  
76.87005697  
1447.584587  
606.1257839  
419.6065426  
189.400481  
259.8248774  
105.507194  
785.2340105  
238.9695177  
184.5420739  
95.62725923  
928.5062198  
1281.718535  
419.5817964  
1292.771065  
1430.616185  
1315.060475  
888.5747154  
29.88377987  
256.5922557  
1646.14018  
390.5323868  
2316.911548  
839.6826292  
118.3521249  
542.186968  
599.2957167  
185.3174931  
62.68281677  
37.07938073  
191.4210839  
212.0210713  
452.2381374  
92.49909529  
290.6251492  
43.63938215  
35.00552738  
187.1124994  
269.8822581  
356.7514736  
734.9787527  
431.5540979  
1281.793968  
1111.917924  
1133.627539  
452.0022571  
1150.114944  
21.38860453  
1725.186392  
27.01189849  
192.2877361  
215.0299978  
12.26997121  
325.3138359  
454.341242  
75.02136874  
46.85387057  
