74.23987856  
637.4713303  
1753.116974  
3303.563487  
1647.759776  
35450.49786  
4760.804533  
37224.44219  
3529.485756  
404.4938119  
223.8748252  
6439.937812  
4054.15823  
8312.796215  
2337.235267  
1202.714076  
10797.68106  
1761.488588  
1142.449833  
2475.926751  
469.6319106  
587.2462589  
2281.435322  
194.8040775  
829.2192436  
5175.611375  
1125.058188  
2256.691599  
460.4319876  
51.11312178  
2033.160209  
7471.744314  
1027.664917  
1692.747029  
542.2528513  
415.3528013  
290.4698481  
1925.391623  
442.5467575  
514.0490033  
1499.9775  
262.345621  
1729.006767  
448.7359499  
879.602291  
2535.920363  
508.7023994  
157.6309271  
209.2660477  
1326.368691  
1435.789219  
220.7795738  
317.3541454  
563.508497  
464.2214278  
2551.919105  
105.116929  
163.1170149  
50.30775509  
658.8946246  
102.4825622  
125.4335085  
785.8601417  
2214.326151  
1770.887639  
171.2688907  
154.042934  
364.4160079  
212.4218847  
1368.547061  
2464.971032  
12.53882251  
1789.027626  
1379.918631  
169.1986243  
1199.575443  
3675.363126  
97.14844486  
685.4711594  
2581.453254  
632.8364914  
2559.498096  
39.16724253  
2457.32285  
320.6031945  
2.021615081  
1363.130044  
16.28850267  
188.4044548  
1522.807444  
106.7174539  
67.5869339  
205.8944872  
240.6680234  
1122.778745  
268.5134422  
874.7188565  
363.2795357  
699.7074654  
1564.070097  
420.3559653  
263.1804945  
652.294809  
122.484405  
1101.221529  
942.1550355  
216.8264567  
343.8243199  
104.4062741  
84.32004066  
206.1240358  
739.8890962  
21.81175375  
690.3409401  
857.0041946  
229.7278785  
341.2050579  
947.5474794  
83.14630375  
1663.59937  
262.8889998  
22.1365869  
37.20834621  
542.4671861  
282.4757373  
125.4425487  
2054.550798  
1142.224721  
768.8106796  
232.4896004  
1087.578104  
1830.156176  
144.7961025  
1761.157843  
179.3198659  
1233.50825  
3257.992435  
571.2922674  
123.783414  
636.7122778  
209.3986219  
168.6415882  
495.9170138  
1427.095055  
9.505007413  
145.2152903  
1072.371634  
1112.742434  
2608.099365  
1732.335685  
431.2813476  
221.6451146  
238.9152667  
1206.650922  
616.6188241  
213.4311759  
323.7037689  
803.825803  
213.3725335  
45.24246259  
164.8831078  
298.4086383  
2660.176077  
990.0327459  
335.550835  
279.8880423  
124.9768216  
1587.699563  
296.2163624  
933.874421  
184.3621118  
263.9455014  
554.9672221  
424.1145908  
507.4773797  
14.42327044  
1114.985707  
23.76594032  
431.9745816  
287.1744726  
797.9810707  
622.8652907  
301.1937215  
358.9485842  
1027.547055  
191.348294  
1092.719084  
99.58578961  
127.8489768  
344.0143081  
223.0298316  
264.7593014  
299.9551911  
23.0041389  
102.0186396  
478.3282997  
541.6215367  
738.1339372  
247.3542759  
1522.125882  
369.6187762  
275.9287104  
116.1555417  
519.7051427  
147.2468966  
104.1518097  
12.51139147  
905.7188738  
437.7370258  
402.3490315  
3.115589446  
6.360045929  
148.1186758  
99.24489209  
475.3936222  
418.758363  
9.260819854  
658.6979277  
149.7105841  
695.0892707  
636.6079343  
130.6983451  
67.94687109  
424.803962  
359.9691195  
339.7192062  
176.0039231  
239.3424427  
99.2439114  
200.2151343  
302.536528  
218.9757189  
178.5724572  
93.53566348  
338.1653234  
520.3527791  
271.3745171  
24.57519084  
320.770283  
363.1876201  
145.3192444  
27.29910367  
61.32351123  
267.2710128  
116.5682085  
104.2371466  
148.5998861  
14.39146945  
153.065233  
109.8512583  
129.5892507  
29.03612653  
53.83171834  
335.9431144  
112.8069936  
582.8822819  
149.3080301  
50.45543122  
334.6427496  
259.3057749  
37.31998304  
278.5365986  
98.87276582  
9.030135472  
130.5964627  
145.0087493  
105.9061048  
315.4201523  
1320.375032  
8.157700412  
244.8935092  
57.06811049  
44.47969974  
700.3071831  
122.1025696  
51.90846865  
133.5488078  
183.8872328  
5.714276772  
114.4597038  
72.02921608  
610.4197075  
1052.140609  
325.4198955  
142.9833661  
331.7143041  
408.791504  
156.1200088  
204.7919805  
22.6508482  
304.3197231  
206.0328869  
362.3777105  
4.903580941  
247.9340898  
