1983.674241  
1016.288588  
749.4112502  
979.833328  
9634.668805  
274.7113348  
6022.271793  
9124.865138  
6526.991558  
2335.403386  
4044.219301  
22086.02427  
4818.054458  
3459.033683  
8335.552443  
3141.81634  
9442.515196  
10154.36107  
9012.666821  
2637.984474  
10405.13486  
9317.160545  
5373.602984  
9650.297983  
14139.70351  
8194.221139  
337.4195685  
8131.011591  
575.1548869  
22163.84013  
2374.12366  
3136.285795  
1465.600095  
551.9560694  
1350.161482  
318.0091408  
1960.723712  
3350.304055  
137.3841831  
1367.750782  
5.255509016  
1535.970985  
7914.143709  
2963.782622  
229.8742447  
97.25377865  
1198.639466  
6045.185221  
2808.249922  
913.1090899  
3349.466706  
3006.057139  
2279.723707  
2773.795119  
3220.51626  
2453.455963  
846.6314377  
2586.400755  
1961.688161  
1116.255702  
54.05852557  
91.31399373  
2593.181287  
3180.94078  
1848.420524  
56.83694937  
1692.174933  
3614.277925  
2596.400698  
118.3774809  
296.1806503  
280.4187372  
226.0743498  
23.5627788  
1199.570473  
2359.857089  
1318.8174  
1124.890799  
502.4021412  
1263.126631  
179.4440172  
820.7680309  
985.1350658  
80.70075301  
88.75779005  
2068.133591  
2096.87344  
2347.651951  
459.3218439  
1310.004357  
40.51306026  
423.3690839  
918.0670512  
322.5283637  
534.8326413  
180.2907763  
1260.118199  
45.00579809  
357.7898205  
54.45714275  
33.56294449  
1949.132538  
1096.140258  
2704.7355  
95.36802933  
1477.241207  
699.3495945  
1213.604312  
497.7879419  
665.2163859  
728.5944688  
61.48714727  
2224.743341  
155.4183972  
356.0166486  
119.9228088  
207.3662779  
912.6527468  
1228.739115  
118.0004794  
531.8159209  
143.0750287  
567.4149271  
13.79816604  
596.0870667  
598.5743944  
140.9320955  
61.08875668  
812.0692865  
118.9664288  
1165.759471  
114.4714014  
151.4364476  
1505.554229  
1226.376789  
62.43292711  
887.2654225  
1085.491885  
502.1098518  
696.8649223  
602.1526155  
333.3957746  
1037.244179  
444.6687624  
57.98188583  
244.9715011  
11.97725038  
392.2604659  
141.6718556  
8.509110619  
714.9411471  
530.0719512  
100.1670846  
1496.539626  
365.3353881  
531.9665873  
84.88634948  
85.41400037  
374.0185374  
348.5437097  
908.3459046  
938.3307758  
393.8818118  
198.1371213  
481.5130203  
331.614247  
643.4495594  
87.65478408  
209.60472  
59.55526534  
1361.816049  
84.75445584  
1038.19782  
790.7337664  
104.7311985  
779.3498606  
64.62930247  
525.6733685  
825.6062575  
108.5736753  
135.2059965  
211.2755379  
296.9032251  
87.02986077  
837.8658585  
527.6865112  
595.4126357  
248.7114084  
1053.846612  
29.62446268  
1039.009837  
14.99421621  
406.5659771  
120.1742865  
429.2462537  
244.4024399  
73.81407322  
204.1398782  
112.7671833  
238.0864253  
50.29549667  
355.3272114  
242.7873227  
281.1236779  
694.3431048  
327.4052284  
124.7841843  
268.4214513  
218.2517929  
159.8284003  
174.9801768  
374.7774673  
113.704501  
102.7075764  
194.8316289  
192.7429995  
300.1593768  
12.84333928  
301.475749  
475.042583  
40.00455022  
72.76242101  
23.42611967  
87.71320008  
308.4711776  
348.3327327  
740.287969  
41.05770005  
35.55357051  
361.8374986  
113.7435696  
77.39881497  
325.9792354  
661.7475672  
98.86153369  
175.3882425  
82.2458667  
92.30815042  
510.9593419  
156.4621301  
77.43339087  
350.8335135  
134.7096429  
188.7085773  
167.3926519  
388.0369084  
25.98338722  
44.3166705  
278.375086  
169.9402523  
402.0703739  
341.5288337  
539.3695904  
155.0946425  
531.8866666  
508.2062704  
48.7281484  
183.9839675  
379.2707037  
191.1185644  
1354.217677  
318.4600013  
21.12175158  
209.395395  
94.33697837  
119.4684187  
22.89501621  
77.92528483  
167.2751008  
172.7347724  
17.32808599  
174.3816867  
195.0916532  
24.6964984  
172.5063152  
190.4220302  
170.3830187  
257.641395  
395.2971216  
181.4501209  
501.0280345  
98.53854192  
87.41925834  
12.55666941  
288.7309022  
2.046090503  
272.2848784  
399.3786616  
187.4976225  
135.8380408  
432.0474644  
199.0284165  
46.37960065  
243.05888  
30.34832042  
