67.28974707  
37.43822515  
2156.337668  
1597.524973  
3015.22402  
9268.019042  
4338.42492  
19920.1583  
16777.18388  
3787.985845  
1521.514092  
10847.3115  
4279.723311  
15936.92758  
12498.92594  
7304.908281  
19501.8401  
28386.10458  
5778.54284  
1632.499693  
1203.710625  
10278.96669  
1383.590847  
4393.38029  
8158.906819  
2285.567454  
4339.582412  
3970.163099  
862.4032336  
7328.363608  
313.1281327  
2466.01664  
3694.920173  
881.9903942  
4293.07422  
693.5301401  
10379.50396  
6065.993433  
3173.605414  
353.5554135  
652.8355397  
940.309994  
2443.344087  
227.6950348  
20.06606021  
1734.577862  
1051.848133  
412.4983254  
2961.988229  
5472.409088  
2753.563681  
8393.927482  
749.3076233  
417.496248  
2234.708427  
2464.473014  
84.4920354  
4653.415428  
847.0380194  
1837.932264  
1619.035383  
3780.579794  
1826.234424  
368.3770699  
295.5208894  
2029.058055  
248.1915641  
3833.999943  
80.80504974  
53.8968618  
1237.458148  
545.5390578  
481.252066  
1175.735815  
560.1612625  
166.9505933  
1554.943311  
269.3616836  
6382.091305  
1119.195849  
773.3719405  
1306.121184  
1592.813629  
210.1304394  
2415.761932  
846.3638812  
249.3944742  
2232.846033  
4065.032671  
2427.123255  
1563.984703  
387.374738  
3896.783842  
3300.525022  
1700.481357  
740.4666621  
1243.921186  
777.488538  
3323.40228  
297.0709724  
2370.436063  
221.8896322  
1756.545071  
1121.989856  
289.9101438  
2911.171824  
2402.829473  
2769.192739  
878.2569878  
788.3358139  
588.6037378  
3421.504574  
943.4939812  
1207.12  
1400.116485  
148.4518871  
190.7540195  
401.4132463  
883.7438271  
36.30367565  
751.4546496  
472.6422217  
329.1797396  
1021.709108  
353.357485  
2763.362009  
284.3642863  
280.8754337  
634.4672981  
2631.178855  
5649.767282  
1223.549894  
423.1613172  
337.4916032  
2499.173387  
3666.70102  
1197.124751  
2106.062449  
1809.012191  
2503.864518  
541.1712137  
69.26589314  
471.8046656  
158.6164403  
6063.847787  
1867.172372  
1073.425672  
352.3060357  
2262.722512  
1547.268969  
66.42703759  
22.43203262  
181.8234993  
1289.973837  
2145.176884  
1206.983898  
763.3581957  
2288.657589  
2265.032691  
1088.735957  
118.9183347  
480.2710807  
856.6366256  
3685.960961  
86.46312749  
24.62715824  
1110.326298  
438.183648  
1318.570567  
72.64772858  
366.2910632  
204.8384972  
422.6749182  
333.0105891  
278.6258294  
862.5522096  
58.91334852  
1255.324852  
860.2595344  
567.3251424  
1687.722714  
1732.563589  
516.3633718  
340.7022518  
10.44725999  
1636.894413  
814.5216872  
3194.584979  
573.1401343  
481.4002448  
95.50918979  
402.9087527  
2.732215754  
242.7736266  
973.3421958  
1852.678487  
489.7564882  
485.4310115  
781.9676118  
1339.741663  
307.6967943  
513.7435049  
60.68766449  
898.2565606  
239.1176677  
1794.970015  
1281.932486  
2007.646386  
820.9679567  
2.883413568  
1291.453164  
292.8870595  
1299.142897  
1010.118173  
1787.099365  
76.20580562  
370.3835039  
689.6486258  
213.0848518  
63.72760371  
354.4454803  
643.0676158  
767.0528515  
793.6184212  
867.4532587  
779.1162739  
50.64649695  
320.3877177  
114.6618343  
403.6886625  
620.9621096  
183.7525036  
214.8462948  
861.3650814  
161.1320822  
182.1373079  
229.2144279  
21.30526624  
393.2263422  
881.3966416  
349.9836875  
837.8522791  
319.4233767  
63.59212695  
340.1603015  
407.7790056  
808.3903356  
199.6740285  
717.8565506  
230.1016184  
59.13436339  
15.8108677  
93.82563152  
70.44891815  
67.5943741  
134.8575953  
301.5330191  
476.2672995  
34.99568721  
231.2088666  
452.7479761  
71.69443792  
152.8889045  
1268.078655  
1328.461123  
368.013063  
761.3942221  
588.3212477  
224.7472299  
933.9046276  
706.8942947  
156.0375395  
114.3857064  
41.42330426  
912.6273539  
217.6138518  
3.157415589  
176.9159304  
140.6480731  
262.6500595  
341.3449929  
348.9694957  
424.4832754  
858.1988396  
336.9283425  
132.8163192  
417.1845312  
776.2188858  
500.7843145  
271.6983104  
705.9616199  
36.78041206  
325.7491069  
39.69587367  
93.40505216  
