1244.859843  
8722.139153  
7633.704588  
8061.093358  
76297.6696  
36710.13401  
7595.310098  
18458.40537  
18745.67022  
1124.150927  
9784.133637  
10673.70495  
11393.69215  
4237.757668  
28345.94527  
3908.056934  
16873.91116  
4201.073615  
7661.716494  
835.9854501  
2721.208785  
14266.41562  
19495.44218  
4834.422198  
11864.19979  
12724.00743  
8911.127074  
4148.80973  
205.527896  
3733.368289  
4377.165902  
709.1019733  
5072.294103  
865.2750504  
674.152064  
2987.658571  
10432.5166  
443.2019903  
4381.503957  
2664.836005  
3114.267344  
4564.580505  
4005.532041  
450.2596141  
3808.468802  
1260.16138  
512.4962186  
86.45628969  
269.8747187  
2011.216735  
9279.260824  
222.6873215  
1947.62968  
2733.71842  
1572.018349  
2692.341398  
4436.398045  
590.194906  
2468.325462  
1270.530289  
568.1542516  
461.4940132  
8722.57718  
2741.922404  
896.4450509  
3270.215259  
1584.637013  
564.6004364  
3134.682701  
1650.929758  
3002.329969  
300.8629604  
5342.845886  
1291.327402  
1459.852618  
12.87902855  
4519.133628  
6981.634053  
1740.779592  
1578.22942  
1829.340682  
480.8213713  
657.8355312  
1491.828546  
498.8360184  
2040.573756  
452.882112  
271.0966945  
899.2526086  
448.3174369  
1157.209305  
1092.583952  
3521.176414  
1441.133711  
975.9248722  
6651.425598  
445.8156775  
12.88176901  
2070.620524  
2438.844585  
1515.605993  
837.4343864  
503.4211158  
153.7910572  
2100.257084  
538.1660075  
914.8944068  
5151.60275  
2051.991157  
13.53198502  
446.8367562  
1815.240331  
3583.861661  
253.0039931  
8.624466293  
144.4221424  
2795.821842  
238.8661405  
427.0119239  
190.9780568  
283.3137775  
2318.975797  
676.793897  
780.6305532  
504.3076373  
719.5448992  
440.070772  
133.2324121  
3024.252592  
1391.812835  
1322.596578  
947.074398  
3927.658924  
2963.782346  
953.5583259  
2156.551697  
2300.103146  
1406.42072  
1771.571839  
1185.341742  
463.4016423  
696.7686014  
883.08677  
2177.843001  
649.528386  
993.727943  
4134.746841  
555.2419087  
313.410353  
806.4742686  
130.600069  
1827.369636  
471.2380203  
539.2996593  
2.660254063  
119.0072191  
156.2792462  
3267.154733  
562.4551077  
657.5001562  
1400.118381  
594.3314212  
1338.875561  
482.2690776  
1093.709415  
56.83781381  
804.3599692  
560.6442895  
391.2912759  
59.0291294  
1547.31758  
3882.883796  
952.6673047  
806.0696367  
669.5385521  
318.0380518  
941.4299997  
830.9159122  
1313.813202  
2567.050654  
619.202953  
1793.597968  
822.0298884  
1970.259374  
221.2010406  
307.5564236  
300.0753676  
963.6905404  
846.5547089  
1872.52614  
1574.300213  
1078.536592  
425.8125101  
219.8042983  
1365.221125  
711.5584048  
123.7186404  
156.5758119  
163.065036  
642.3063093  
89.92648595  
295.7768905  
544.5201025  
1011.924224  
346.8107519  
999.1394942  
142.4332847  
831.107677  
624.6116979  
517.0671332  
269.9221149  
1540.592204  
124.3857742  
696.7546332  
287.2897266  
1316.317024  
1110.299141  
443.737545  
475.597904  
124.5104037  
123.5639167  
357.634739  
135.2745937  
131.1023256  
593.3077799  
111.3145806  
1061.390555  
1840.525135  
497.3766303  
208.878493  
577.3644997  
719.5495879  
983.9306756  
274.1554989  
134.4780471  
1068.261958  
88.15808294  
69.92069506  
8.237939073  
577.06333  
122.4132929  
227.4934538  
153.0247701  
27.14936214  
148.1887222  
65.64224168  
66.55963881  
411.7342528  
1315.490898  
635.104451  
215.8418872  
1278.832797  
1694.082015  
288.7115527  
575.8210288  
148.0214407  
166.1402402  
564.6204177  
97.47894889  
1376.482807  
2146.927365  
296.3152342  
137.7372677  
318.8374558  
7.788199532  
710.3060595  
204.8472303  
106.6997274  
426.4023312  
205.7433106  
130.3684025  
615.8878559  
708.6523565  
240.1828035  
122.1718249  
220.6139272  
257.4697891  
301.3473565  
585.2767054  
61.46794291  
1020.285129  
417.7827458  
968.0370659  
198.4420948  
1237.362854  
200.0550463  
813.2221345  
441.2860146  
289.2459884  
210.4657288  
36.48371451  
483.9131156  
320.1618346  
455.1593899  
213.154964  
