90.54393673  
368.0789253  
140.7816295  
391.379619  
5073.864359  
18890.5707  
28226.01359  
1998.971362  
25704.85183  
4757.661056  
21852.8227  
9105.108623  
7279.9101  
2783.704996  
8733.278833  
2291.468592  
8025.381548  
12479.79567  
4112.939657  
16976.34425  
225.3024028  
9642.089811  
7102.930216  
11932.71602  
8867.890518  
5299.671334  
3980.280556  
21494.5748  
1260.910047  
1828.214624  
4323.955253  
6763.534934  
6044.301692  
3500.945016  
2299.854009  
3067.847189  
10740.44744  
921.5158059  
5758.982864  
303.5236559  
1350.833151  
633.9692971  
8015.533363  
6065.906789  
133.2514144  
6862.012904  
3132.848723  
2403.839215  
2914.796503  
5684.523734  
3401.610377  
6588.863733  
4002.312992  
1534.844523  
3940.485301  
3033.982449  
3444.736922  
2736.965847  
799.6783831  
10564.98846  
10528.74011  
1827.85628  
1009.145047  
6953.279143  
2933.63016  
1850.754583  
2614.141019  
5643.54378  
1323.392355  
731.3514585  
2450.975111  
4263.634534  
2338.638275  
1377.467971  
992.7639056  
3814.760356  
2246.827371  
797.8776413  
2248.471356  
961.6779179  
149.2856781  
4008.776216  
9899.838174  
3758.918915  
1711.751025  
3721.847655  
132.7529342  
7079.620854  
1150.912792  
2055.86161  
259.0829484  
2086.306124  
5022.617611  
2399.437326  
2881.996109  
392.0145756  
25.54937143  
347.2751075  
2292.742758  
1320.037443  
1094.610211  
264.1685504  
975.9330907  
531.9211733  
1943.46954  
228.9471805  
911.1030902  
3131.302045  
2188.331274  
1337.332059  
1725.428196  
2680.497726  
1897.987453  
1126.912178  
813.4764296  
716.4568281  
542.7655697  
310.9464378  
3598.106351  
2204.332314  
103.3213953  
196.9765911  
216.9892218  
1830.106682  
1581.792847  
209.6063463  
1843.877201  
186.6086836  
780.5211931  
857.9456291  
636.6026335  
1057.140716  
1380.69954  
1115.13812  
3502.346169  
4002.230366  
145.908795  
2431.974508  
1083.235905  
180.6325074  
1064.800104  
642.0527007  
3486.845835  
3887.940677  
976.8455994  
2882.740656  
2806.944388  
900.4659445  
543.0562143  
1837.025611  
163.5280554  
581.101387  
3092.18511  
1265.07385  
3192.683212  
1278.302275  
18.64713684  
2012.119733  
474.4987375  
4731.780872  
2304.633116  
105.3672182  
69.48349335  
1820.773045  
1408.508089  
401.1273911  
278.5206918  
740.4122185  
2588.851474  
406.4354424  
19.71209053  
467.9256719  
24.05159398  
280.1948166  
8.339721323  
971.2720397  
3341.589722  
1076.902739  
3105.726817  
229.1545496  
422.0613799  
841.3592074  
778.0708954  
1653.583215  
454.9980268  
480.0424656  
292.151551  
2445.615185  
512.5569762  
480.1461484  
144.6351681  
580.9900251  
515.2412182  
389.7467822  
538.9071458  
731.7259645  
478.8408468  
100.6782061  
239.2036887  
1341.71832  
227.4492155  
242.5005139  
599.1210733  
1200.226102  
12.45619285  
1118.015753  
600.33187  
8.350527579  
451.3397126  
92.35767127  
172.1930989  
426.5120276  
437.7174511  
330.7152706  
17.53268163  
390.2121231  
199.9293523  
539.7883472  
238.9272153  
303.0384107  
486.6236747  
1148.200575  
585.1652264  
136.3763935  
640.2033363  
124.3394621  
668.890123  
1002.65374  
312.4104061  
942.559779  
854.0100182  
16.51696244  
225.3244781  
198.6416676  
65.51034628  
340.0407697  
118.0347609  
263.4706616  
107.8369137  
407.7563434  
542.1166473  
370.4503851  
232.8392367  
585.3949597  
79.36805211  
70.54877824  
844.9897094  
211.0738568  
277.5083345  
14.62077238  
342.662149  
1538.030944  
544.4893321  
278.4673497  
587.9418726  
342.8595873  
91.46618161  
4.279057063  
949.182685  
144.2560047  
231.6353494  
69.76040931  
139.1562654  
273.0446263  
705.2205287  
708.0433163  
224.3690576  
43.78280493  
41.18601105  
62.102731  
653.2499021  
265.9222366  
370.575337  
1.167704903  
49.40545074  
149.7321456  
73.77274185  
24.02187588  
82.22132145  
323.6443577  
152.3783317  
289.0226534  
422.2014659  
442.7394099  
346.7258396  
42.14591937  
563.3290927  
117.5417028  
58.06484437  
222.0787095  
191.8019469  
136.1792477  
108.1952968  
3.647757823  
17.47854352  
