8.110986671  
62.94056832  
240.4406386  
807.833441  
1191.9435  
4472.85995  
187.3488453  
7894.723003  
343.9139815  
73.5592627  
3457.729425  
1283.345558  
730.0327551  
6.659419074  
696.2438583  
1798.250313  
2204.951126  
614.5338887  
3097.193469  
595.7454105  
5639.249637  
317.5973026  
185.7939027  
1134.661127  
1717.813064  
1078.655969  
2748.319801  
692.4585838  
1319.522774  
245.8928389  
801.6595729  
476.4373809  
1924.65935  
621.2075989  
383.1734774  
490.3782627  
33.07970442  
311.1042526  
837.7209176  
2000.807958  
1525.792899  
176.7742752  
1148.476204  
354.888008  
28.3226938  
873.6645429  
286.3862748  
1028.247097  
1496.393709  
72.16023661  
470.1413783  
950.4309711  
312.1084985  
1127.803395  
311.1344559  
271.2075402  
90.11749484  
879.5391213  
160.2572018  
571.5043823  
65.53721882  
560.9289829  
803.7666512  
1674.172044  
280.9438508  
83.49385564  
254.194601  
372.6432617  
746.7536105  
342.5079513  
270.0135504  
638.3429376  
1530.555981  
1644.522383  
1158.88237  
966.3601372  
1545.591049  
141.4763321  
222.9455239  
1356.911469  
900.4736439  
218.2640359  
14.04533413  
616.7601745  
385.0432372  
1559.022613  
1046.512986  
100.8991435  
1371.118779  
755.0636618  
792.05786  
77.75547088  
812.6061615  
781.4088857  
87.1505301  
813.7080069  
666.7587071  
2483.312878  
1410.955923  
281.2730624  
2628.605025  
600.2200848  
985.0850564  
803.5253546  
352.1946067  
19.23963725  
181.1914822  
2458.981402  
1484.509114  
821.9777722  
209.3178411  
939.1326717  
150.7493515  
689.4617062  
984.6400419  
717.9229455  
1465.892095  
843.846314  
339.012938  
133.207666  
827.1713031  
390.4921998  
223.3365421  
2.050652572  
736.7008013  
988.6438221  
2036.883928  
1834.44987  
914.7183873  
702.3051778  
440.9055065  
238.2437299  
281.3702828  
371.9090017  
102.6081896  
584.2321865  
113.9455371  
1127.327826  
965.9844919  
809.148356  
23.43674455  
276.9898527  
1440.928097  
275.1145126  
53.94556341  
3062.554692  
1394.020419  
450.1997881  
515.5846945  
305.760772  
861.80825  
297.5868014  
348.9624743  
8.00707302  
760.6682542  
66.11879768  
73.2972305  
705.536  
175.9703985  
1641.587869  
1763.724085  
80.39891867  
509.9794458  
140.1337105  
3028.413493  
342.9748303  
1368.506798  
922.8348641  
548.2159303  
646.5500598  
564.9749836  
1181.452816  
780.8992217  
255.6416867  
8.895954364  
645.1248694  
40.0611842  
148.1535794  
623.0070363  
147.8492135  
476.1538761  
1973.472367  
76.52952383  
778.477639  
380.0164151  
88.93104251  
111.5423343  
53.13080484  
205.6381508  
178.8037232  
1004.827084  
558.3274742  
109.3676938  
129.164007  
3.619809702  
386.7677755  
72.12513044  
147.9505425  
220.6714467  
11.61185731  
53.09339672  
67.00977007  
561.6948076  
106.502158  
640.5150199  
20.44494302  
28.58420646  
11.00637599  
16.63114526  
35.77356157  
332.8835497  
272.2956369  
209.731518  
259.1233735  
98.96598853  
90.40761561  
367.4600838  
15.39550942  
9.361850313  
601.8899994  
98.13600598  
35.86506923  
32.89694998  
68.43413851  
156.9009932  
288.1224615  
45.67366895  
64.96978042  
13.40037414  
77.80609654  
102.9034967  
121.6084985  
373.832688  
252.256156  
142.3234005  
38.32267597  
147.5007498  
399.0648042  
22.63104711  
117.2071748  
31.56026717  
118.2540294  
58.53692884  
44.06917772  
49.34686876  
139.0717394  
122.3329677  
26.86929615  
8.67963572  
234.5618706  
354.7086476  
145.5600011  
12.25663509  
53.48245445  
427.9301212  
41.00766108  
100.5812701  
138.2559559  
57.54056932  
57.98117907  
215.6159803  
195.7829672  
134.9250358  
51.51124691  
140.8927397  
22.81810528  
29.59698563  
144.7635874  
70.67028713  
17.92909453  
171.0934971  
51.62436686  
8.057094894  
59.71454707  
85.3685989  
8.43871969  
11.74678781  
147.6734018  
101.9505782  
108.4568717  
17.07284257  
31.72153936  
125.5677868  
99.68463857  
177.9956216  
132.3222336  
99.4028793  
590.4030497  
11.92405986  
146.0851152  
187.4430686  
1.590573892  
9.357868957  
35.52150946  
180.8588803  
