50.42403378  
317.8644965  
314.2861792  
2172.036741  
7715.330164  
3876.584963  
8290.579013  
604.5951845  
974.8327668  
2101.902506  
9125.702301  
4296.831904  
10337.1537  
380.531694  
249.4120796  
579.0876808  
6311.317599  
3349.182537  
6574.002396  
5318.297055  
12470.67805  
1390.21242  
5827.328289  
3956.973679  
823.7546785  
4218.856375  
256.8996591  
7626.884617  
1292.405299  
3797.797957  
978.1718676  
2058.018469  
117.5084792  
655.244563  
2761.176024  
1754.647794  
376.0153348  
417.7178494  
829.7701259  
277.343154  
954.1305541  
336.1445508  
6855.319419  
3745.659563  
7747.26407  
4031.888941  
232.1408718  
479.3514622  
1.152920396  
926.5002851  
1390.756283  
2311.775782  
6446.154063  
1451.760071  
5021.24011  
707.9844161  
120.0003909  
2611.968026  
1538.427706  
148.6416398  
563.7386785  
131.6679293  
1021.718325  
63.02099773  
110.7547967  
5558.23116  
2914.301131  
4982.349276  
4189.672685  
1257.612518  
6140.595236  
2574.358319  
1086.03945  
1295.074879  
718.5301461  
1799.103027  
1373.187501  
2255.471585  
1311.409003  
869.5036824  
43.09119257  
63.58730181  
1294.891413  
52.63594388  
139.6709569  
702.0907854  
64.60040543  
915.6970602  
352.3854441  
607.1661291  
638.1087509  
939.6104322  
1496.42975  
907.6803427  
116.4135158  
1085.111206  
557.8123693  
305.1577278  
99.44071603  
101.8335466  
442.4504829  
722.5865904  
383.7658887  
892.9243278  
419.2692407  
174.6765372  
1346.319089  
174.9743167  
3795.98465  
936.0729689  
119.7612071  
416.1767678  
476.2730307  
49.97963218  
1305.963907  
350.6372728  
1219.447454  
519.812725  
1293.565696  
38.71529555  
311.9242055  
8.497438332  
241.3394916  
421.7129194  
468.5113661  
1282.053505  
161.1346501  
286.9632725  
735.8927189  
100.5747076  
281.1380308  
155.1998948  
165.9169085  
594.3081941  
528.5760361  
377.2931126  
168.2089598  
71.87472158  
1348.753552  
62.95065083  
328.3871969  
88.73330291  
1974.751876  
276.0314265  
1360.588823  
634.9956615  
2253.08654  
427.4842742  
2044.120512  
666.83624  
1864.974321  
46.38967587  
208.0120007  
81.50393495  
159.2817357  
83.36251139  
48.16739896  
188.9697171  
686.3656516  
254.9727316  
1283.6752  
570.4320808  
272.6644301  
167.2625884  
351.7810929  
401.1252624  
139.8829211  
46.73692157  
377.0636875  
1117.384681  
597.9778706  
1918.776779  
1510.133784  
7.006340378  
277.6231406  
957.2079335  
27.53227613  
241.3455227  
273.4305806  
967.7890552  
177.364204  
150.4014095  
532.2434618  
678.6324308  
606.8128896  
1965.430797  
272.8905879  
184.1074733  
107.5141138  
186.7150949  
368.5456946  
649.7067598  
162.995008  
134.6198949  
157.0657747  
60.89673032  
63.84017451  
11.64130721  
151.0152535  
63.38673922  
201.6711262  
243.7113819  
436.5798914  
297.7500851  
54.61432852  
99.9730489  
149.8555131  
215.9518188  
80.84847516  
165.8956992  
582.9109364  
1045.778694  
252.1786285  
49.13758535  
446.9382815  
181.1583429  
411.2922622  
162.5902274  
458.64636  
96.36223596  
84.70700305  
376.3454304  
62.82236297  
275.0897166  
66.45708694  
73.30178546  
123.8205205  
312.3676002  
302.1182604  
275.0657019  
1.310408313  
39.20452651  
264.5335332  
25.12818007  
117.4215218  
64.88647732  
29.68999461  
15.60579205  
144.95521  
80.2414428  
107.8545362  
70.40679946  
0.644929207  
122.3518747  
140.9391327  
114.8062375  
127.9885746  
154.9488309  
59.9327404  
127.126876  
381.6438304  
69.93760455  
186.4875744  
30.06156749  
80.501887  
43.98871389  
6.974827689  
51.96275539  
180.3340383  
1.558006347  
238.6404237  
25.07637312  
62.5527618  
43.52493724  
107.9721213  
131.4462586  
23.81731451  
57.23153386  
50.63023781  
23.09092408  
18.58839555  
46.11681028  
102.7429958  
1.450063515  
105.8844017  
171.1269231  
402.9264098  
95.76059052  
175.9115715  
85.85892483  
117.6045058  
112.7375781  
5.75702516  
0.4999645063  
308.6804369  
13.11101702  
15.52568389  
37.42895631  
10.42256094  
0.09433584448  
56.02319261  
81.21645486  
361.6384515  
283.9303565  
266.2206166  
