166.477797  
36.89268721  
701.3491931  
2220.15162  
5524.84178  
7102.492807  
7250.151068  
3846.74011  
5529.148495  
4448.903149  
2002.354809  
5378.207609  
316.0561469  
999.0258854  
2572.310895  
8.28078479  
5114.482047  
1245.735192  
3497.586634  
1652.795753  
38.66052209  
739.9149022  
583.9422144  
2250.004279  
977.2228695  
902.6284134  
5628.541618  
5564.10427  
8842.469275  
499.4351612  
1017.550231  
130.6865964  
15.59402249  
2396.016455  
816.4958035  
762.4834256  
1144.110363  
611.3138512  
458.1011203  
415.8349566  
459.1748561  
402.8661872  
4142.72796  
2917.604397  
4462.722797  
1890.662202  
3877.973827  
4743.540484  
108.1663338  
130.7161511  
431.7263572  
2411.672098  
5015.201307  
56.83968659  
38.00826253  
50.47845745  
79.74414055  
312.4752173  
1452.098024  
194.9287286  
1900.819127  
992.1312732  
303.1392196  
1471.293959  
138.3264227  
833.2702329  
38.65941376  
952.1719418  
849.6854304  
2652.287734  
1528.111559  
1206.462593  
5056.810298  
2095.746793  
479.5619943  
766.2714184  
5747.579481  
3148.150287  
1194.740173  
4081.792006  
1965.87884  
814.8771261  
51.74281474  
440.2485076  
745.8422896  
316.1313637  
75.96883738  
214.853429  
1310.140496  
2185.398036  
1188.110835  
1132.203116  
1145.298545  
231.5279752  
207.1732684  
305.837333  
1241.525934  
1787.288731  
500.9320741  
606.9616688  
465.7993912  
588.523341  
248.3726773  
196.8311302  
76.61067181  
143.9757503  
830.5390866  
1021.409491  
2175.487155  
786.7831073  
1227.886348  
629.701476  
1604.026323  
1422.495196  
1717.900895  
43.0518789  
1476.868479  
1080.901772  
3437.216462  
319.777164  
106.4193061  
181.6874881  
771.8289054  
395.5102711  
121.2757073  
131.3674152  
139.1481954  
116.8582891  
35.86792422  
252.366466  
1587.166981  
482.7214656  
161.2408152  
1240.477929  
1041.476707  
42.88631592  
1601.090809  
399.1756477  
776.7655005  
463.9646781  
2123.979824  
658.231525  
1659.515329  
708.930256  
674.7920446  
546.3214084  
569.8830147  
524.5017676  
654.4280767  
906.4707045  
1198.524877  
271.757014  
305.0086489  
66.32774132  
586.4801577  
746.4019913  
1451.815186  
480.2201464  
411.2802361  
602.0715556  
449.4235695  
2121.857377  
33.01502413  
62.74197587  
101.8062291  
545.1761243  
505.5336553  
1311.603117  
1716.678971  
980.9639889  
159.1602831  
548.5709193  
610.2506899  
134.5078413  
39.17698147  
65.99736547  
363.6272665  
97.02840313  
179.3795954  
359.9017489  
14.09390718  
134.7383037  
541.0136727  
75.13708523  
1205.863608  
138.7268521  
232.8304812  
27.90131973  
185.0734853  
1106.505709  
128.1712793  
346.9477823  
744.8062026  
227.082975  
180.7695809  
513.9677934  
22.07696885  
955.9700167  
574.547817  
82.84361307  
66.38514087  
74.76818142  
9.082496545  
470.6125353  
92.61359749  
48.35448004  
138.258156  
486.3520142  
185.8184677  
235.9768697  
65.08301636  
120.2583879  
145.5037972  
114.6512376  
27.96458383  
156.840703  
202.8668775  
1268.877749  
219.9971818  
124.5217049  
30.83772705  
128.604438  
89.75828099  
223.9418935  
203.4940292  
168.9882869  
132.1852311  
9.425867757  
581.4653846  
426.322963  
52.93897051  
122.1665212  
173.6372528  
6.982382778  
835.0382592  
158.5639412  
314.7355157  
373.0749509  
73.08038598  
61.70893059  
93.95608786  
663.8780852  
37.04043424  
74.95794347  
83.77983064  
48.04744319  
180.3367851  
556.1042703  
36.84847675  
607.2572109  
91.99788929  
105.4412527  
352.0356543  
1202.91294  
29.94742303  
54.37625709  
59.46048875  
48.91531164  
67.07894102  
148.6539768  
274.3214384  
372.0813226  
145.4928986  
55.05585126  
74.2489321  
261.343464  
60.13188867  
0.4600691391  
296.6984172  
174.3920513  
297.8999811  
33.68624348  
129.5825347  
11.85519401  
450.572253  
97.36644003  
116.3158688  
35.72103785  
0.1810531445  
45.93445382  
147.2227585  
197.15739  
315.5605352  
81.86314967  
1.727498223  
203.8569813  
18.56620834  
14.56537431  
12.66755866  
89.47731045  
3.971625103  
103.3691578  
202.1552658  
214.7587275  
35.87977173  
