511.0488945  
29.01843264  
753.0714692  
3283.919075  
5166.253071  
3599.891738  
5962.248433  
12626.6359  
10750.70217  
10596.00727  
14807.97001  
15319.17986  
6763.499435  
2873.990546  
961.5342974  
1216.036277  
4011.435066  
8119.619266  
14778.93557  
4426.930038  
8426.955603  
483.6672416  
6317.529563  
3851.018025  
1503.5239  
2171.264255  
4603.063948  
3583.683756  
1253.733621  
821.4527117  
4919.952128  
4894.856979  
6665.557421  
4745.950754  
2927.885042  
6779.602676  
615.0627477  
4122.901175  
2924.585992  
900.198521  
434.8846154  
128.75799  
2648.215296  
1123.540827  
5451.075337  
3553.870229  
2114.641157  
2210.674995  
1497.969829  
682.4733257  
916.3662532  
799.1798772  
3148.115417  
528.8877012  
1427.55462  
3462.601639  
79.84371071  
5049.633018  
1181.123863  
307.3659745  
1127.389608  
27.72327203  
25.93599535  
324.6070808  
367.5055494  
779.2546406  
173.0749224  
790.7549389  
2379.882073  
1957.392348  
1468.698842  
66.80115698  
6414.574745  
1094.557374  
1888.864396  
384.2303044  
955.89007  
3865.608417  
554.7014297  
3550.168527  
1467.756542  
717.6356937  
323.6682149  
1062.215263  
1537.356676  
2098.433043  
386.890151  
679.8666851  
2748.936556  
695.9303163  
978.5142046  
3022.449406  
2124.856911  
628.6382072  
322.0672667  
339.9030953  
597.2670265  
249.1567741  
577.8931392  
258.0151423  
534.8598731  
1317.155014  
450.7024826  
228.2130654  
538.4247329  
639.4746176  
747.8490662  
221.4578736  
3200.119719  
230.0264707  
1505.035192  
601.6430051  
1844.024828  
171.8456265  
839.1086211  
164.6753036  
738.5624534  
757.150534  
1981.477616  
1200.079582  
1834.069693  
1128.519998  
477.5954643  
265.9200409  
80.75670573  
155.3744247  
403.7017184  
820.7150898  
1909.072732  
1233.113377  
956.9488802  
774.1534336  
984.9863632  
1084.091378  
29.30616832  
821.9555675  
426.1746968  
205.4717202  
156.6855865  
1127.641778  
1390.399041  
544.7585769  
1205.554632  
186.5895274  
1129.753416  
1240.699519  
944.5397223  
781.8238321  
88.2425486  
443.344763  
1148.771566  
259.3404383  
94.05327596  
91.18030509  
1000.26078  
132.0997202  
120.6570501  
225.9777527  
24.93828806  
43.90542577  
236.6754854  
688.3916337  
887.9014346  
84.80204344  
2777.030003  
24.31568906  
610.9218823  
796.7185583  
223.5074341  
45.30395493  
405.5724295  
131.7328871  
141.0194098  
314.7676272  
78.1504604  
1122.150823  
138.7996209  
41.48763018  
1216.839782  
123.2470541  
374.9883724  
2123.001549  
12.54901922  
127.5225483  
257.465639  
59.16255956  
267.9936413  
122.1192149  
330.5071318  
348.3735362  
742.4584924  
370.8877542  
35.80637158  
132.2783419  
210.7988097  
18.82062457  
170.0205917  
49.18059578  
43.57164295  
676.3987309  
298.5887223  
227.1075495  
42.00073085  
70.55916753  
93.62624555  
681.8997464  
59.37060428  
302.6206067  
22.05243121  
235.3334789  
26.25648965  
39.27186223  
140.6749061  
102.6598988  
424.5354727  
539.2575303  
300.9076478  
168.5670981  
132.2588799  
36.07738394  
0.388591687  
79.07271213  
371.4731277  
265.7960524  
16.89550963  
131.5660209  
28.69396723  
1.497981033  
298.2551843  
295.5306755  
310.8800555  
338.7524771  
142.2001224  
84.48910158  
94.61789196  
163.1707423  
164.127051  
193.4889117  
124.7821516  
138.7020941  
204.5965515  
71.02465609  
5.71777435  
81.11685828  
274.0176561  
111.258373  
20.83633904  
40.61239288  
131.3203483  
234.8623533  
11.34990798  
155.8992831  
68.30544417  
15.46974786  
77.68658319  
400.1076456  
111.2067689  
166.8166683  
393.582807  
193.773102  
371.6027038  
122.9232604  
11.84068547  
420.6669556  
3.808836465  
42.04762341  
4.799761393  
135.0736888  
572.0886937  
343.7936884  
7.380270796  
34.07039434  
24.35982429  
103.8609027  
446.7056165  
91.54009806  
133.1354998  
35.78874766  
10.72571297  
105.5682108  
57.14105558  
569.0260405  
106.668863  
362.9917937  
228.67978  
47.58913703  
11.63833683  
92.57202952  
86.52213295  
8.817379248  
402.5986672  
3.719276429  
309.9234151  
158.8219924  
936.2592084  
