482.55742  
19.21096279  
1158.114292  
390.7033897  
4138.754684  
6937.962175  
668.0327354  
15509.50521  
6981.131611  
1994.959005  
906.4274796  
4339.303919  
46.29664915  
2253.19674  
3004.932786  
1318.208151  
3418.798907  
2436.187592  
622.1950031  
1604.667008  
2311.136231  
356.2435378  
1806.326962  
3286.967365  
2668.577286  
2541.407575  
926.5211576  
844.9948604  
1737.337611  
1862.762611  
149.0944968  
79.6553147  
3908.636062  
267.8212192  
484.6505776  
697.3909726  
1252.790484  
5152.266852  
1655.934871  
676.6174149  
2083.664799  
82.00236965  
213.1715283  
448.3861794  
1990.197312  
907.6195906  
709.8057276  
1255.654511  
771.93145  
236.502381  
1032.68582  
877.6402307  
98.78763513  
290.0580638  
71.90027899  
133.9456038  
1343.121688  
1624.620505  
1941.075878  
26.51193321  
35.90434089  
1645.656307  
127.1318566  
617.9212867  
435.643905  
1376.259255  
942.1762949  
480.2962956  
533.1626253  
1099.848293  
685.1027496  
656.7227675  
676.035492  
19.72378454  
94.66847884  
1229.603205  
1997.975928  
79.39399938  
2084.559838  
688.4186684  
1334.924611  
350.3134626  
227.2257595  
27.61989087  
491.580781  
1502.695899  
221.7774215  
361.8205624  
731.7468399  
117.7541933  
741.0379766  
1842.236078  
1092.902346  
644.2431925  
583.5413551  
1277.539886  
768.3252168  
1413.840036  
1835.181096  
426.6629167  
822.4734941  
817.211302  
509.213092  
224.6923535  
43.44233995  
128.2401186  
590.1168159  
293.299751  
873.4683684  
2777.253339  
407.3026905  
1205.322895  
549.2604021  
1419.250554  
197.2724729  
698.9491916  
2545.255852  
548.2483591  
635.1599171  
476.664283  
1712.956438  
2640.450927  
52.79072211  
141.3323359  
255.8807307  
2118.223215  
273.3122739  
188.8262206  
1269.113218  
572.9404493  
778.3377961  
123.3077116  
416.6641451  
320.9691302  
205.0533828  
2637.470257  
908.4572024  
223.6696058  
0.5180024513  
897.1610585  
362.0395098  
753.7143452  
1122.057804  
261.8060902  
540.2032965  
213.035449  
2657.93123  
351.8500235  
38.72703156  
371.1586109  
55.05494469  
767.8724444  
247.0113876  
59.55677996  
309.056738  
261.9284427  
568.4738381  
2399.911826  
443.3027031  
899.8180936  
465.7410391  
281.6577596  
642.9650363  
37.53056158  
104.5146333  
62.83970239  
286.2407603  
501.4303039  
224.4013736  
133.2206903  
257.7366948  
487.2689807  
343.0367198  
30.5539155  
159.4955309  
1012.2348  
151.7787817  
264.7972953  
506.7934293  
156.742199  
450.7501747  
337.9200055  
237.8165078  
184.7874233  
866.0845547  
215.834904  
151.4222899  
672.74642  
68.90240989  
537.9147107  
341.6557314  
136.9722154  
8.757889805  
436.1516056  
129.2011865  
238.6852047  
44.45303726  
238.0803362  
140.6538338  
282.3717531  
184.1441562  
657.9377828  
3.64948233  
1618.375434  
188.27285  
295.2199684  
109.7825397  
836.7679073  
134.0472384  
103.5475  
1022.131353  
730.0790708  
261.9664729  
24.785237  
211.2554074  
414.8887453  
332.0337812  
713.7791576  
346.4138635  
42.9849202  
32.72015247  
239.4199043  
822.9793841  
3.77232785  
403.3211497  
172.6935499  
42.70955265  
147.1635658  
994.3978369  
392.6789053  
366.2340722  
185.3230335  
497.7683212  
140.7040329  
148.68916  
271.203607  
513.7110177  
317.7497132  
150.0199957  
30.2171362  
87.27442863  
443.7101059  
388.6065732  
245.1168628  
88.89095893  
92.78595267  
61.05146307  
17.51833479  
54.11956461  
332.2834227  
60.0626364  
36.40657805  
117.1991059  
234.4077765  
32.61171369  
208.7770041  
38.01744995  
173.4119225  
112.4306925  
52.95738282  
263.9379543  
478.5074542  
100.4090423  
424.8808281  
93.08011412  
6.098349435  
34.99697534  
192.2847588  
111.835764  
359.6459085  
51.2996685  
20.84940863  
40.02542401  
59.89263094  
39.15634413  
188.0125429  
173.4659729  
132.0707672  
292.0665627  
0.4409574542  
194.0742788  
10.30005901  
519.9042624  
12.82770528  
240.2246101  
77.09788408  
114.5707923  
12.4670272  
80.20490486  
31.17476986  
4.072087635  
6.877804027  
144.9487339  
278.2054198  
91.08431992  
