0.1902311467  
246.8512049  
171.6540397  
3344.927346  
394.3572271  
2882.664348  
3702.214801  
723.2762466  
9919.060686  
3757.3356  
3732.532865  
7488.526961  
4130.810422  
1818.710284  
378.482872  
92.34749108  
3149.633654  
5604.072612  
3203.791323  
918.7533113  
3899.540734  
250.9971015  
390.5693918  
159.7254348  
1171.589414  
3117.558845  
3216.047858  
1673.342712  
1309.778306  
1422.18453  
1265.684203  
2402.418756  
1600.876545  
25.5648914  
293.9366205  
2403.093523  
4654.406479  
151.0906845  
414.5626743  
2781.389104  
1688.802483  
3859.034745  
10057.55526  
1901.962696  
56.58147723  
609.7604131  
286.2296808  
1003.205172  
233.4333787  
99.47116156  
3272.462615  
1142.307314  
726.355612  
721.3406303  
155.4894736  
2340.717869  
1921.510105  
2122.47463  
530.6162624  
3227.349281  
305.320598  
279.13355  
511.9804101  
714.0165453  
8.610304032  
646.1236381  
1549.607699  
1914.005326  
470.2209255  
80.13947214  
204.7099761  
1276.500351  
220.882156  
2543.300807  
1517.295506  
1184.210149  
315.4853814  
2346.753741  
2123.924034  
5832.345249  
26.86806653  
2692.729592  
997.4035197  
2997.564916  
1610.677996  
369.8797296  
2368.675719  
74.63947768  
1694.904209  
411.8748444  
437.6682013  
679.3605761  
4190.50486  
1526.491079  
3481.934259  
1957.92459  
2608.802146  
2999.082977  
1731.473444  
1901.962301  
3383.154916  
6439.831273  
2152.184598  
1917.716874  
1233.590948  
1501.253491  
432.0871208  
86.752047  
1516.470712  
1034.582386  
428.1732778  
1391.090254  
521.5244787  
3420.73126  
283.2032158  
282.4315741  
2973.571528  
4422.803609  
1391.965005  
1541.681395  
2002.061778  
1227.552134  
54.26182463  
1288.919721  
4151.359071  
1798.766188  
4823.122093  
3812.109858  
3768.097851  
4335.062245  
1388.87913  
4379.379619  
1612.201302  
1858.362947  
469.6604819  
4432.675511  
2613.388926  
2084.783697  
1129.726944  
300.7945711  
19.72313457  
2048.143537  
560.0817052  
134.6823194  
683.868531  
215.3049541  
3301.423605  
1370.947475  
2364.390349  
12.63256151  
366.5498126  
290.5986565  
1.637879199  
156.6487408  
682.389385  
903.0017743  
343.728396  
800.7433642  
1877.218344  
1912.096365  
2270.762491  
2754.701072  
6586.224371  
4097.578614  
5842.402806  
4492.109905  
2304.71575  
316.7953571  
1860.736866  
2907.801525  
980.1233851  
708.0547055  
10.29530014  
1667.121466  
2885.55709  
315.3921893  
256.3476889  
210.0609374  
3497.901658  
1356.522028  
782.5282396  
718.2013824  
3343.908659  
1628.269927  
129.3493084  
1462.119804  
1006.001144  
1240.11431  
277.6298185  
1122.856297  
3143.042317  
337.9487088  
462.7908058  
1035.30572  
1996.277118  
558.6430145  
3928.597515  
614.2038024  
1147.583962  
810.2919083  
1346.430687  
2073.803826  
63.61233914  
2570.794459  
1138.779535  
731.269514  
1478.633841  
431.0062473  
251.834971  
572.718269  
3257.321718  
68.36970013  
476.882586  
631.8254997  
412.5610013  
245.3078764  
1130.781951  
686.0041148  
768.1715154  
207.0100158  
355.382542  
358.5249143  
1372.226701  
687.2929309  
319.4357735  
1339.941388  
196.1157581  
1766.897009  
95.92074932  
2799.20676  
3342.442769  
1659.345128  
199.8189759  
732.3413756  
237.8357367  
135.0321154  
166.8517901  
26.54017503  
65.11839795  
41.36831009  
153.5390044  
540.7516957  
1308.280942  
101.8901135  
362.3478881  
615.4363199  
198.4385719  
432.6898431  
10.30673782  
1174.57475  
1709.602607  
93.83623258  
300.1162165  
12.02396283  
181.2818994  
55.59815646  
516.2642041  
633.6009565  
197.4314804  
87.39392857  
776.3233447  
592.3757942  
774.9269483  
433.3809728  
430.9573729  
299.5494124  
90.43712328  
73.19460351  
135.6956743  
444.4873429  
329.936323  
248.3596822  
26.62688587  
3.728623909  
126.4237174  
0.4260072102  
1307.247558  
899.0115683  
68.52037667  
101.4245008  
424.5848512  
638.3209369  
77.87662355  
189.2752727  
714.9951809  
492.2757549  
1627.831432  
1240.783858  
336.9281396  
503.068343  
1129.950983  
872.8136322  
381.0488924  
888.2211664  
56.81111521  
