2339.379617  
5043.291328  
6413.558036  
14052.80229  
18364.46515  
20945.69617  
15251.79326  
28058.58196  
19175.424  
3008.703607  
28910.79092  
9253.560064  
29205.28921  
47096.20052  
15954.00383  
31171.50218  
8018.537206  
3784.045922  
26344.33749  
5021.099138  
11738.76583  
10987.71937  
6275.581094  
3194.65756  
4862.36852  
741.130226  
1739.902639  
275.5508587  
12978.60819  
5709.229461  
6052.827374  
7741.549284  
2845.807174  
3082.991385  
893.3556006  
8936.09971  
12468.96926  
15967.52248  
11326.65665  
13085.51397  
2988.601427  
7264.926674  
1088.684497  
7730.58952  
9351.153782  
5592.693683  
4863.84641  
6199.145423  
2576.203645  
898.945414  
85.21305093  
1902.389075  
5429.167045  
3574.028217  
2850.928596  
5986.885606  
498.0022722  
5601.862487  
986.6585614  
4286.679654  
3619.881043  
5613.128361  
3725.719036  
5643.512253  
4022.68697  
6777.92238  
2764.504818  
4577.59899  
2091.701453  
3673.579144  
2104.616163  
3918.050664  
2640.542645  
342.8112077  
201.2864389  
6201.977577  
1193.347461  
3342.029229  
1379.915789  
273.3957869  
1544.371419  
1302.052602  
702.9499456  
7059.127363  
3279.629302  
2434.907991  
1243.832829  
3988.679494  
4487.439961  
4363.827674  
2151.333282  
5107.790979  
4060.274754  
1989.948527  
6400.381132  
2225.942462  
2553.897421  
933.9195599  
2510.723562  
5830.094297  
5109.210643  
1951.492286  
471.2495579  
806.7821447  
3080.99629  
1583.202651  
3591.858266  
5454.147847  
1257.737434  
1181.937221  
1501.424061  
5569.503485  
788.6260516  
2491.582517  
1005.758235  
507.3616184  
3747.003013  
7960.353134  
5992.382954  
4502.693979  
1074.289289  
513.4107221  
4269.660037  
5910.547881  
1776.512428  
2658.595575  
506.4409793  
294.417341  
1205.259322  
1409.203737  
96.80281481  
526.6297188  
1210.626517  
1100.466946  
1446.002498  
780.4289463  
222.5332421  
979.2364299  
531.725543  
47.06094242  
2350.444846  
1395.845739  
3989.825592  
939.5438616  
1630.289969  
1883.352903  
2324.709401  
891.3295375  
1282.303168  
795.2122265  
1385.192575  
2311.242207  
729.3726316  
1330.635602  
328.9922103  
4.354034515  
545.187547  
771.3956397  
1698.216383  
504.4012706  
158.9183626  
196.6940513  
978.6803148  
30.42933982  
1714.545838  
950.3738283  
2484.68462  
1396.651624  
1873.106473  
1467.22564  
2140.112253  
458.1884118  
602.8092937  
762.4315171  
499.9270674  
1184.496533  
1741.61582  
1250.614725  
831.2665991  
402.5051887  
145.6907082  
137.9957471  
628.2763055  
717.240853  
1038.36897  
2316.379147  
1358.809388  
340.8003311  
471.6446561  
398.7347766  
1139.369419  
1029.752388  
953.3114659  
1524.940171  
744.309358  
76.03349982  
55.05818463  
174.5351659  
888.1008387  
675.2246976  
1065.342746  
563.7830803  
485.0938355  
279.7498564  
83.74520779  
13.34412448  
133.853218  
198.1149455  
608.5560574  
1004.783344  
1557.317435  
519.6059619  
1132.488865  
70.43669801  
202.8697233  
429.9885087  
1892.576115  
622.5241939  
1348.868144  
1257.304546  
740.1121515  
214.3753023  
47.78385334  
65.95417759  
533.6963902  
1069.085609  
1449.702773  
1229.356061  
688.0155024  
647.9476413  
620.1775855  
122.0692553  
713.2644326  
1718.592509  
2010.68479  
1616.037458  
920.1491673  
440.6807622  
84.66954918  
1.19073106  
260.2771773  
342.2441678  
1561.397025  
962.2852181  
1728.901117  
1269.793805  
845.6514852  
403.7253342  
136.5612827  
355.266306  
1099.343823  
1705.600975  
2018.314907  
1801.246115  
1057.280739  
382.4845733  
58.70882954  
240.7561689  
1188.076246  
1280.383748  
276.6641896  
353.7699502  
458.6023243  
452.8205401  
205.0286127  
198.1670216  
204.2834783  
97.74502501  
901.1169056  
2413.805506  
1415.66238  
849.1471869  
442.4947169  
42.33315468  
409.5057262  
1692.164164  
753.05594  
1319.964164  
745.3006738  
656.3236329  
147.8792755  
163.588387  
138.3212481  
249.8073781  
81.40486731  
541.9450982  
683.5079496  
428.0797019  
692.8649141  
326.9025449  
298.0635009  
87.45062884  
1048.978873  
1115.223716  
2193.839823  
