189.1059155  
994.2388139  
351.5309311  
3628.830124  
1083.584559  
1370.314668  
2919.517582  
3317.943295  
888.3016409  
8464.269057  
9330.074919  
2554.812465  
1005.847719  
8443.36262  
16754.43491  
9129.335875  
18035.19202  
6586.327733  
4370.019239  
834.3109152  
503.1764723  
9919.464193  
4122.392806  
5719.137058  
6861.388832  
5323.795939  
296.2954219  
2586.951307  
526.1935751  
11274.94426  
139.4524092  
11337.04365  
5818.410011  
10653.05102  
10035.22527  
5540.743864  
608.694685  
5820.893761  
6398.497984  
16587.5539  
13261.68417  
7154.682648  
9631.482912  
9755.105932  
8171.730488  
1804.133381  
4654.217471  
7042.518773  
7114.668248  
6501.862563  
14496.93023  
8358.684716  
5743.94348  
2428.785234  
30.11699346  
5979.538014  
6654.839067  
14086.46094  
10367.34839  
4422.521747  
2539.999246  
3123.749095  
2587.748717  
2205.462061  
611.5126243  
3422.678049  
4025.146296  
3210.79082  
3397.020471  
1463.944337  
316.26445  
172.5669928  
968.1467136  
3372.240844  
9081.918801  
5390.949904  
4465.94089  
418.3537706  
618.2024636  
4942.566127  
371.6579036  
6656.95123  
1707.61594  
2532.293904  
1782.36865  
2785.262377  
2568.801778  
4580.045051  
894.3341429  
468.0692273  
898.873904  
1836.086275  
6560.790119  
3663.713555  
3957.459277  
229.4162313  
32.2655271  
865.1512004  
4437.617442  
849.2683636  
2698.783214  
697.9234976  
625.4245677  
1800.152274  
1801.396097  
1294.142113  
726.5622909  
962.3458714  
268.9537805  
1278.213545  
2469.704117  
2027.54271  
1173.850204  
638.8030138  
536.4934683  
911.8346442  
2945.94832  
2143.483376  
787.4878664  
370.6937159  
510.1706174  
1015.638642  
936.8550088  
629.4714767  
1082.851712  
695.3526494  
2069.361881  
4567.251706  
33.24490404  
1988.696058  
1299.268202  
311.0123444  
239.2662088  
559.130303  
1388.8261  
1976.073978  
347.2213463  
187.0916176  
518.3646097  
288.1478697  
1747.436645  
35.64503568  
78.0015976  
278.1620515  
1100.034358  
870.116713  
1610.382988  
125.2327406  
464.9910684  
1117.744194  
830.3966256  
651.8522487  
3366.76148  
1147.794501  
1082.735362  
872.2822897  
508.2139382  
364.8532084  
218.629454  
475.6643911  
395.7144729  
46.86515562  
424.9497027  
2847.000444  
1477.119256  
74.50628455  
69.38450542  
552.2546151  
1462.005804  
2528.962219  
1059.111133  
2310.781663  
359.5817469  
197.9478497  
37.28348268  
397.0482961  
709.2553948  
768.3531749  
1281.028497  
241.9008161  
487.4632281  
632.3548246  
2075.63913  
217.8731271  
189.6241034  
53.63760111  
439.3319719  
2388.905384  
1140.916948  
1230.519303  
437.6613647  
384.2733903  
968.7967814  
310.542098  
753.841844  
14.19131866  
325.1472673  
58.75342383  
26.93198554  
760.5094672  
274.581512  
7.787245361  
3.557874029  
696.5031752  
198.7523539  
1223.436846  
818.4096605  
1081.382159  
451.9805574  
204.0123373  
637.9337381  
489.3100707  
1361.161742  
901.7657445  
167.1936257  
244.5983043  
981.1604674  
512.4521577  
555.3636781  
702.6703476  
273.3382543  
437.5428296  
872.8838712  
1611.451275  
377.2344886  
55.10923845  
268.0349848  
508.7636325  
916.9562569  
1824.176791  
2065.841822  
694.3109078  
161.9168652  
232.7944686  
306.6866507  
703.707821  
179.2228013  
107.8219503  
11.64022125  
607.367978  
560.5302764  
335.2686504  
955.9911051  
23.08133798  
607.8660637  
480.5700197  
650.7240327  
663.8399869  
491.6188327  
266.279619  
76.2928679  
631.2133523  
250.4097649  
383.1183892  
895.0454209  
189.4201139  
76.48569027  
151.577854  
1238.209287  
1143.090578  
1051.526204  
166.1215249  
25.07354793  
792.9415451  
874.6276559  
1523.986784  
798.0715053  
17.49520221  
388.5060968  
424.6243874  
918.1289499  
262.6699647  
205.2334736  
76.01314074  
140.0170379  
321.4644532  
211.4294813  
560.1211766  
195.4308004  
103.4903794  
355.2480102  
804.8824036  
906.2487525  
1079.119201  
375.9034066  
173.0647114  
412.2753825  
250.6958238  
426.92797  
1073.119601  
129.1638638  
8.245294628  
373.6773163  
658.955228  
63.67353724  
