1026.946231  
2651.161271  
430.2906029  
2314.029533  
9251.433904  
3566.387235  
83.41153859  
12480.64565  
1172.390179  
5852.411965  
837.4753969  
9407.445482  
15868.89371  
2232.956019  
785.3561041  
5929.886659  
2298.115252  
3445.49766  
6020.769588  
15965.22492  
9988.460503  
2609.60589  
2546.484516  
311.9399502  
1757.453769  
3897.342351  
71.10231062  
4007.747986  
3753.083783  
2709.222704  
507.5509914  
3123.081993  
472.0912732  
2427.111714  
703.859299  
1236.59776  
2292.915714  
1142.315753  
2804.836424  
517.4079922  
706.694609  
1912.117492  
17.54924725  
1289.383609  
3276.760556  
625.9305847  
523.4062819  
48.96977475  
265.3455471  
3414.818019  
52.17024293  
409.7437792  
1583.481552  
470.9945047  
1718.304126  
2150.52665  
972.9512009  
548.8173525  
1731.389576  
12.60120025  
684.3914988  
650.7136615  
99.39268957  
1865.417644  
248.4595367  
722.6084354  
1166.8523  
1407.19364  
1053.398157  
1318.003102  
1211.864358  
502.9644498  
280.0632847  
220.8295763  
42.69862696  
149.3261684  
111.2273223  
637.8190067  
2283.375203  
305.0142725  
81.25067856  
1061.064318  
295.9953973  
151.1039992  
22.58310998  
626.1135801  
1117.584711  
171.8596731  
348.7176652  
4.859368716  
1397.393746  
522.2763909  
578.2139297  
518.2953461  
383.0712323  
29.31328928  
444.1086409  
77.96789563  
39.501525  
472.8167245  
21.61211031  
532.1382314  
66.235942  
482.5260739  
287.5885198  
715.0219722  
1291.98662  
67.71874449  
29.67713594  
158.5558732  
144.2513166  
31.8614753  
85.74462914  
20.63565017  
50.3853618  
76.91695115  
1142.470716  
419.3181462  
761.8021894  
192.2403455  
325.1401969  
48.78636889  
491.4794925  
429.0729715  
220.9017062  
1180.455549  
289.8961146  
246.5947367  
198.7428529  
185.1231316  
94.5458309  
290.8807213  
214.5945349  
196.3917995  
122.8674584  
204.0110817  
339.0802564  
199.5300139  
1779.623733  
628.5702192  
133.0709932  
487.3590815  
76.10511108  
202.6264719  
1110.68887  
35.33406139  
270.9014803  
137.6024767  
46.78411779  
492.2928232  
433.090058  
336.6606182  
744.8015234  
115.5746819  
14.58317217  
403.3759997  
666.9328539  
67.08401194  
448.3417432  
318.6976162  
111.6219059  
30.95325168  
29.30678528  
100.9700294  
269.0504137  
127.8953556  
437.873067  
236.0717376  
299.7693333  
398.3885678  
296.8685  
341.372842  
162.3778282  
586.7432278  
105.7418855  
408.8280942  
7.583292344  
484.8575679  
143.2700964  
223.3822999  
151.0680095  
12.17751885  
8.266641543  
341.2245757  
154.5195877  
72.39665747  
96.09492582  
188.0304645  
113.253035  
280.8466475  
384.0918666  
15.45875367  
204.4271214  
18.36105457  
511.5538233  
61.82749901  
143.2240535  
118.688482  
1567.953545  
185.4402762  
311.647528  
129.5876007  
5.099507781  
41.61190965  
5.266686715  
596.7218641  
324.7775573  
458.8207784  
621.6173225  
138.442523  
438.9750036  
132.516194  
457.5548633  
210.923458  
395.7517274  
76.64057392  
87.92806687  
193.0479843  
331.543968  
440.1944553  
104.2676245  
134.6577194  
0.08554347992  
11.69122557  
39.61582305  
286.4678259  
68.15445026  
434.0609995  
434.7442293  
459.3223529  
247.6485873  
68.57608047  
234.4652702  
712.8566419  
408.4006666  
83.13724805  
3.252256186  
18.56853723  
223.7815868  
201.410786  
26.73838616  
29.22190782  
15.02108116  
131.3699582  
9.580785315  
103.235695  
98.47525754  
65.86298624  
49.56838105  
273.770115  
47.11835437  
11.83443961  
300.4670111  
101.2272329  
133.605363  
38.84439955  
34.5837005  
8.193504388  
227.3049557  
146.8781761  
89.03310436  
22.48336975  
4.359344007  
27.16111051  
329.0754505  
12.43071835  
104.9762141  
246.613142  
143.6308253  
386.109952  
16.37530342  
1.727592892  
22.04903867  
67.94928478  
463.6219663  
159.7090599  
193.3755145  
66.14445308  
115.2659307  
15.43203051  
207.0142056  
14.58917242  
29.21584267  
33.94850152  
8.078172056  
66.63003675  
73.15107789  
100.801031  
21.76480932  
171.3167271  
186.2406711  
53.51678995  
163.3910014  
155.3046657  
561.2835369  
