158.6723445  
325.7447753  
91.15400391  
1616.103074  
852.5450564  
226.0496202  
1110.274653  
2293.162598  
6080.608618  
1703.818201  
149.8251239  
3090.95978  
3101.901055  
415.8738691  
22.91341543  
92.39687941  
1558.248628  
1445.316286  
176.7165762  
887.0312525  
1431.833105  
1297.019806  
3784.126464  
70.50277175  
1236.207704  
682.4593199  
1299.457263  
1100.536175  
1447.4462  
1136.969555  
636.4687737  
357.6443648  
377.0990148  
106.798397  
294.1736933  
306.3909867  
71.00963418  
853.7264336  
2915.449173  
540.8768086  
64.05276378  
697.7368119  
24.66605973  
726.3500506  
400.7287585  
1139.118855  
176.3149392  
1577.638985  
269.3839552  
622.4034381  
1224.754552  
959.1032184  
261.1151212  
192.0244397  
433.7731773  
280.8875636  
845.5369841  
156.4940344  
41.95191716  
987.603803  
89.32795158  
367.8269191  
514.0803145  
106.3648019  
160.9322759  
67.80002814  
86.04897484  
1325.087996  
1134.746353  
606.3981555  
1335.535716  
16.86210795  
31.8607307  
658.8243477  
838.7024946  
40.41087504  
399.220514  
103.1021299  
1226.71429  
938.3882123  
451.7629471  
59.51655975  
1541.617785  
751.8673906  
907.2764934  
1118.243007  
316.9780126  
61.3334715  
540.4620003  
277.0617443  
10.02064489  
1084.78962  
2485.502711  
30.8175969  
163.8485038  
722.0555085  
389.9823813  
32.13765426  
136.869009  
306.3239768  
1202.421394  
464.6660771  
722.9507264  
579.6932794  
583.1888365  
1124.955531  
107.3325172  
255.2939063  
269.9975143  
207.4602372  
750.5417415  
491.7495754  
566.3998764  
1204.668716  
133.2074445  
48.66616165  
1271.545596  
347.0840361  
350.9688463  
664.0202753  
563.6049191  
629.1760102  
687.9408398  
139.27038  
433.93203  
1048.765784  
2.694763542  
1384.318052  
1764.220901  
7.692483369  
1127.747579  
404.4538172  
9.875926171  
90.32956306  
256.7388991  
107.2426338  
655.798943  
660.7861114  
1256.511486  
665.905324  
96.65409333  
732.1918839  
309.6397164  
219.8786187  
259.6701728  
1699.519071  
1645.928492  
95.04408982  
1649.777409  
718.8779555  
120.7654784  
128.7172311  
268.5432529  
1404.723786  
274.3220602  
1969.757475  
339.5897287  
110.0805491  
250.9092734  
457.2837604  
97.93400928  
29.72529598  
1399.422505  
1086.341419  
845.5576956  
470.3003061  
94.05612269  
1794.768518  
103.1619145  
301.5152618  
840.1969093  
176.4022813  
277.7801335  
563.8206957  
16.69807011  
762.1401415  
1552.623649  
136.9717232  
863.3981694  
539.291307  
98.6768737  
557.1317878  
240.17011  
1556.583645  
2161.503205  
654.0704687  
536.2763015  
18.96717944  
558.1413101  
49.04334419  
577.8435354  
24.89064269  
123.6224617  
527.9424362  
407.863475  
505.7895634  
746.1326621  
247.1919563  
365.0512647  
927.9859919  
1286.693474  
63.12815759  
62.71432919  
168.5700911  
229.8189199  
715.6627569  
1220.079657  
788.8103181  
34.42325512  
1376.144658  
42.74259694  
52.15812716  
91.64880542  
444.4717107  
190.5072703  
386.8607056  
1129.378425  
549.8383795  
209.0303168  
121.591416  
115.0419525  
470.327011  
277.7040744  
126.3455446  
411.8137902  
338.6826841  
1297.172056  
96.05976101  
301.1943711  
522.1663436  
63.57506855  
196.3521559  
697.5389061  
171.9426238  
154.6950229  
11.15177989  
213.5132739  
100.0692498  
0.01685784186  
5.421076088  
170.662018  
27.99632085  
275.320962  
458.3241278  
242.8954551  
39.2261841  
157.8476041  
10.35097204  
44.36937943  
133.9780922  
402.1008194  
217.0743548  
67.15144101  
818.9299659  
110.6174741  
351.7380624  
223.0013521  
144.4212746  
673.1427432  
261.272389  
50.88916423  
630.8922228  
96.10025379  
25.10028321  
182.0101863  
687.7614818  
50.53853255  
183.4102218  
422.2664831  
169.8324616  
447.5969614  
328.0601871  
39.30647708  
189.8669385  
115.6945976  
196.4105259  
390.9913089  
14.00474672  
112.4318444  
118.2618941  
325.6612174  
205.1261002  
281.8105687  
456.7833291  
136.6463034  
10.74026582  
724.5767915  
53.66993871  
26.20266711  
201.6227259  
374.1242178  
44.88834929  
20.45956236  
146.6658966  
0.4455392266  
