96.9899345  
367.940859  
392.7356506  
958.1266309  
4929.516213  
854.5360535  
21.82186515  
2304.660221  
1421.526748  
845.140307  
1224.690915  
1769.872361  
437.8664948  
1911.011311  
1173.361996  
906.5564326  
1721.247169  
1610.431296  
48.32255123  
378.7504017  
1097.179732  
959.522229  
2282.636873  
58.52684267  
4809.849041  
516.2639911  
133.8358607  
129.6736084  
485.5716476  
519.6023121  
211.3692549  
267.8308845  
757.3260751  
1232.294773  
229.9805523  
1631.386179  
1426.596754  
718.7745856  
719.068717  
626.5366178  
590.5079187  
1037.145676  
315.9710778  
16.38100648  
151.7810717  
1898.067804  
343.7533094  
842.06652  
441.3251139  
774.5215754  
1443.893218  
216.3389984  
419.6627286  
446.5579946  
93.95561731  
828.0639448  
315.5714142  
699.0899065  
21.91565919  
194.1378757  
601.6402507  
1093.99032  
50.60319995  
1894.471763  
846.8390915  
427.1460874  
712.3527728  
735.8407117  
318.6895109  
706.3864919  
66.84328514  
335.9997096  
594.1071844  
2035.773458  
18.81012975  
1521.470485  
925.5147231  
1541.613017  
495.7199473  
839.4619911  
391.6571374  
3183.744603  
1287.06085  
361.4357845  
501.3429042  
557.1532319  
156.1086394  
1098.465101  
205.0402844  
711.8417976  
303.6524401  
551.5922197  
845.8024489  
186.1549973  
35.10509064  
1375.708947  
297.1175826  
132.7660595  
1109.024255  
579.5074691  
515.2934301  
366.977755  
186.8207915  
71.40040629  
936.5505962  
293.0128402  
362.5950159  
610.8160514  
1416.70182  
400.9242448  
1296.481207  
1692.813163  
443.6343106  
1819.256605  
919.4836285  
321.7160098  
38.03465925  
0.553232165  
942.8190954  
327.6187686  
928.1821631  
78.30479742  
275.6210476  
73.37831943  
356.2872238  
2430.77338  
1133.423086  
345.9776026  
67.28154092  
1845.210047  
294.4496157  
774.5500381  
158.5692593  
898.3558098  
1140.217979  
1012.848443  
42.45387015  
262.7276634  
2150.408517  
1162.373498  
1680.153048  
327.0234502  
1540.87617  
69.84236882  
600.6385653  
1679.987781  
604.5229216  
371.4536518  
435.2159335  
516.5246853  
311.4212211  
879.1409949  
21.3699685  
653.8943775  
618.8693832  
1773.184592  
448.2870619  
674.2909389  
569.0901612  
430.8160548  
25.87305493  
74.25385966  
980.5323644  
2175.192503  
1402.947895  
8.812352265  
350.5761462  
851.7495756  
724.3283021  
199.3088453  
622.7269792  
1.323240486  
784.9040246  
392.3900197  
157.0393692  
841.5789846  
570.0056316  
974.1201275  
212.8712177  
278.7822325  
521.0619767  
1145.819521  
335.2516591  
911.3139206  
835.2560553  
26.74064216  
2.024899649  
184.3927107  
91.22642118  
36.45611653  
387.4595249  
416.7309641  
240.5474372  
637.9387078  
31.29489155  
119.8436599  
171.9857454  
339.9825534  
90.64927942  
13.11855979  
90.57317762  
43.37706708  
463.2261537  
104.2437438  
89.35058655  
359.8131568  
116.0068816  
1537.198746  
228.9437115  
104.6974672  
782.7765102  
12.0303489  
352.7883203  
166.5826563  
176.7482648  
376.5193698  
227.7672217  
1177.818403  
15.71801189  
66.52460102  
119.3192907  
1062.250002  
20.33099546  
220.0844065  
38.14247532  
48.48946949  
18.01231291  
14.52907726  
81.13192348  
404.8658883  
46.18554233  
133.4182148  
124.8953697  
135.6470779  
523.7357384  
6.142503775  
221.547245  
3.899734451  
202.0224446  
401.39405  
18.39333432  
238.5688177  
359.0247775  
70.00604205  
243.4163303  
487.0375959  
14.44839791  
55.89370411  
647.1416847  
181.2444017  
0.2315850309  
98.13714028  
675.6957694  
329.7461665  
513.234207  
171.8730335  
119.2684558  
231.8509832  
405.8571054  
365.450147  
311.0948756  
162.0128116  
163.420463  
33.17019481  
13.84701085  
907.0562261  
94.54197961  
247.9152801  
237.7805096  
157.9366305  
17.38924297  
158.3766793  
32.87256382  
14.5002893  
101.8547005  
55.21898429  
324.3375731  
21.26526251  
10.1583386  
170.4715793  
132.9580998  
54.99150645  
21.10442864  
79.07425238  
44.07435051  
71.62016307  
51.2633152  
63.90045764  
95.10185231  
25.48489217  
119.3198402  
229.5743892  
142.5846914  
60.88675278  
147.4822219  
