91.23675301  
612.2655902  
2894.267171  
2900.57351  
485.910147  
8283.096683  
3025.753347  
7260.056887  
7865.972818  
4804.320866  
226.3071601  
6399.059001  
513.8298313  
580.462537  
667.0285286  
512.8830114  
3165.826659  
7903.673112  
906.4164269  
3271.196435  
950.3699323  
3146.868351  
2859.527438  
838.1954525  
1009.377165  
1942.070709  
4315.136638  
658.1120315  
34.03935478  
7273.734283  
49.89209362  
337.6777569  
2184.113982  
1716.454328  
627.2999992  
126.6568503  
145.1525642  
5882.847191  
1623.88195  
3830.890371  
427.8090163  
432.6955366  
1101.105555  
4502.485419  
1976.468709  
765.7691762  
1478.969773  
1289.213664  
639.2201967  
1120.711072  
26.71405407  
1200.502129  
1042.415776  
519.5571622  
1099.105092  
74.69632629  
1544.013604  
2375.323463  
495.4792853  
494.9120321  
115.3046838  
2609.56963  
768.3528997  
1929.405048  
659.0141117  
251.4472697  
250.0379295  
446.9163758  
804.7741102  
514.1207891  
232.391167  
359.0362638  
403.2480606  
61.37406085  
482.7967832  
1066.410562  
482.014061  
559.0403998  
607.1041091  
1830.794143  
2833.797954  
505.6522574  
254.2349209  
1387.031378  
1148.891166  
360.3306725  
85.76502332  
132.4464579  
128.8630094  
613.0313738  
284.8042165  
39.30651423  
466.0341291  
78.75973795  
133.6299904  
857.2033971  
694.4403183  
975.0367072  
754.338684  
725.3997739  
1474.934411  
2113.758397  
105.3946754  
205.090796  
735.5053349  
828.3593403  
396.3234953  
82.87567912  
648.3413259  
581.5448942  
147.1184562  
155.5771012  
342.0578183  
1282.354759  
518.1111438  
799.4448813  
284.3430301  
477.1080596  
416.6673525  
2125.71178  
1314.772038  
36.8573299  
238.5605133  
605.6343495  
1198.542805  
250.4149116  
363.9927318  
529.4036137  
177.7439443  
680.4414406  
343.069814  
826.1404497  
2005.951273  
896.4983955  
149.0939422  
390.5822553  
13.77632852  
1617.551635  
1350.988365  
71.040169  
305.9449741  
519.1137058  
604.7515536  
237.2206846  
86.22628975  
25.16705423  
566.6409459  
78.24971013  
365.3409757  
303.020642  
239.2374904  
428.3698881  
274.9111608  
1499.370841  
207.3367226  
299.0412786  
12.54009523  
218.4130209  
213.156454  
157.3447646  
417.9748384  
444.0337901  
569.3711434  
543.8314798  
283.440494  
2182.19292  
278.7491636  
1223.783691  
559.8204203  
152.2108712  
543.9014034  
302.5405364  
1285.100922  
478.6488036  
242.6747847  
697.0073585  
569.4165333  
177.58799  
183.932637  
158.3899381  
224.9962517  
633.3654284  
644.2838502  
395.5905932  
9.792783572  
126.1731894  
637.3100314  
638.604744  
204.7632976  
163.0407114  
162.6869723  
97.62413765  
195.5119341  
246.1051471  
239.2846759  
187.6455732  
14.37187546  
435.339056  
166.6861679  
108.8070745  
357.8592919  
57.99798899  
246.4359611  
97.48799691  
9.276233097  
695.090735  
150.1316153  
431.1251178  
90.16821772  
62.74690768  
136.7662085  
229.2383042  
0.5512582169  
289.8286951  
600.5343427  
180.4403459  
222.9655572  
50.54448923  
13.70939014  
104.9642381  
294.5175254  
184.068276  
215.2914856  
57.65811806  
3.553198328  
388.6072918  
149.2329133  
239.4312066  
97.68502373  
335.6128618  
42.68981963  
8.40219177  
26.89214863  
92.39830674  
170.2978552  
161.3811465  
58.15940661  
15.02485766  
84.41165881  
23.79095726  
4.142608818  
77.43233807  
119.5382878  
266.7173319  
179.2171912  
346.5265355  
247.7976453  
159.1055929  
58.64722921  
2.280113176  
68.19545637  
11.76580547  
418.8693508  
4.514396197  
34.87596645  
39.90354852  
44.79290207  
66.32947092  
147.7238886  
151.547537  
217.6329074  
167.2188891  
302.0721415  
643.1794926  
118.5274659  
50.09252633  
30.69257277  
41.5747753  
227.1865412  
420.5525369  
172.8470921  
56.06623772  
63.54069024  
173.8956482  
39.25388836  
235.5620684  
90.21937794  
69.38199167  
45.7086347  
123.1632695  
250.0996655  
208.0026506  
129.7770128  
41.2929273  
9.650147823  
88.02319482  
198.2698509  
57.55131968  
137.4532956  
9.266983101  
161.4939156  
15.98499486  
24.449312  
10.95233502  
388.5190739  
