29.42244079  
50.83136542  
130.4653759  
3978.035302  
302.9296362  
2548.556555  
8025.822236  
1229.296301  
3775.514852  
145.5077304  
203.1284152  
13226.83906  
1972.032917  
413.96269  
8660.326934  
3317.828404  
957.082825  
5559.242753  
1090.908306  
2224.510782  
1693.662152  
1119.57093  
1060.745325  
1377.90419  
1650.676947  
2124.229367  
3221.100443  
1673.932972  
1539.592228  
3275.795558  
986.2644442  
169.0281241  
455.279899  
203.8262055  
321.4794719  
94.91790881  
2804.195062  
889.8114329  
169.2140424  
966.9201787  
2.947334017  
815.3609591  
1278.635675  
336.9054034  
95.96417921  
2027.197714  
502.8527784  
1501.888801  
229.7888887  
28.82462264  
781.215385  
3856.691553  
771.1781669  
421.6736727  
1112.733543  
512.0585173  
684.6375915  
4454.491738  
62.35744315  
636.6061996  
317.8990695  
225.2048076  
191.3310159  
683.2874259  
2236.500789  
1411.507646  
865.3286604  
2706.999657  
1874.502905  
851.7252502  
830.5214453  
1282.099539  
101.506842  
88.36855318  
57.01350581  
624.4804819  
60.06485745  
2331.297735  
1072.316235  
971.2936846  
356.8588587  
1988.752677  
442.7178889  
86.91807034  
334.192124  
3230.305357  
804.4656799  
311.0412126  
1185.032638  
57.07808951  
372.3497937  
342.5043921  
2267.891348  
141.0522438  
264.8603284  
0.8557138876  
1358.469562  
1018.522901  
191.2543456  
1457.759646  
57.19514691  
223.5310253  
237.8525281  
3040.580501  
995.6221728  
922.2573735  
1336.044064  
2011.271068  
155.5444563  
552.3553887  
725.3841561  
1470.08644  
341.6028813  
527.6457782  
1097.390818  
10.70934743  
1602.33226  
100.3768373  
1710.769918  
530.0159189  
1288.738156  
398.1859044  
143.4069612  
990.0989344  
483.7995677  
1028.38618  
165.6674905  
664.8363201  
967.597943  
376.3672751  
273.2697511  
51.77719563  
681.2723014  
43.48949771  
232.5561339  
138.9072905  
2002.25036  
24.91798634  
1124.326614  
428.3583018  
794.5532803  
129.5923743  
596.6561541  
26.8263836  
555.4370483  
457.5181875  
816.527445  
836.4520542  
513.9339666  
551.1623752  
73.7355587  
131.8281845  
95.49049319  
157.671269  
127.3136701  
241.446761  
658.7262195  
13.56014938  
564.8164454  
6.032451429  
3071.489812  
179.0479168  
847.7776167  
787.455324  
251.7585732  
1088.286793  
146.8689026  
1776.508047  
247.0612762  
240.5371547  
195.9579696  
372.918094  
332.7149955  
49.17547959  
146.8303179  
744.0423943  
695.2923286  
2.301585711  
135.6609478  
10.34502354  
261.2835989  
246.4496717  
293.7758658  
332.6755277  
599.734013  
336.8805882  
23.33660374  
948.6961124  
19.19386356  
431.4718655  
116.3545308  
58.54776441  
888.5048872  
270.4091861  
385.30774  
144.5279581  
107.1894967  
405.5352426  
401.7770743  
919.3533505  
93.60366097  
153.5133726  
103.0956203  
180.337558  
77.17744889  
48.82972724  
1.215477211  
159.9520165  
57.75570094  
156.0234797  
85.32888501  
75.00058471  
594.590073  
250.6103124  
146.4662966  
56.39426471  
290.0422321  
240.224901  
146.2916661  
86.3441272  
57.84060437  
232.6107957  
16.51955958  
39.84898857  
109.4321179  
135.3115561  
92.72049804  
126.3737201  
96.83289979  
301.168022  
27.23292857  
109.932849  
148.4219641  
48.58243919  
94.18316704  
55.69107604  
15.5227255  
35.27369808  
94.54147623  
114.3682962  
10.16054467  
96.92111038  
149.0890744  
124.0387362  
4.746659909  
145.9767072  
154.7300968  
321.1717448  
5.36588304  
21.87544505  
226.9242334  
100.9145093  
46.90188493  
36.65221133  
66.62535815  
144.0957925  
115.872855  
114.2794517  
42.98122732  
185.7741417  
17.1637903  
3.372349951  
110.8459343  
13.11455835  
121.2673799  
125.3891087  
51.99812541  
68.44563216  
127.8041666  
284.8619697  
27.45962738  
197.5207487  
64.90854585  
70.72131912  
136.1130876  
9.425237106  
137.3070955  
92.30292561  
17.91382956  
22.62698329  
245.3753727  
110.8227126  
2.93529383  
2.205693657  
21.40641055  
103.1014467  
26.65481544  
115.5751117  
1.29771862  
110.7261031  
78.31268866  
103.0874206  
198.0119337  
41.52225618  
129.1474639  
