5396.86277  
40072.4971  
19875.44405  
39312.95564  
309.6104947  
194351.7591  
29605.05105  
135465.1612  
78374.77359  
49709.29389  
7313.491531  
51514.25669  
31599.60274  
65293.25864  
3394.769149  
229.6850915  
95969.71428  
51751.55985  
820.4211237  
16587.9931  
3179.775062  
5892.783548  
1256.029274  
1531.243853  
9195.122846  
66864.99514  
21897.54241  
19417.80593  
151.4068647  
5635.256172  
7887.153002  
11484.76855  
37389.90676  
12612.09792  
2100.058929  
5057.040196  
210.7144602  
57891.62364  
7970.652533  
7099.024674  
717.502555  
1894.933396  
10472.95571  
4248.862894  
18388.55059  
4438.675933  
8808.050349  
803.7553339  
9138.550215  
9179.856748  
1778.805896  
1644.661185  
2106.944053  
2274.536863  
940.8169101  
580.5520449  
9720.012107  
2910.064683  
1590.873193  
2722.2971  
8543.494394  
18295.85377  
132.8082979  
4436.765778  
1084.852308  
7323.229424  
6808.380017  
1603.060351  
817.9656548  
2467.261843  
22275.91732  
4240.748021  
164.2674978  
7043.070596  
13640.14037  
2051.672231  
816.5600347  
4716.820109  
13219.49569  
322.669619  
324.4491648  
7573.104703  
896.7716864  
302.3211806  
2924.326495  
3726.860894  
861.9492689  
4414.278605  
189.6203903  
379.4312582  
2278.878215  
293.7414855  
999.6657475  
1046.167646  
7879.899416  
2312.419549  
3789.395233  
708.082673  
4359.082765  
3371.306458  
2400.310199  
7290.681719  
4005.07959  
360.601688  
6896.310777  
730.1653789  
115.0985349  
3664.64075  
4923.846922  
8774.431681  
179.3920878  
1900.899747  
2877.327866  
17544.7915  
2405.816999  
109.5093156  
4884.171172  
396.2575123  
3247.774341  
3324.705292  
4100.507513  
5976.719904  
3259.499819  
523.6004054  
4362.352737  
5506.359054  
3315.472233  
1049.971812  
3558.219496  
806.8833539  
7222.642324  
3818.895731  
765.7053698  
12563.81836  
615.3377437  
7340.273981  
419.2833671  
2642.718685  
2463.110593  
2802.388238  
2812.084814  
380.1372132  
4231.981888  
1442.252389  
2746.791079  
232.2944141  
3850.459053  
3450.630426  
3498.542584  
335.1830637  
1225.602539  
2252.856438  
2644.370582  
1219.693547  
2602.831894  
3092.703492  
768.79082  
4024.333213  
174.0445979  
1641.821038  
2920.642146  
1247.051035  
2174.723881  
2031.530199  
1025.640633  
1745.988674  
549.2217508  
2987.937579  
1901.490716  
900.6166808  
1842.579536  
412.3054053  
1604.042815  
460.7657603  
493.6687019  
2002.225372  
2899.335529  
2262.012968  
152.7081712  
843.7924858  
506.0838391  
1039.582219  
83.68908414  
1023.972136  
9464.034011  
1107.183791  
1017.297769  
829.4593229  
2297.803515  
828.2040605  
1869.05383  
1191.541853  
468.8868718  
1629.214505  
1214.589885  
867.9559931  
1144.461888  
910.8680822  
2314.28012  
832.7269079  
802.3122543  
788.1688393  
321.5987293  
263.5329483  
211.9309269  
572.4947265  
10.80151943  
1040.170348  
490.9146159  
1253.897505  
920.1252333  
338.8276685  
128.2702301  
323.3047098  
226.5641493  
1746.537505  
5.419349125  
2142.400228  
283.1262653  
718.0727015  
896.4136303  
1250.785088  
116.4756287  
1576.836321  
2556.405771  
1370.831588  
418.5652668  
945.758115  
4138.649106  
6175.618264  
572.2703429  
297.0357998  
1600.088012  
2150.01901  
1741.60643  
767.452282  
993.8165413  
86.6559205  
311.5539096  
691.9890996  
83.84774943  
187.1929215  
108.7588199  
258.2103082  
936.1848342  
1531.507005  
639.5987231  
2141.676085  
829.6670842  
1255.537401  
87.46822263  
1658.195697  
3418.268206  
5279.792837  
1214.148531  
976.9340677  
1282.996536  
1553.806965  
2196.413064  
1350.061055  
860.2484024  
38.65562931  
804.354131  
307.5259707  
450.1072218  
1574.716596  
458.4173547  
291.7963732  
18.5009559  
334.4576315  
225.3812198  
1745.578182  
383.642769  
436.2312556  
9.001369047  
253.8125888  
443.502517  
689.0291505  
95.31209697  
216.8029851  
90.50588092  
161.4266281  
428.63314  
50.71323974  
68.99415491  
217.8064835  
182.0763359  
305.8704082  
437.4885689  
402.0160355  
55.58468559  
9.958385074  
431.7243578  
751.4974005  
851.4672865  
