68.96439727  
1302.951165  
3108.941908  
864.5147339  
1889.980186  
225.2705366  
7705.26542  
474.9817866  
17519.35092  
26207.19035  
1396.948826  
9350.285989  
4834.674567  
21316.77593  
9220.41033  
1326.101333  
5707.545781  
34427.98022  
38272.55212  
1060.411291  
24066.28097  
31407.23538  
4316.367858  
1297.373339  
11632.71496  
12469.81021  
25009.67637  
7978.894273  
2050.165784  
7719.190699  
4978.372284  
1928.922695  
3917.032294  
3624.72444  
484.674329  
4160.812185  
2380.605759  
21372.95581  
3676.136888  
2238.659375  
4620.704426  
83.788729  
1523.629814  
115.7610065  
3721.372085  
1831.270376  
1255.412471  
4099.839669  
397.2349793  
1899.27645  
506.9118593  
753.8914773  
1390.640487  
3917.247055  
4657.523623  
4830.395752  
479.7507981  
12524.75633  
644.9993524  
464.8448296  
1125.297556  
2556.985931  
1159.686031  
522.4439067  
2640.728681  
3441.717025  
233.7575954  
2452.868849  
1648.074476  
8339.71001  
822.1124658  
1041.85412  
626.0331457  
225.962871  
8189.894297  
112.8935537  
1104.65528  
2922.191596  
1695.872159  
2290.566243  
359.4111615  
3393.308943  
558.9597594  
1577.133245  
799.4108819  
445.3014394  
1374.22454  
886.9372706  
918.2793877  
181.3898779  
505.6389702  
958.2465549  
5986.298787  
260.006487  
728.4790372  
3920.02594  
1708.123141  
2752.373904  
2084.296558  
1021.987858  
601.887711  
4.826323182  
800.0136493  
809.7759647  
1623.576485  
3684.080775  
1178.442718  
539.877777  
2289.782855  
364.6503119  
510.4606524  
1110.213998  
564.8901209  
1033.112683  
7.450950346  
6486.233296  
314.1226314  
2028.144117  
604.9448477  
566.7172402  
1222.678718  
462.9263889  
1921.01482  
50.99842499  
139.235192  
1844.870375  
555.430692  
276.9722075  
86.76352081  
1562.495963  
830.4879543  
1507.960227  
762.0771256  
576.0094966  
112.4440814  
12.26760556  
483.7819473  
104.603167  
2780.700947  
63.65718336  
359.0230244  
125.224491  
143.6003779  
992.9483067  
1616.085615  
418.083007  
99.64981358  
2246.189139  
1190.807606  
2257.951725  
1162.521614  
213.352484  
379.9274716  
723.1033364  
87.58320643  
1201.797201  
661.7246536  
236.4866715  
185.6189491  
28.27702572  
89.88552339  
102.0855426  
55.97493574  
1002.362011  
1485.573948  
265.2594138  
453.9625889  
636.1323747  
685.9975146  
650.7825343  
964.9207267  
699.1052894  
211.9230149  
278.6579684  
96.55833066  
517.8788152  
343.2742934  
2.211906334  
178.8310847  
137.2305418  
164.7736771  
49.13153658  
807.9240911  
1335.560846  
689.167689  
77.51438498  
178.9899264  
281.9792351  
48.71259552  
77.57788878  
43.08085758  
144.4561875  
225.4392776  
56.54719645  
110.3769889  
252.0623235  
106.8070946  
123.8117888  
778.4872895  
7.677378362  
349.9665345  
200.6901813  
179.9414877  
98.56100552  
71.58203995  
74.6640215  
229.1560814  
106.4489151  
262.5161054  
661.6632569  
251.6978008  
268.8217225  
51.72000629  
645.1820799  
20.9229414  
408.2720826  
177.8481472  
93.77091979  
42.78337478  
221.2848829  
217.0337827  
304.25223  
253.1988507  
38.52097272  
196.3617934  
93.41124309  
35.50420619  
154.2269713  
314.4672746  
700.5682839  
190.3663899  
55.09446986  
179.9655497  
298.4796762  
60.67954413  
125.8326227  
85.63062986  
63.55373443  
50.97376133  
350.5533381  
32.38943303  
76.00841571  
152.1411564  
169.7103066  
162.5462411  
428.6647522  
46.13651536  
255.960218  
38.87887944  
86.87268344  
25.37828947  
287.6277913  
161.1180323  
467.7411115  
106.7205695  
7.261633843  
71.32028624  
174.3942922  
83.74582243  
22.31901631  
11.57905552  
21.74677124  
82.33733666  
195.3101979  
35.78526325  
246.1351881  
87.69380168  
12.62390259  
158.0727549  
103.4874268  
130.3745838  
143.6218497  
38.21603668  
12.33557845  
37.92552614  
113.8504638  
37.7570602  
105.8277272  
15.22076394  
14.17260905  
32.62398852  
52.25542021  
73.05413158  
252.2083747  
113.7726757  
49.45703678  
49.72347178  
118.5657301  
76.89756447  
65.47702949  
114.4662139  
17.2286815  
2.519896902  
138.6099087  
17.66760526  
