-0.2459301346  
-0.8985923627  
-0.3796434026  
0.9852897707  
1.057971785  
-0.7246729275  
-1.163349004  
0.6161542766  
1.765343144  
1.033006789  
0.08817459171  
-0.9221143032  
-1.017219716  
0.2176577135  
1.686935438  
-0.1261725211  
0.05483860825  
0.7866277797  
1.119932871  
0.8139476491  
0.5939081559  
-0.5309835421  
-0.4966026237  
-0.2458776467  
-0.5361386976  
-1.221685872  
-0.6844874103  
-0.6248304389  
-0.1724957367  
-0.3652857085  
-1.100835013  
-1.336540975  
-1.165597387  
-0.04583602793  
0.1410162244  
0.2140187037  
-0.3936240227  
-0.6687124347  
0.5613309753  
0.2991882866  
2.016420463  
0.769912347  
-0.7402674587  
-0.6659946888  
1.051807052  
0.9762367573  
0.7385340852  
-0.4027671944  
-0.06370512791  
0.8392433659  
0.630924946  
0.7964685885  
0.04923283861  
0.8018340809  
0.618296673  
-0.7009706466  
0.2370512241  
1.205663787  
0.5931451475  
0.8566781937  
-0.06295626682  
-0.5052373566  
0.5173084114  
0.4480952679  
0.9359000786  
-0.08420416704  
-0.9002625598  
1.00253068  
1.506421505  
0.2800705091  
-0.448650975  
0.6021199192  
0.009539593777  
-0.3640019596  
-1.125150237  
-0.5142559602  
-0.4587596081  
-0.7452715563  
0.01545673777  
-1.075374536  
0.4334752739  
0.9203905293  
0.01355734632  
-1.267125334  
-0.01412671977  
-0.5314898655  
-1.127683972  
-0.808278174  
-0.4579827586  
1.111289093  
1.412169324  
1.68870304  
2.788176381  
-0.2784294573  
0.06816202125  
-0.7563724851  
-0.6019196099  
-0.6880124895  
-0.2358455932  
-0.70358745  
0.1869158282  
-0.4920139994  
-0.01941648733  
-0.2932325528  
-0.4295558717  
-0.9478384217  
-0.2155195963  
0.06554473974  
-1.100876028  
-0.376170374  
1.841050703  
0.1762091163  
-1.159810871  
-2.573238203  
-0.9856974971  
-0.1850458399  
-0.6673407208  
-0.9860024261  
0.7538841576  
-1.431021015  
-1.590728393  
0.8240002153  
-4.631197311  
3.215189359  
3.548599883  
-0.8803807452  
-0.5360342221  
1.464715334  
3.610043057  
2.294618158  
3.681628846  
4.385515403  
0.9757940641  
-1.455040026  
-0.4339128192  
-1.293577703  
-1.905397164  
-2.500262517  
-0.8174572162  
0.2697162294  
-1.010136037  
-2.370361364  
-1.860736364  
-1.164818716  
-0.5043230678  
-1.29835406  
-2.454461045  
0.06562184188  
0.857307249  
-1.048614889  
-1.203305264  
-0.5434390876  
-1.118586149  
-1.86397648  
0.1040409966  
-1.732497833  
-1.96254425  
-0.9810627969  
-1.752408189  
-0.06157875123  
-0.4223094032  
-5.417039258  
1.528729447  
2.243983026  
0.2131621888  
-0.4104737731  
1.07891191  
2.040338889  
3.887754332  
3.232186992  
3.626111952  
2.838486388  
1.509309368  
1.251990941  
2.048442012  
2.76336554  
1.097625924  
-0.2745671513  
0.3744562347  
0.7664575445  
0.2510191068  
0.1706752723  
0.448873627  
1.01023506  
1.792925224  
2.596149894  
3.942083401  
0.6632069452  
0.8955651788  
-0.7408749785  
0.1373185363  
-0.5951492539  
0.1356465152  
0.2652071785  
-0.9700884  
-1.49125461  
0.8731985859  
0.8742265396  
-0.8763532597  
-0.8153430888  
-0.4024150989  
-0.2824889664  
-0.09647337209  
-0.217580427  
-0.2270092619  
-0.9817381868  
-0.5392649927  
-0.6406315596  
-0.8582356066  
-0.9881343923  
-0.1435357035  
0.02877918632  
-0.9347433439  
-1.698898518  
0.5085382764  
0.9502210198  
-0.626056884  
-1.581327864  
-2.013708442  
-0.3378967792  
-0.0005878937975  
1.66551932  
4.843626757  
-2.420406495  
-1.317184856  
0.2095351713  
-0.2338483414  
-0.3917812446  
-0.06903933404  
-1.841087517  
-1.873696036  
-2.119997009  
-2.322704531  
-2.104621683  
-3.095941323  
-2.615943279  
1.514095132  
0.06360769361  
4.622163751  
5.514566758  
-0.07771113518  
5.368230154  
8.672283799  
7.188579124  
1.052164535  
-0.1424602514  
-0.7377812692  
-0.5734967927  
0.001936663672  
-0.02970780622  
-0.3160649453  
-0.366485319  
-2.763443437  
-1.794886079  
-2.11394275  
-2.232601086  
-2.112505054  
-2.67390441  
-3.778045426  
-2.257722622  
-2.093528758  
-2.024103864  
-1.444371123  
-3.916544568  
-4.086674305  
1.620925375  
1.359719493  
0.9121067967  
0.9270443832  
-0.178961923  
-0.5113578818  
0.7253527276  
0.564444237  
-1.070708397  
-0.4624317074  
2.202021955  
6.603380618  
-0.01285952517  
-2.687544153  
-0.9603312087  
-1.249636172  
-2.035305347  
0.06774341448  
-0.2649899372  
-2.015292454  
-2.458286377  
-1.233882847  
-3.438247523  
-4.333875642  
-1.198709995  
3.196034548  
5.018300751  
6.433908243  
2.264191329  
1.925500523  
0.3588244664  
1.148161071  
0.7171765486  
-0.9774091224  
-0.6421262833  
-1.319639765  
-0.9398485348  
-0.8633538442  
0.7890046825  
-0.1089644476  
-0.5786609117  
-0.08815680715  
1.464632612  
1.654757467  
0.02898084022  
0.909400938  
0.2906287412  
1.010710741  
-0.393891501  
0.5126023644  
-0.03595171998  
0.4262952918  
0.7554013207  
0.1391480682  
-0.7485676097  
-0.6459493115  
0.5283171353  
0.7566288349  
-0.4156276516  
0.3893952763  
1.757370124  
1.118712292  
1.74735942  
1.629958219  
0.6885247963  
1.389467208  
1.645561054  
1.172081128  
0.8052481873  
1.287083799  
0.5255139898  
1.385403854  
-0.1862286243  
-1.997595301  
0.2731171811  
-0.9015418798  
-2.229986868  
-2.187579311  
-2.832075312  
-2.008894035  
0.1467240951  
-0.9626530935  
-1.873190026  
-0.4201546368  
-0.1460691002  
-2.051253924  
-0.6004256257  
0.5324084778  
-0.2308302351  
-0.3369098662  
1.478297576  
-1.030210413  
-0.536508442  
-3.57581087  
-1.674040803  
-1.10979307  
-1.50091388  
-1.485510666  
-1.402934281  
5.782995577  
0.3970064723  
1.452071672  
-1.96402181  
-1.735629735  
-1.637121992  
-0.7382732776  
3.249211412  
5.268203884  
2.400696169  
5.098121869  
5.262765131  
11.23760658  
4.031990872  
1.661233439  
-7.18375905  
-7.895317679  
-3.606515851  
-1.335906163  
-4.326416372  
0.4271932723  
-1.707906189  
-1.465559729  
-4.234693003  
-2.929660097  
-2.909492075  
-2.793345975  
-3.841393269  
0.2898948834  
-0.3405848127  
-4.102667307  
1.066292606  
-4.138237151  
-2.346550284  
2.513614049  
2.106437555  
3.145206815  
-3.629027755  
-4.335518866  
-2.207892176  
-1.292137428  
0.1194326987  
0.3133717117  
-0.4174738563  
-1.455823213  
-1.988373715  
-0.9751222403  
-0.7827446438  
0.6741156519  
-1.093800587  
-1.37644464  
5.447594606  
8.350541229  
5.673159151  
7.827863232  
2.962330758  
3.970465651  
4.663817227  
1.979136887  
0.2989962483  
-3.562322916  
-6.517251733  
-6.855751997  
4.564852542  
4.785587695  
3.264009326  
0.01229033956  
0.3397193437  
6.804341629  
5.630378945  
-3.24981756  
-5.587448057  
2.029500069  
1.376524657  
1.849430282  
-0.3858024663  
-2.614471193  
-0.02307182983  
-4.7677322  
-2.232877836  
4.444854223  
2.184371557  
4.266703008  
2.953937801  
-0.1459286687  
-0.1132484641  
0.03792735235  
0.1170351013  
-0.101610847  
-2.38321487  
-1.706011859  
-0.4433697424  
0.9928920928  
0.08104320193  
-2.931907513  
-0.6529339738  
0.9766561335  
-2.075564993  
-3.23077596  
-2.619989241  
-0.2875686666  
0.3277093811  
0.1757694744  
-0.7096816714  
0.2650444959  
0.4173461223  
-0.7330647852  
-1.577882393  
0.4556793536  
-0.9482897288  
-3.61919064  
-1.946808837  
0.9318207231  
0.3561455421  
0.2293808524  
1.987722359  
-0.2621187502  
-1.461188173  
0.4354765243  
0.8964490199  
2.700539472  
2.196461208  
-1.384410306  
-3.524303805  
-1.29180083  
-1.30791173  
-5.753649412  
-1.343088486  
4.867894267  
-2.678733941  
-0.6090371752  
2.38160487  
2.784370084  
2.75762495  
3.492571345  
3.405769789  
2.980299861  
3.61844651  
2.662710057  
2.596102233  
2.916176746  
0.8275544313  
0.523141023  
2.930556657  
1.50075303  
-4.4417772  
-1.394392442  
-0.2999925292  
0.4255794852  
0.4377665715  
0.8485921846  
1.721632236  
-0.5034231342  
-0.1958257447  
3.759667058  
-2.863514627  
0.9019506608  
-3.505378899  
0.1861051444  
4.321368472  
1.475216711  
-0.9506142194  
-5.717834461  
-2.502508217  
2.483674409  
-4.687888212  
-4.251973758  
0.2090330943  
1.45087051  
1.786612186  
1.592975931  
-1.349742211  
-5.510282708  
-4.116413925  
1.020529422  
1.53766459  
-0.4587967436  
-1.28525835  
-0.09722949606  
-0.5751707498  
-3.968932157  
-1.442754836  
1.403844593  
1.267609358  
2.979943241  
1.928853323  
-2.062173541  
-1.737426814  
2.330901718  
-1.817253682  
-3.748342546  
2.3915786  
6.583356534  
-0.5331457126  
-4.921880264  
-0.172310002  
-2.016113059  
-4.00916971  
-4.676508817  
-2.434029449  
0.1730284773  
1.51129201  
3.614681783  
-1.2867649  
-3.115951386  
-2.642975053  
-3.083372821  
-0.5614402109  
2.626238087  
0.2123900184  
-2.162859621  
0.9194824734  
-0.2436367599  
6.470016444  
3.645967332  
1.149393617  
1.50368577  
1.34329512  
0.5084261468  
2.027953849  
-1.555841636  
1.49135188  
-0.1283096152  
0.8979015052  
-0.4083252867  
-1.70383386  
