-3.856711755  
-2.177768169  
-0.1187342161  
-0.2872990535  
-0.3456574821  
0.7444887258  
1.430767049  
3.36975644  
1.09207962  
-1.417883291  
-0.2544957536  
2.388094106  
2.881841481  
3.114847637  
1.278838754  
0.3633038655  
1.920098238  
2.635258294  
0.5802370601  
-3.466829391  
-4.013931193  
-1.243368994  
0.3672934021  
-0.9709113171  
-4.182741576  
-4.434022472  
-0.8315588392  
0.8610896218  
0.0693788052  
-2.093984391  
-2.045317702  
1.437481365  
3.007799649  
1.676121357  
-0.1045331261  
0.6799295412  
1.736013045  
1.36389325  
1.04495692  
0.3455289024  
-1.925748858  
-1.825469098  
1.371601454  
1.951715128  
1.328102757  
-0.2506167584  
-0.8263679391  
0.9135338958  
1.487482533  
0.974398128  
-0.3060423696  
-2.134891666  
-2.995882201  
-1.837027916  
-0.888097936  
-0.7968141781  
-0.997376201  
-0.7829959156  
-1.181443912  
-1.287992074  
-0.1209801538  
0.2117687091  
0.7128245255  
1.076433812  
-1.689504593  
-1.747674375  
-0.5727545818  
0.5520661447  
-0.9115966261  
-2.161894382  
-2.144866953  
-3.152807577  
-4.84158647  
-3.190829944  
-1.36687457  
-0.6940962349  
-1.059245802  
0.3258032378  
2.206917545  
3.421780582  
2.839074673  
0.4443701229  
2.28653267  
4.111983206  
1.665752066  
0.3819015043  
2.674665546  
4.119235691  
3.872485487  
5.865743525  
5.355311976  
1.722188085  
-1.549909748  
-2.740977457  
-3.18622931  
-2.667674755  
-1.981026516  
-3.68521056  
-3.147455129  
0.1214183673  
0.006493376773  
-1.645405668  
0.9040295661  
2.293009367  
1.236707366  
-0.3663606554  
-1.211547688  
-1.172366149  
0.5882292213  
1.57263008  
0.1134002554  
-1.727010368  
-0.207146082  
3.218355138  
4.264103038  
2.422236244  
1.80636444  
3.736521373  
4.151388467  
0.4418400549  
-0.987624918  
0.7405813053  
1.557824324  
1.78023563  
1.369380604  
-0.5572438329  
-3.041297668  
-0.9952964771  
2.503694529  
4.256627861  
3.031662307  
1.910700746  
-2.90301851  
-9.458382078  
-8.633070463  
-5.756314053  
-1.900031895  
2.781993748  
2.607021591  
2.678985986  
2.807051324  
1.619056011  
0.2357854481  
3.762244623  
1.321521304  
-0.1439080385  
0.8314080644  
0.7721926772  
-0.5304083999  
0.1795049862  
1.436281349  
-2.388950959  
-2.421788877  
-1.915846257  
-3.267675785  
-2.370698158  
-1.578248776  
-1.245925327  
0.1950788215  
-0.3128395741  
-0.4353886833  
1.247066667  
3.253975714  
0.7438286578  
-2.720818565  
-4.067250433  
-2.402559023  
0.5077502167  
3.375225133  
4.433413559  
3.599700316  
0.7190284867  
0.18653816  
1.74215643  
1.392321529  
-2.609440954  
-2.715771732  
-0.346135839  
0.6694250629  
-0.2351921933  
-0.6998358222  
-1.572404384  
0.7942852665  
3.019852196  
-1.375024137  
-1.322195094  
-0.9229173848  
-6.603639782  
-6.923946314  
-6.684351164  
-5.88812223  
-2.337817097  
-0.998029197  
-1.51255393  
-2.697555708  
-1.798050942  
2.715642106  
4.059569794  
2.286367809  
1.418348295  
1.637268261  
2.684760413  
2.268743644  
0.5672978276  
0.8034145983  
0.1076294079  
-1.800263595  
-1.178666023  
-0.3324750242  
-2.043962739  
0.9440363602  
0.939712286  
-1.199569399  
1.020774161  
1.827824643  
2.024204913  
1.566060928  
-0.5669440092  
2.066136775  
4.537592365  
2.414976675  
1.814284592  
0.7682060891  
1.189320139  
0.4922220253  
-2.307990057  
-1.355486753  
-1.920640419  
-4.117100516  
-2.158450233  
0.1635549485  
-0.1939047899  
0.03850358531  
0.8546837443  
1.982742663  
5.15739369  
4.685074261  
1.90334591  
1.513496947  
1.445949181  
2.674109747  
-1.892940189  
-1.407388799  
-1.256370075  
-0.538107617  
0.2897597715  
-1.202902954  
-0.9150958833  
-0.352204218  
-3.573272516  
-2.96469239  
-2.388037491  
-1.985462018  
-3.634036314  
-2.057414299  
-0.2138082864  
-1.631076997  
-1.71330158  
0.4480859756  
1.815630175  
0.6813817556  
2.423627644  
4.087099676  
3.00034564  
2.65477304  
4.031465292  
0.8208348537  
0.0477310554  
-1.783309987  
-0.8147255942  
-1.54673327  
0.7485107656  
-1.499194419  
-0.1323834999  
0.721260755  
-0.2001576055  
0.7022700277  
0.2432299493  
-2.632837723  
-3.005495043  
-0.8508216936  
2.981026098  
2.870770462  
-0.01410207812  
0.1054470963  
1.248284854  
0.15195147  
-2.215048248  
-0.8321340418  
-1.185825611  
0.2761472036  
1.59487421  
1.556002719  
-1.374167749  
-0.1850359039  
4.261803472  
2.362950636  
0.7148085855  
0.002599482774  
-0.4948725826  
-0.9187423474  
-0.7803050126  
-0.6579838351  
-1.001243047  
0.01925610283  
0.3603635929  
0.9201050561  
0.4359857435  
-0.1587396844  
0.2680004922  
-0.05747747358  
-0.556987389  
0.2303075123  
0.1231452702  
-0.9277741689  
-1.443332514  
-2.967201804  
-2.539244885  
-0.7124584803  
-0.09964377505  
-0.4997886819  
-0.6867271097  
-0.7873851097  
-0.8712401952  
-0.8248635243  
0.1044119424  
-0.9094507631  
-1.026572529  
0.1368753287  
0.563281397  
0.03426003644  
1.302900259  
3.189529255  
3.436243894  
2.602653913  
1.366385137  
3.254357657  
6.702389363  
5.556679099  
1.804521186  
3.63560597  
3.809470579  
0.9370480102  
0.2986549483  
1.083532763  
0.2222662664  
3.463237254  
3.645209014  
-0.3503173911  
-0.6953171872  
1.381493604  
2.581643887  
-0.690766869  
-1.615558059  
-0.8579354455  
-0.1727415066  
-0.8150230384  
0.04022123419  
2.281618228  
2.899326227  
2.78836771  
2.581730326  
-0.02003088811  
2.143350357  
3.147342386  
0.2624158956  
-2.630781863  
-3.051607918  
-3.156587048  
1.144927688  
1.778299363  
4.682831806  
6.067683341  
7.100684804  
4.259469886  
3.747900411  
1.194445357  
-5.763029734  
-8.974755363  
-11.89790589  
-9.237613845  
-5.396188824  
-5.490380952  
-4.777553277  
-3.283471749  
-3.715718475  
-4.897249446  
-3.672459914  
-2.974347494  
-3.178546573  
-4.114837587  
-3.973412897  
-3.761887183  
-3.42917937  
-1.563108328  
-1.695935747  
-4.768956273  
-3.516060439  
-1.808707599  
-4.418903479  
-4.018665314  
-3.10424071  
-3.375756791  
-0.0582263446  
3.595889727  
0.8954992407  
1.396117318  
5.118397221  
5.751583076  
4.141750968  
6.022963904  
6.77656741  
4.629045136  
4.273017097  
3.386438565  
-0.9405146122  
2.897883174  
10.02785777  
7.665105368  
3.096132998  
2.528812487  
-0.2284487917  
-7.031371405  
-9.8720178  
-5.744004737  
0.02933988978  
1.621236214  
1.75890278  
0.004792273508  
-1.513342799  
-1.386387265  
-2.357462107  
-2.882133203  
1.76987725  
5.518369318  
4.553210742  
5.064257231  
6.808561294  
-1.332692865  
-5.466564754  
-4.399596573  
-0.7734673923  
-2.855566245  
-3.200000302  
-4.556345785  
-5.625831025  
-5.376518571  
-9.492435334  
-9.167694444  
-5.739423828  
-4.599659666  
-6.909470904  
-4.760362043  
-0.4948122748  
0.2935493923  
-0.8572975887  
0.2053158385  
0.9874163527  
-0.8009901525  
-1.764820622  
0.3990438741  
1.831112055  
1.360498892  
0.7957500584  
2.131380982  
2.288708151  
0.9191179122  
0.3530004034  
0.09246951903  
0.5444454834  
1.586151885  
3.82212417  
5.648264628  
1.464176131  
0.0296616425  
3.300015306  
1.190874811  
1.756886532  
4.606573422  
2.857167757  
3.178386417  
4.672907111  
3.803222919  
1.172592992  
-0.0345099199  
2.850390894  
5.541050739  
3.717795869  
2.414345223  
0.4404819444  
-3.369332749  
1.087987129  
-0.2317026041  
-0.153103571  
1.651383095  
0.2347860796  
0.0171124585  
2.658714834  
4.327430148  
1.230453146  
1.219646552  
-1.685594396  
-1.484892827  
-0.192479222  
1.110339625  
-1.380899813  
-2.62050271  
-0.5198267835  
0.5204335887  
0.7346761113  
0.2096741264  
-1.083512752  
-0.276816012  
-0.3869991773  
2.652708786  
3.737759079  
6.624788321  
4.626162096  
4.257836323  
3.272924708  
1.728370424  
-0.004793087699  
1.596596154  
2.315194566  
-3.047360811  
-2.762147576  
0.01228463655  
-0.4286568826  
-1.977915327  
-1.993750923  
-1.010962366  
-3.391797514  
-3.350732986  
-0.2141931484  
-3.501562659  
-4.253218768  
-0.672541611  
1.991057149  
-2.448102448  
-3.496443206  
-1.633278013  
-1.351246828  
-4.37979692  
-1.552372183  
2.116177012  
1.044278849  
-0.1001015638  
1.821226747  
3.075575058  
-1.767775703  
-3.563075772  
-5.141062153  
-6.371585896  
-4.933460356  
-2.47127306  
-1.659987987  
-1.792105531  
0.6211255669  
0.9777978499  
0.4482484527  
-0.5953973625  
-0.5742551954  
-0.3924570454  
0.4979581009  
-2.690698334  
-1.921542306  
0.7907890156  
3.594408245  
3.92804479  
4.718431561  
1.736202702  
0.3588429366  
-0.6010007997  
1.789741886  
0.3563753787  
-0.3168983389  
3.427703666  
4.524319903  
1.16802277  
2.245629954  
1.770411288  
-1.691534277  
-2.245475691  
-5.039367525  
-1.590814816  
-2.261210396  
-0.6571204394  
-1.287029172  
0.2150504486  
2.967549527  
