-0.9541405524  
0.1538924307  
0.9423058994  
-0.5503824787  
0.3294498858  
1.006674159  
1.146439591  
2.281032387  
0.6271478813  
-1.249017025  
0.5978726749  
1.579519774  
2.275399113  
2.281377384  
-1.873721751  
-1.053886566  
2.014209467  
2.223724316  
-0.5514451682  
-2.297442822  
-3.211995874  
-2.142301678  
-0.1131353966  
-0.2301419565  
-3.713278029  
-3.597497937  
-0.366374789  
0.4698232268  
0.5524467794  
-1.656294972  
-2.399878391  
2.184005064  
1.819048936  
0.5131875596  
-0.4607982362  
-0.443598425  
-0.6382405384  
0.9729553611  
0.2082503162  
0.32365188  
-2.473859445  
-1.748763263  
-0.814474596  
0.744612766  
0.425071872  
-0.6891968169  
-1.42559941  
-1.448998296  
0.4620308129  
1.236807833  
-0.01776597325  
-2.187440034  
-1.527782404  
-0.3270356712  
0.5193382712  
0.5593793365  
0.9295197778  
-0.7635303284  
-1.449515767  
-1.470029841  
0.4044630001  
1.962230105  
0.8519596239  
1.145668694  
-3.371536104  
-1.592408686  
0.6022552137  
0.2065026179  
-2.534182475  
-2.494905291  
-0.8211393128  
-1.477105697  
-3.875085776  
-2.452451228  
0.09034170366  
-0.0577319367  
-1.217726151  
-0.6907478633  
1.577304955  
2.489841963  
0.5968827737  
-2.033350236  
1.044364179  
2.36478329  
-0.4115034182  
-0.8851846597  
2.979245967  
3.467578744  
0.5455652275  
0.9839417603  
0.8609451586  
1.673435438  
0.1989915014  
-3.049187756  
-2.454140564  
0.0286770524  
1.079806684  
-2.414773258  
-2.023140837  
0.9298860258  
0.6106077454  
-0.05266776898  
-0.1346855769  
0.1498663789  
2.548955691  
1.758584101  
-0.4642506379  
-0.9905818726  
0.9102811593  
2.096715541  
1.277340488  
-2.398075047  
-0.8521543978  
2.512950282  
4.24864024  
-0.1486219419  
-0.329421434  
2.489618543  
3.024090792  
-1.474898735  
-0.9901158102  
-1.958743319  
1.998959626  
1.993220211  
1.868428706  
1.48583685  
-2.445265014  
3.974574063  
4.674764614  
4.256946241  
5.107468125  
3.963309647  
2.942274129  
-1.348641232  
0.5410230695  
-0.7024283591  
-0.440345894  
1.53385705  
1.618302644  
1.36755109  
2.585573947  
1.737865667  
0.04849323605  
2.910863865  
-2.009418818  
-0.8237953486  
-0.158708269  
-2.215353903  
-1.766241071  
-0.5880469539  
-1.616276078  
-2.635274994  
-1.229791745  
-1.38842834  
-3.041139371  
-0.9761748862  
-0.998921614  
-2.994106403  
-2.013736989  
-0.7759825191  
-0.3087628787  
-0.08923355356  
0.003284678425  
-0.8341261805  
-2.681947699  
-3.59845624  
-0.5157906822  
-1.759262496  
-0.9640068456  
-0.01187666579  
0.518278386  
-2.635657092  
-1.440609233  
0.07361313489  
-1.236594816  
-3.433480842  
-2.432379307  
-1.554658778  
0.02266797989  
-0.8535541088  
-2.533549264  
-4.031761523  
0.4182942822  
-0.8138600942  
-1.453047174  
-1.918425561  
0.8488517005  
-1.703334578  
-1.828049306  
-1.504984312  
-2.104029199  
-1.423513424  
-0.9470449032  
-1.643354274  
-1.928874038  
1.886871179  
6.601944653  
2.211623852  
2.635461934  
0.9773518364  
-0.9413311647  
1.773467609  
3.862521454  
0.3062622022  
1.620706666  
2.95666521  
0.08969947457  
0.4004093245  
2.371255554  
-0.7895369721  
1.816390314  
0.8675139183  
-0.8698723964  
2.190281736  
0.6117825488  
1.025160341  
2.319015252  
0.1631461136  
1.442809021  
2.646940615  
1.564423384  
3.379522842  
3.066142435  
2.119918015  
1.976159401  
-1.591484785  
-1.017384219  
-0.5641248741  
-2.736734899  
-0.6939156633  
-0.8727398523  
-1.242801176  
-1.148101566  
1.133228972  
1.826668849  
2.432996281  
0.08956453873  
-2.948748598  
-0.1996377257  
-1.962206564  
0.9259628584  
-4.204517199  
-0.2295433878  
0.6315611937  
1.342427884  
2.54848127  
-0.2388515363  
2.064176569  
-0.1636651627  
0.004922536766  
-0.7378512728  
-0.3819043772  
-0.5101318602  
-2.949565505  
-1.78856724  
1.342095215  
-1.78596312  
-2.545413156  
0.7198874599  
1.059652535  
-1.463670375  
-1.014275751  
1.787206393  
1.242206834  
3.952386888  
0.552060705  
-2.101975352  
3.951974835  
1.440568044  
1.851462958  
0.5516144716  
1.709007427  
-1.83169196  
0.6864493048  
1.399656002  
-0.2830800713  
0.3383147079  
-0.5540548011  
-1.242613884  
-1.679808795  
-2.811907461  
-1.044510751  
0.466077052  
-2.310833035  
-1.740165672  
-1.279797858  
-0.7119778101  
-2.725260704  
1.220098745  
-1.453133159  
1.468198936  
2.586362617  
4.119084214  
0.7655103296  
0.5346229552  
2.374530948  
0.7010725165  
0.9556577498  
-0.9819597771  
-0.8613733848  
-0.3530666094  
-0.0970418384  
-0.8612437001  
-0.95039676  
0.5226888935  
0.1671719135  
1.335096687  
0.146834782  
0.6507511094  
0.8404721194  
0.3994103251  
-0.5079369036  
0.4667749898  
-0.2379349158  
-0.3556299963  
-1.261896231  
-1.517570433  
-1.432965489  
-0.4844966231  
0.1120892589  
-1.087070498  
-1.048385279  
-0.9016324299  
-0.9869630416  
-0.2468974542  
0.9903046945  
-1.906386253  
-1.325045903  
0.3700708393  
0.2624908623  
-0.4557221257  
-0.549392756  
0.6061620068  
2.140813486  
1.828679288  
-0.05854440651  
3.863649882  
6.990912666  
6.066201171  
3.103328011  
4.734647695  
3.746916907  
3.066190929  
1.564836783  
3.849407409  
1.398388177  
2.36687455  
4.48040819  
0.07996821821  
-2.400318915  
0.2634334827  
0.4359498561  
-2.485612946  
-1.217319123  
0.7007178661  
1.374602822  
-0.01898718538  
-0.5573914578  
-0.05389194827  
-0.8317089116  
-0.7142476991  
-1.049764887  
-1.664438042  
0.4512040441  
0.2006499934  
-2.641226661  
-1.100237233  
0.2668356734  
-4.328100705  
-0.7728983117  
-2.126090367  
6.421929812  
3.984469814  
0.6258564835  
1.726012095  
-1.088395975  
-0.6495652934  
-1.093731458  
-3.375503025  
-3.445795126  
0.02361049821  
-1.817435335  
-1.771225796  
-1.092909296  
-3.549221167  
-1.961354696  
-2.741697817  
-3.337465284  
-1.074823653  
-1.831347391  
-3.750366159  
-2.840559308  
-4.228218433  
-1.399316345  
-2.355000203  
-3.930236654  
-2.651036216  
-3.102476151  
-3.15338113  
-3.775502296  
-0.5366438683  
-2.533165694  
-2.053827496  
1.015189822  
7.101268214  
1.805542483  
2.538091372  
1.818296558  
0.5427727887  
0.8042897482  
2.815825037  
3.325479109  
0.3398911643  
2.295074227  
0.9808588649  
-8.390231955  
3.066358389  
4.754326142  
3.704225384  
1.128651134  
1.467000708  
2.055577963  
-2.773554076  
-4.965273588  
1.318243694  
-1.407312817  
-0.07603812579  
2.426321938  
2.092017496  
2.400740744  
2.289086458  
-0.07552476612  
1.682508365  
3.18155231  
0.5598323978  
2.419486658  
2.89616799  
4.883729308  
-2.323788864  
1.674169141  
0.5869143091  
-0.2717143336  
-0.2349585647  
-0.7615453509  
0.7450557742  
2.008891765  
-1.537387717  
-4.150524743  
-1.2924179  
-0.09789980005  
-1.261858082  
-3.260165357  
-0.8699529992  
-1.967768603  
-0.08457163902  
0.3825198037  
1.949271077  
0.9459563856  
-1.283756629  
-4.487023  
-1.233049075  
-4.798964731  
-2.578445891  
-2.647781761  
-2.155757548  
-1.226952934  
-2.364661242  
-2.521627088  
-0.6722347762  
-4.21655494  
-0.8513225096  
0.05325081373  
0.1558307692  
-1.800489248  
-1.385656635  
1.477016316  
-0.9536056851  
0.03294375619  
-0.3522644552  
-0.7215850446  
0.768623185  
1.157016371  
0.8245955489  
0.1335804963  
-2.300454317  
-1.022871235  
4.043948182  
3.217777198  
0.9547383935  
1.42536866  
-3.356050758  
5.001604143  
1.792307576  
2.601331873  
-1.050936683  
-0.8613918476  
-0.3658255526  
0.4362354591  
7.096606761  
3.790752883  
6.127047296  
1.787375564  
1.479717563  
1.481992008  
1.680991022  
-0.2210417818  
-2.365693279  
5.920974417  
4.064183359  
1.959982742  
1.679967059  
-0.4503485743  
1.551032392  
-1.935515064  
1.788380072  
0.4997013833  
2.265953205  
0.1362705382  
1.683555253  
2.17775012  
0.629627181  
0.553923157  
-1.037452816  
2.450532786  
0.2054245191  
-0.005299947312  
0.07818754784  
-3.085353264  
-0.6800215661  
-0.06728017743  
-0.4250793474  
0.05999947796  
-0.6922134025  
0.6437668486  
-2.763217304  
-0.7218089281  
-0.2146025635  
-0.3563934401  
-2.25321688  
-1.279351283  
-1.648333234  
-1.47082748  
-2.894884581  
-0.6398160663  
1.175072427  
-1.706688385  
-0.2012994396  
1.093138015  
2.844122663  
1.2366662  
0.1797651745  
-2.809021217  
-3.168969838  
-0.3289243382  
-2.326440984  
-0.6695883793  
-2.902715963  
-1.038224709  
-2.354863697  
-2.35532555  
-2.758469299  
-5.921774246  
-2.130174215  
-2.818808404  
-4.516366675  
1.137515712  
-0.9463802396  
1.695579032  
0.1142723288  
1.010565899  
2.711497287  
1.95301155  
-1.011687774  
0.4142512872  
-3.940076214  
0.1746768602  
2.347406751  
1.926810929  
2.206033545  
0.3207871278  
-6.451815868  
-4.159716703  
-1.084497601  
-0.03897651172  
10.85686161  
3.88607984  
2.716454692  
-9.235064928  
-0.8605367475  
8.998207192  
