-0.2818603199  
-0.8543588868  
1.598312103  
0.5403828259  
0.4939695736  
-0.9581935938  
-1.554014593  
-0.982721042  
2.510038027  
0.6909896736  
0.1384676875  
-1.393191792  
-0.9922153666  
1.79400579  
1.299303569  
0.6975860433  
-2.217941573  
-1.231416173  
-0.2379370419  
0.7264503317  
-0.2616980734  
-0.3360342531  
-1.833127751  
0.02458889111  
0.2934540299  
0.3998710235  
-0.7395672074  
-0.4023870967  
2.364179477  
1.840422833  
1.866943662  
-0.001309789737  
-1.419302552  
0.2466702584  
2.693065299  
0.3549495233  
-1.287928885  
-0.631215547  
-1.834749561  
0.1959549494  
0.5408242357  
0.8721046029  
-0.7248452272  
-0.5136226496  
-0.9072848856  
1.534291135  
0.8492421519  
-1.541567549  
-2.089215883  
0.6882284229  
-0.2640909917  
1.906842116  
0.06467728193  
-1.874040902  
-1.17923278  
-0.3035556701  
0.9814068772  
0.6679617388  
0.2042508073  
-2.141048125  
-1.684883439  
-1.546684076  
-1.739028465  
1.600305444  
0.938470379  
-0.3765099086  
-0.697802948  
1.002027609  
-0.1697139666  
-1.0557737  
-1.650722219  
2.685803298  
2.119766495  
-0.1970885545  
0.6014206584  
1.279726082  
2.455106833  
1.965051214  
-0.4102345532  
-0.297974755  
0.6090236305  
2.848824319  
1.103836724  
-0.9428269043  
2.023633524  
3.279475246  
-0.2982223053  
0.3972676742  
3.344310475  
1.721062245  
-1.800762966  
-2.936160141  
-0.3176384114  
-0.1149285895  
-1.328345553  
-0.2952072776  
-0.7720992428  
-0.03371313162  
-1.502274814  
-1.952922856  
-0.5389010543  
0.8185985875  
-0.3513081623  
-0.8247395169  
-2.144151743  
-1.035136541  
0.5696199833  
-0.2925323152  
-1.044143339  
-1.563507984  
-0.9527505548  
0.8673380672  
-0.253314707  
1.190801789  
-0.3090964213  
1.034359834  
0.1255165934  
0.3150655053  
-1.701682107  
-1.11730987  
-1.383402882  
1.643146735  
0.515426794  
1.219526842  
-1.738514368  
-1.064733855  
3.088113119  
-1.402026047  
-1.337837672  
-1.437845724  
-1.32258285  
-2.934177782  
-3.325838325  
-1.519014329  
-2.12569108  
1.918222582  
-1.108966448  
-1.74970524  
0.8276779429  
-0.9591641149  
-2.869568943  
-0.6189473837  
-0.9274432671  
-1.854723606  
-0.1192130942  
-0.693770349  
0.1575232801  
1.329733211  
1.250940322  
0.3657811339  
0.3938024873  
1.75362601  
-0.2433660325  
1.217702592  
-1.008302845  
-0.6827380076  
0.2508851683  
2.360746238  
2.435937121  
0.7379754754  
-0.02745312148  
1.246657684  
0.2679701724  
0.4240709825  
0.4924652396  
0.681609494  
0.8854971681  
2.867518684  
0.3791864652  
0.93606992  
2.666434269  
1.509303542  
-0.6111408738  
-0.5831912093  
1.755436764  
1.127833447  
-0.0863185825  
0.2485361353  
0.6430238804  
0.8351039454  
0.9391816728  
3.371839335  
3.148541365  
1.681341272  
1.584782348  
-0.01052473307  
-1.003935593  
1.779765252  
1.662601321  
2.099474823  
0.4494081048  
2.123273837  
1.10982385  
2.148367198  
1.5948754  
1.463745582  
-2.668804794  
-1.513989903  
-2.591701564  
-1.211266748  
-1.14444874  
-0.9508329237  
-2.385881902  
-0.8178905016  
-1.722778073  
-1.772357436  
-0.3161129214  
-1.481438268  
-0.912337285  
0.9473753287  
-0.7571292679  
0.5149155591  
-1.193070343  
-2.036651561  
1.887922961  
-1.755043035  
-2.695415007  
0.5986299175  
-0.5517690753  
-0.9554242396  
-0.1000182829  
0.1460014016  
-0.665062464  
-2.185233131  
-3.031908626  
0.3380221476  
-0.3494585548  
0.6887268342  
0.4340298627  
-1.164609652  
-0.9052789765  
0.4386312129  
1.553798301  
-0.5592313149  
0.7900876449  
0.1401946707  
-0.4409741756  
1.809798066  
1.44596187  
-0.2428098802  
-1.167587165  
1.02548705  
-0.2689611256  
0.07388420039  
0.3622380369  
-1.513385521  
-0.4346463007  
-0.5691208406  
1.464819476  
-1.01041525  
0.8385764276  
-0.1167018765  
-0.4186088899  
-0.2893105085  
0.726019412  
-0.3976712459  
0.9130151156  
-0.8788524586  
0.5592741666  
1.927213484  
2.376853341  
0.7258982815  
-0.9961889152  
0.4080188283  
-1.770737751  
-0.7203965029  
2.565785287  
-1.947970834  
-2.11983825  
-0.2401201309  
-0.5529860092  
0.830062134  
1.086290141  
-0.977946828  
-1.874322725  
-1.602178151  
-0.9486042588  
0.2333044698  
-0.2818936125  
1.891268731  
1.548311752  
-0.1090103407  
0.7121181142  
2.628267631  
-0.6860709263  
-0.5799161785  
0.3046919043  
0.9065313106  
-0.2710159121  
0.4026067138  
-2.425550307  
-0.4248347668  
0.02349919536  
0.3840383295  
0.4451567711  
-1.230410604  
-0.4418833513  
-0.4814961897  
-0.1075452605  
1.230301579  
0.02634007085  
-0.04069128311  
1.697912188  
0.1896838335  
-0.7571244174  
-0.5789992137  
-0.2573220536  
0.6934733796  
-0.734613496  
0.3972189659  
1.576757007  
1.562952663  
-0.5719517049  
-0.7059668062  
0.2169390921  
-0.1691389916  
-1.279824811  
-0.9263835542  
-0.2598601947  
0.9276347548  
2.083442297  
1.876683653  
1.611114607  
1.116836336  
-1.380357805  
-1.077791082  
0.2305852644  
-0.7923973376  
-0.6080978284  
-0.4292328549  
0.2579842284  
1.498253333  
1.086896811  
0.235867987  
0.7840526674  
1.903367491  
0.8753127855  
-1.385367935  
-2.718254222  
-1.303286639  
-2.418846195  
-2.076857921  
-0.3577664821  
-0.8704788667  
-1.304832343  
0.7036021229  
-0.03917734583  
-1.607849166  
-0.2074961829  
1.057783897  
-0.3338657262  
1.144181234  
0.3670819879  
-0.9393434842  
-2.045009612  
-3.19543103  
-1.033225965  
-0.1610235667  
0.4901000218  
0.483329336  
-0.5499939935  
-0.20220613  
0.2107765514  
1.212812639  
-0.4525296442  
-0.2414855031  
-0.5641016702  
-0.6936427553  
0.6919198582  
0.5132768081  
2.205438656  
0.9657808019  
0.08294499862  
3.292360003  
0.3021622176  
2.798432173  
-0.7862475109  
-0.9075849113  
-2.044912575  
-1.012274779  
-1.412115979  
-0.6569313824  
1.036427131  
-0.7900480635  
0.4606842538  
0.1525451975  
2.340197269  
1.660980221  
1.359109578  
0.5920863605  
1.408953357  
0.3237386214  
0.3155773497  
0.1695417547  
0.6357566077  
0.900116781  
0.1493082453  
-0.4081443036  
-1.475333411  
0.4114001778  
-0.4444083096  
-0.5331864991  
0.08486612028  
-2.52544196  
-3.735692231  
-1.245975306  
1.051199892  
1.560387956  
0.9429369205  
0.3825383363  
-0.8955817305  
-1.49037588  
-0.794183564  
-0.8712497795  
2.242162839  
6.967667675  
1.188770379  
-1.236973743  
-1.255287088  
0.9752409075  
0.4120319596  
-1.548405004  
0.4417377342  
1.218693904  
0.2820375877  
-0.05537389307  
0.5045451547  
-1.274086364  
-0.4465750401  
0.4494678589  
-1.157946864  
-1.838906762  
0.1390518638  
-0.8982905035  
-0.1724651176  
-1.018780246  
2.002412426  
-2.45107314  
-1.413206983  
-2.148274693  
-1.44180665  
-0.2804380224  
1.281035634  
0.4704511172  
-0.9102463603  
-0.5762605607  
-1.435143922  
0.5416358913  
-1.309253136  
-1.087767537  
0.3773764187  
1.059458531  
-0.3117081935  
0.6188392984  
0.9733645824  
-0.638152534  
-0.9162923052  
0.9873336402  
0.672168274  
0.6881472279  
0.4945032115  
-2.367859752  
-0.8385385913  
1.371463271  
0.8101747702  
-0.3484518798  
-0.1295213028  
0.2549713389  
0.5608997561  
2.198305875  
-0.5931421717  
0.8515234728  
-0.1291814886  
-0.3986873809  
1.353427442  
0.5245061031  
1.219118406  
0.008418439746  
0.7777651182  
-0.4534726517  
0.6920685639  
-0.009069768333  
-2.044469668  
-0.4288717374  
-0.548985522  
1.208053592  
0.06737338036  
-0.1223516001  
0.4541243407  
-0.2212113329  
2.764875248  
0.7097703963  
0.123015277  
-1.362658849  
0.2178168845  
1.208572157  
0.3412803198  
0.423668563  
-2.832357183  
-2.122168903  
-0.3824466681  
-1.064151392  
0.980688744  
1.000601673  
-0.5693850325  
-0.7138623022  
-0.2648669672  
0.002993002027  
-1.022674921  
-2.279617197  
-1.701740989  
0.3832552032  
-0.8398100002  
2.086203685  
0.6100903121  
1.975785395  
0.2544474901  
1.312295266  
1.130211167  
-0.06565043328  
0.1487561698  
0.739770781  
3.130190403  
-0.9871686294  
0.1971273723  
0.41575228  
0.3535131647  
0.8282321962  
0.9540396105  
-1.224608426  
-1.931524169  
1.707860963  
0.9061702863  
-0.3244781214  
0.1344963272  
-0.1804061345  
0.5670411765  
-0.03075810589  
1.860456845  
0.0001597416218  
-1.453579204  
-0.6285103658  
0.511037269  
-0.3602844116  
-1.740490083  
-0.3541313408  
0.05830928284  
-0.5812103729  
-3.315280909  
-2.543663314  
-2.389993775  
-1.71607068  
1.521937976  
1.361247026  
0.9269324827  
-1.305125968  
1.646298876  
0.5172991709  
0.1935653156  
-0.4509077785  
-0.2800720429  
-1.320044913  
0.8824347388  
0.4859500481  
0.6528548581  
-0.6004510243  
1.08777616  
-0.5569957061  
-0.2470658139  
-0.5660551325  
-0.2163337163  
-1.3707693  
2.670933771  
0.7174359916  
3.355968906  
0.4944815186  
-0.1704822052  
-0.5000294431  
-0.7519148803  
1.188045153  
2.502847173  
3.188777513  
2.667031962  
3.674702481  
-2.391264249  
-3.828439267  
-3.834810379  
-0.5342156059  
0.9264958499  
-2.653870831  
