-1.07169279  
-1.076054335  
-0.3104141423  
2.488110003  
0.2484726385  
0.2500785437  
-0.8315825775  
-0.2649136193  
1.329507021  
1.550288555  
-0.1762913646  
0.3148555787  
-0.9807203107  
0.4654266835  
1.018117646  
-0.6744179714  
0.0473971938  
-2.222517366  
0.3355167238  
0.6631062025  
-0.04538054009  
1.617269307  
0.1949886236  
-1.076475497  
0.3062702725  
-0.5269045186  
-1.321208128  
0.1394946121  
0.5420314172  
1.148404695  
-0.1709071327  
-1.394440739  
-0.4128918802  
-0.6599577722  
0.4717544976  
0.1550971358  
0.001555767213  
-0.7646628478  
-1.356759825  
-0.5785528701  
1.925349571  
-0.7156049147  
0.5411922046  
-0.491618289  
-0.3391661394  
0.5745326901  
-1.295650761  
-0.848964867  
-0.8389086732  
-0.3016970697  
1.78548084  
1.10379149  
-0.977748391  
-0.777599686  
1.327969411  
-0.2788192776  
0.3153595897  
1.295939251  
0.3056269688  
0.8963126019  
-1.07134898  
-1.2201096  
-0.961885386  
1.099916714  
2.789946526  
0.7348903034  
-2.077816669  
-0.9446409892  
2.151209566  
1.218372883  
-0.9434756345  
0.1415778225  
0.9588481616  
1.154864564  
0.7152861464  
-1.606109866  
0.386304716  
-0.2362269749  
0.5464550171  
-0.6642504656  
-0.2987585494  
1.463889415  
-0.6190067816  
-1.245548435  
0.1236696687  
1.245392623  
-0.7328412274  
-1.140840368  
2.33941551  
1.105142997  
0.6544145398  
-1.186942322  
1.961812312  
1.06778313  
-0.5729811424  
-1.234499713  
-2.322120193  
-0.4109253667  
0.09771767965  
0.3175064565  
-2.462907961  
-1.15438686  
1.070992756  
0.6287050508  
-2.289763111  
-1.259115947  
-0.6967614746  
-0.5173508096  
-0.106773944  
-0.6985405386  
0.5954837678  
0.7778242083  
-0.5872106628  
-1.35475892  
-1.446408903  
1.099546173  
0.6544291513  
-0.4048328088  
0.3758896557  
1.081628738  
-1.76887641  
-0.5453176855  
1.815887099  
0.923291512  
2.079178876  
0.7933390543  
-0.2221686249  
-2.123915849  
1.063387783  
1.552826648  
0.4658333553  
-0.4480940909  
-1.012517445  
-0.8637381857  
0.05461297053  
-1.274749546  
-0.4732607023  
-2.076847411  
0.1477657741  
1.235815119  
-0.8708085867  
-0.7309708544  
-0.002070380592  
1.564664286  
0.8733001804  
-0.06287553317  
-1.68097756  
-2.68376013  
-0.1380728385  
-0.1522530046  
0.7254614308  
0.09203539261  
0.5725957994  
-0.1280532473  
-0.1498623029  
1.960271418  
0.8250301123  
-0.810238439  
0.5499526629  
0.256368537  
0.5371712301  
-0.3401950754  
0.2867443953  
1.406908827  
-0.1195417612  
-0.05590507622  
0.03488723782  
2.611493499  
3.035923379  
1.146288783  
0.1320225881  
0.08406097258  
-1.664043014  
-0.96420933  
0.6158207679  
1.588156358  
2.305962393  
0.001986112628  
-1.568455968  
-1.395438363  
1.368824825  
2.437352463  
0.6454631581  
3.111847057  
2.001452689  
-0.2257203409  
0.4079004082  
0.3214471694  
-0.697521882  
-0.7205295259  
-0.8431907303  
0.1195621883  
-0.5395218082  
-0.3576160359  
-0.2283415057  
-1.656794657  
-0.6506778887  
1.472367764  
1.043610042  
0.9352189422  
0.1756144776  
-0.6186452528  
0.3069800375  
1.077490555  
-0.1164257743  
-1.12585401  
-0.03019933154  
-1.076223805  
-2.384945036  
-0.2359467391  
-0.8440559108  
-0.1867195943  
0.2696790351  
-0.3238368982  
0.9437585238  
1.315496046  
-1.149198254  
-1.388239376  
-0.2248777523  
1.792352007  
1.621426827  
-0.4363646191  
0.1198276387  
-2.135751636  
-2.510624671  
0.4054384471  
-0.05379094722  
0.7219459965  
0.689119154  
-0.5343978861  
-1.35720243  
-0.419711383  
-0.4784750935  
-0.5438433789  
0.7786796245  
1.285238963  
0.372795086  
1.401331593  
-0.7529709004  
-0.5632472814  
-0.1866690098  
0.4297947489  
1.00440769  
0.2898246102  
-0.467479374  
-0.9689561731  
-1.453332477  
-0.7842458416  
0.4351250797  
0.2267227657  
-1.368384881  
-0.5310207997  
0.2238124959  
0.7003738315  
0.06740010286  
-1.28498423  
0.2553605982  
-0.897524055  
-1.815382715  
-2.439601658  
-0.4364481139  
-0.08351537234  
0.1997240044  
-0.271786711  
0.8613152416  
0.4271668118  
-0.2097414412  
-1.12442792  
-0.420328716  
1.164618955  
1.244810125  
0.3037971434  
1.678918667  
0.02334100132  
1.412829253  
0.6941951598  
0.7346651286  
-1.628079243  
-2.432888167  
-1.745386437  
-0.1717106545  
0.362146478  
2.718736469  
1.067629815  
0.2726657229  
-2.417566098  
-0.2837934755  
-1.33545519  
0.3773284809  
-0.7078919096  
0.04462527705  
1.871820069  
0.5153856019  
0.3123122978  
0.1366124272  
2.115814527  
0.4354717992  
0.8225342664  
-1.125591696  
-0.4851685557  
-0.1639075854  
-1.182995064  
-1.577494771  
0.06055217259  
1.595189565  
-1.073676267  
0.8409848816  
0.9334197496  
1.592915562  
-0.006911724447  
0.6151437754  
0.9318360686  
2.414377145  
1.415718941  
-0.2024018675  
-2.000212935  
-0.8929650922  
-0.5222665611  
-1.659040077  
-2.230293747  
-0.5184822943  
0.7858442822  
0.7406651657  
-0.7207118411  
-1.472568364  
0.09598844193  
0.7759019372  
-0.8117681533  
0.4763662359  
0.09631924408  
0.5902646998  
3.227177498  
1.021752393  
-0.9863523827  
-1.341291716  
-0.8593237712  
-0.1960389576  
1.00166953  
-0.8165251655  
0.2906802168  
0.3758571766  
-1.117856307  
-0.9759651904  
-1.818841541  
-1.52587147  
1.023530759  
1.32455579  
-0.4250907305  
-0.6328500204  
-1.543917719  
-0.9686847479  
-1.36406536  
0.7227802036  
-1.059557408  
-0.09332482751  
-1.056008834  
-0.9460760974  
0.3815235624  
1.615040079  
1.073754081  
1.701696563  
-0.2378529683  
0.512102853  
-1.993166718  
1.168107621  
1.528162774  
0.2719481957  
0.9245424024  
1.128675425  
-0.8826798304  
-0.1293113101  
-2.692583709  
1.303614315  
2.912792042  
2.461782963  
0.6911725943  
0.6163823101  
-1.04401358  
-2.142875616  
-1.788036744  
-3.254630403  
1.215012638  
2.214500078  
1.147848346  
1.089060499  
-1.830182226  
0.4489334384  
-1.412849114  
-0.405658937  
0.6243663193  
0.4746329211  
-0.5959499074  
0.04231271222  
0.1371285616  
0.3488084364  
0.05374889805  
-0.5484863213  
-0.5113462953  
0.9281513288  
0.03695485066  
-0.6455632625  
0.1611955608  
-0.2676372922  
-2.424720109  
0.04301175567  
-0.427996423  
0.8826001357  
1.979859543  
2.489177046  
0.2917106269  
-0.5633786166  
-0.9467584751  
1.148979283  
0.2657843085  
0.7992012962  
3.190697821  
1.552610616  
0.3771938919  
0.5442000009  
-0.06861136203  
-0.1882343478  
-1.10276245  
-0.9705010559  
0.8080244407  
-1.187273725  
-1.450800635  
-1.116902638  
0.1606816298  
-0.3463730659  
-0.701921055  
-0.1493378667  
-0.04785247988  
0.324404549  
1.904916119  
3.158411428  
0.01013541983  
1.873764026  
-0.2778516087  
-0.116819002  
-3.114391064  
-2.169684906  
0.7154852198  
0.7334560981  
0.8100747643  
-1.770737516  
-1.613804046  
-1.582619209  
0.3536740705  
-1.067136007  
-1.856764745  
0.1124031745  
0.6117955379  
0.8737609757  
0.1036174872  
-0.3782769153  
-0.8439706107  
-1.111739044  
-0.04834832761  
0.1506021945  
1.857648677  
-0.1338948956  
-3.283045999  
-1.56504752  
-0.7164256701  
-2.202388654  
-0.9425637951  
1.930444415  
0.6645847981  
-0.7458969055  
-2.697535064  
-1.591364426  
-0.472493921  
0.0174020849  
-0.7302707679  
-0.9998738449  
-2.083330008  
-0.8821634615  
0.2370081628  
0.9409061435  
1.681693029  
-1.142818025  
-1.101296521  
-1.29174022  
1.83916461  
0.6795718285  
-0.1493155603  
-2.19671802  
-2.212640474  
-2.252828168  
-2.212139974  
1.203713954  
5.820301545  
1.275857825  
1.176189156  
3.237511994  
1.829941045  
0.8189012174  
-0.3896712318  
-0.1233768581  
1.420859889  
0.9395927417  
1.518837898  
2.342555186  
1.719456303  
0.003777091289  
-0.2526603775  
0.2224776914  
0.1135715757  
2.105649955  
1.492958167  
0.1743243899  
-0.1869281653  
-0.9933709944  
-0.2880963228  
1.052142901  
2.049734946  
2.608044642  
2.603536746  
1.085019442  
0.1627488305  
-0.04794463179  
-0.05445594681  
1.083568053  
1.587025102  
0.7497825518  
0.1830765815  
0.2190562976  
0.4782478272  
-0.7277109006  
-0.6825965733  
-1.589143775  
-1.57884885  
1.383829089  
0.2200430986  
-0.6012238321  
-1.330030543  
-0.3453738549  
0.1257944519  
-0.7495063461  
-1.328828078  
-1.965969412  
-2.020490832  
-0.007903092786  
-1.52056597  
-0.3316486723  
-0.256140218  
-1.815760113  
-0.7230753306  
-1.489758186  
0.4707541163  
0.1481763579  
-1.454661244  
-1.701324085  
0.7439633967  
0.3651875886  
-0.7915879841  
-0.1112188589  
-0.08221248005  
-0.1434576979  
-1.367569503  
0.03717038595  
-3.730297978  
1.830298991  
2.250071615  
1.65177933  
0.7457676112  
3.196418448  
-0.08992393906  
0.1421919733  
-0.1591719505  
0.622448509  
-1.46721977  
0.7233280968  
-1.267385223  
1.508209703  
-0.4780036956  
-1.611442392  
-2.81545491  
-0.05063059014  
2.062987449  
2.539105661  
2.725502619  
1.671451434  
1.577217196  
-3.175811572  
-0.6847874015  
-1.629096738  
-1.257465683  
0.2386127029  
1.563392109  
