-0.8782649468  
0.2723819624  
0.01549064317  
-0.4817510169  
-0.725220247  
-0.4218267537  
0.06115747404  
1.476769345  
1.105376384  
0.7842651173  
0.02279298438  
0.212324996  
0.852861961  
1.247146684  
0.156173072  
-0.4885269589  
-0.1072369333  
-1.297811107  
-1.358607423  
-1.424311554  
-0.6400380863  
0.5406139076  
0.7749818933  
-1.138407693  
-0.1992379776  
1.136207785  
2.333646893  
2.163185258  
1.407890302  
1.083952088  
1.087018149  
-0.1605130427  
-2.126571847  
-2.339902754  
-1.786534434  
-1.403398611  
-0.8522024127  
-0.6403184734  
-1.052771524  
-0.8923042647  
-0.9104218642  
-0.5910383815  
-0.5020000758  
-0.2914978726  
-0.3867878938  
-0.2816863478  
-0.7659739897  
-0.6575206265  
0.4509888651  
0.6738064293  
-0.4219757144  
-0.7249808153  
-0.7070236495  
-0.2857374023  
0.3001149112  
0.3149868078  
0.6061811312  
-0.3210691179  
-1.160551586  
-1.674830511  
-0.8387917192  
-0.5039462559  
0.2268295296  
0.4345867889  
-1.045022865  
-0.2478762617  
-0.7051743387  
-0.1896510173  
-0.9461737607  
-0.9689185984  
-0.7707699613  
-0.8567040862  
-0.6109228651  
-0.3337181225  
0.6342442312  
0.6023284645  
1.981942325  
2.987276226  
2.454488712  
2.019618411  
0.1223815999  
0.6481619937  
0.5604205119  
0.5309562964  
2.043692734  
5.421357866  
7.7414414  
7.498380598  
5.827995563  
1.272119891  
-1.142777428  
-2.932258569  
-3.867610369  
-3.74112223  
-3.426238417  
-2.733805287  
-3.460055082  
-1.003422095  
2.398088657  
3.601590307  
1.44911225  
3.514338603  
4.012761583  
-0.03445668731  
-2.426602977  
-2.753308786  
-2.207569737  
-2.241507051  
-1.676819995  
-2.35363198  
-2.337762284  
-1.991831838  
-1.12137404  
-1.32337958  
-1.875855645  
-0.02788524776  
0.1600501988  
-0.1136322265  
-0.5693717023  
-1.354137372  
-1.321387692  
0.6781094791  
0.1300300049  
-0.4647753776  
-1.203237402  
0.2411915613  
4.651223448  
8.037317068  
4.828222613  
3.678893751  
3.41479683  
0.6999838343  
-2.841952244  
-4.748199333  
-4.644222704  
-2.391400208  
-0.9923858473  
-1.66792991  
-1.043826824  
-0.7475284305  
-0.8731581806  
-0.7344576929  
0.1437600069  
-0.8547396176  
-2.067406703  
-1.686293395  
-1.80862842  
-0.3877133963  
1.045440329  
-1.526776644  
-2.298416246  
-0.4736171723  
3.574596339  
2.920831673  
-0.3594304032  
-1.142455254  
-0.6911696604  
0.3533385611  
-0.2410219921  
0.5318428288  
1.776403331  
-0.2098449925  
-0.9675885211  
-2.368499046  
-2.170246766  
0.2934394007  
1.533177472  
2.167824805  
2.990545008  
1.317754464  
0.8154452247  
0.829975528  
1.414251782  
1.283326895  
-0.6549044862  
-0.2036656202  
0.7923441798  
-0.3811624009  
-0.06347056182  
0.2464494825  
0.8205917219  
4.009468782  
4.713641694  
0.06491307355  
-0.6693617125  
0.6431845868  
0.4791570694  
-1.627522465  
-1.88454423  
-1.669787835  
0.2182077102  
0.03877406945  
-0.6645907188  
-0.4782858723  
0.3219161246  
0.8663411642  
0.6080644054  
-2.33294056  
-1.400584748  
-0.6717526113  
-0.5344584738  
-0.4535179039  
-0.4817673419  
0.6400741205  
0.772939942  
-1.074421151  
-0.6243306303  
-0.448587898  
-0.5832755813  
-0.1148912475  
0.4398405807  
-0.005387092231  
0.8550205111  
1.92356638  
0.4913422353  
0.2138687631  
-0.3832437515  
-0.6096461816  
1.021386656  
1.210563688  
0.6904161686  
-0.3299048381  
-0.3111060108  
-2.09498434  
-2.358820438  
-1.127783662  
-0.9490901553  
-2.227334444  
-0.6916695912  
-0.1136899186  
-0.001540439204  
0.6928440312  
0.5576836515  
1.019191626  
4.138561875  
3.583962026  
1.578801952  
-1.02322974  
-0.4536420768  
-0.369760063  
-0.5763032212  
-1.654733308  
0.3178653176  
-1.76751127  
-1.896146797  
-2.758024093  
-1.346343859  
-0.1646005927  
-2.539089411  
-2.400622153  
-0.6824033275  
-0.7804889893  
-1.337039298  
-2.060959447  
-0.2331771172  
-0.3255356093  
-0.9869493537  
-0.9073684111  
-0.08197180239  
-0.3206003457  
1.285765446  
1.959015845  
1.414079124  
1.54679075  
3.847493275  
6.626587829  
5.845327975  
7.286291207  
3.654131992  
-0.248497713  
-0.834427755  
-0.8159382402  
-2.022216065  
-1.627067394  
-1.721835148  
-0.741479957  
-3.149011519  
-3.149166346  
-1.137378582  
2.22137474  
5.844105246  
4.178059461  
0.4107579651  
-0.5996939092  
-1.068929259  
-0.9354432968  
-1.060356686  
-1.414437857  
-1.214456497  
-1.13172985  
0.06308346526  
-1.938794737  
-1.625542419  
-1.344130123  
1.700259086  
0.740914869  
-0.06520904737  
-0.3698385339  
-0.191063321  
-0.8014013021  
-0.9063947303  
-0.1928193136  
-0.4289105369  
-0.2416648643  
-0.8612160114  
0.2227033799  
1.050308952  
1.219431021  
0.4727601776  
0.3214394308  
0.1808867845  
0.3133269801  
1.238797395  
0.3897366356  
-0.8421084543  
-0.6166979428  
-0.09365865421  
-0.6253728711  
-0.1012820762  
0.1099668092  
0.8403473558  
0.8428653489  
0.08558501501  
-0.7544662452  
-0.4795603483  
-0.1107151577  
-0.3196192244  
-0.2101812627  
-0.7269807928  
0.4936342221  
2.479081369  
4.66797461  
3.405039656  
1.140520314  
0.7125840795  
0.8476361189  
1.595480167  
0.3321015219  
0.6516009137  
-0.2306965351  
-2.070095803  
-2.846402642  
-2.044311629  
-1.121197552  
-0.1483490365  
-0.05433252911  
0.4119944525  
-1.431819263  
-0.8380709658  
8.334979902e-05  
1.579445585  
0.05436649475  
-0.8006375925  
-0.7452107614  
-0.292297045  
-1.112844078  
0.2471289756  
0.8965724031  
0.3547577097  
0.0255429892  
1.406416626  
2.17000688  
-0.0119645761  
0.2481760606  
1.312211073  
0.5310590557  
-0.08245540299  
-0.3440720767  
0.933776999  
2.195758224  
2.40704472  
5.000746212  
2.740651981  
0.061248852  
1.760742094  
1.208851832  
-2.274643148  
-4.961897483  
-4.650457519  
-2.910017334  
0.8087893878  
1.056433816  
2.135775285  
1.303391748  
-1.930930345  
-1.885197627  
-1.968474101  
-1.269061559  
-1.795909668  
-1.305452905  
-2.071469249  
-2.190352553  
-1.882387373  
-0.5326858408  
-2.109792319  
-2.962954765  
-2.053199928  
-0.7994018184  
-2.24930145  
-1.862397799  
0.6055038395  
-1.872809019  
-2.008451682  
-0.407437933  
-1.03581535  
-2.471854313  
1.881625928  
2.829313058  
0.6397843046  
0.480756142  
1.383645104  
1.45812586  
1.387857129  
1.974632861  
1.359554886  
4.505071541  
5.298797309  
-0.03508131939  
-0.5073792556  
1.950521556  
5.982359921  
1.833443531  
-2.631020354  
-1.124467573  
-0.3853629952  
-3.158492588  
-2.007721078  
-0.3676191976  
-1.333199148  
-1.852813989  
-1.107266847  
-1.277980874  
1.793037932  
2.786083214  
2.027937303  
6.888186692  
8.387339703  
4.349708349  
-3.284206219  
-1.889996542  
-0.2957068491  
0.943208932  
-1.76071194  
-4.649896717  
-4.110196817  
-4.819376136  
-5.592782383  
-5.214325129  
-4.078857177  
-4.316629624  
-5.264272334  
-3.611606753  
-1.436305664  
-3.027651982  
-3.374513843  
-2.097697478  
-1.07800326  
-1.390598698  
-1.540085526  
0.8475989643  
1.070699574  
2.516511243  
3.630434757  
2.971568093  
5.750533593  
5.735342741  
4.277952463  
3.930898578  
4.71457336  
2.389348491  
2.13550267  
1.644082973  
0.01014371248  
-1.309369503  
0.1660366137  
-0.3885238796  
-0.694595728  
1.888576754  
-0.1195695894  
-0.4799814219  
-0.4960241188  
0.6251887624  
-0.2722077037  
-0.06269467528  
2.187871714  
0.8408804411  
-2.713838006  
-2.926558249  
-1.536688548  
-1.726006045  
-1.555714254  
-0.1126172417  
-2.658291648  
3.192692101  
3.889792743  
4.428593697  
4.849992174  
4.392625329  
4.745791502  
3.357127878  
1.583740994  
-2.466257806  
-1.901944572  
0.09990808369  
-0.538891646  
-1.967320452  
-1.722619684  
-1.416321117  
-1.86405121  
-3.244338118  
-1.496023793  
0.8994808307  
3.368261899  
1.531288433  
2.855673779  
4.216572949  
5.739485565  
1.544301069  
0.9631720053  
-1.297752637  
-1.166262307  
-1.092802097  
-0.7637160314  
-2.166303114  
-3.405923636  
-0.6298880293  
-1.879589332  
-3.659389016  
-2.382995526  
-1.677032845  
-2.96952544  
-3.163260614  
-0.8986346311  
-1.158530644  
-3.854814915  
-0.8866099668  
0.4769478759  
-2.861853436  
-3.518806921  
-1.183105831  
-2.398661553  
-3.518405042  
-2.168202621  
1.967592001  
1.282862607  
-2.59804992  
-0.01619405471  
2.702835802  
2.029149285  
-1.859718431  
-3.183325515  
-3.185343321  
-1.838673123  
-1.131605305  
0.4728105324  
1.630385293  
4.596310735  
6.948583405  
4.567431279  
1.416884926  
1.01546389  
5.766717537  
5.362043964  
1.516463559  
-0.163285444  
2.355586435  
0.7521736039  
0.7696899488  
0.6098129984  
0.07325893154  
-1.478878397  
-1.519296331  
-0.7453306902  
-0.5694364036  
-2.231058096  
-0.1367793906  
-0.03039833828  
-1.276098373  
-0.1854889163  
0.2668113961  
-1.418673732  
0.4787326938  
1.673420987  
-0.3545569822  
-1.470161357  
-3.992156877  
-1.923341848  
-1.098086317  
1.806889494  
2.493253173  
