-0.6470250217  
-0.5870133506  
1.332688795  
0.664053603  
0.6380021226  
1.094884616  
-0.4206385863  
0.05145474108  
0.7129857454  
0.4008897025  
0.5608441875  
0.5362054093  
-1.102538655  
-1.043502488  
-0.9400471839  
0.4720109763  
1.872518395  
0.09600946154  
-0.274762324  
-1.553788923  
-0.7088981616  
1.263830512  
0.3342153944  
-0.4350037069  
-0.7668238168  
-1.229007227  
-0.385221862  
0.734309055  
-0.06489442097  
-1.160629248  
-1.732208198  
0.2773668934  
-0.3656513765  
-1.123106973  
-0.4568866798  
0.09839832613  
0.6583390784  
-0.7899615127  
-0.9639761597  
-0.2008683299  
0.7021956898  
0.5340648076  
0.8940505833  
-0.853261731  
-0.4852986721  
0.5124728399  
0.3659990031  
0.8761730644  
0.1605804716  
0.7206195126  
0.9523230302  
0.5047592248  
-0.1177062629  
0.0002318035104  
1.572996563  
0.8288185237  
-0.8629094219  
-0.5790706916  
1.232915117  
1.870210438  
0.5497714765  
-0.6334447665  
-0.1390601773  
0.003769981336  
0.2510301433  
0.7576306044  
-0.4139016891  
-1.24029572  
-0.2120113368  
-0.4092897913  
-0.4346068073  
-0.2093080127  
-0.5728558066  
-0.2005855964  
0.2832050458  
0.0242423948  
-0.4512149158  
0.02325848205  
2.331489453  
1.171413966  
-0.1832915907  
0.4454385168  
0.7570221381  
-0.1575166387  
-0.7867262494  
-0.09092154898  
1.342275795  
0.7766913615  
0.07033239017  
0.4878963259  
0.02898634417  
-0.8130743727  
-0.1263523208  
-0.2807168861  
-0.7884192067  
-0.8841960749  
-0.774581752  
-0.3197084781  
0.05853977474  
0.9732719884  
-0.4822547979  
-0.7992538643  
-0.8855909523  
0.4070496504  
-0.1745258948  
-1.2289823  
-2.094297646  
-0.1751050341  
0.7148590322  
-0.4346093979  
0.520982101  
0.2200377089  
-0.3032869291  
-0.9146035715  
-0.04615455929  
-0.4580890124  
-0.8841230902  
-0.8208154008  
-0.5266213494  
-1.117491887  
-1.881363189  
2.468592051  
-0.8904796561  
1.199195774  
3.367890735  
1.771300935  
-0.629264529  
4.256957251  
4.025670223  
2.691498767  
1.024407165  
-0.1172654779  
-1.128126972  
-1.05910071  
0.8425620534  
-1.639453002  
-1.901774325  
-2.335069576  
-0.989325275  
-1.048395962  
-1.703392324  
-1.82569493  
-2.062930357  
-0.3952227017  
-1.133555113  
-1.448899171  
-2.832029227  
-1.739224359  
0.1529195528  
-1.411969193  
-1.163132677  
-2.232766677  
-1.261715645  
-1.811102473  
-1.306465171  
0.4145388209  
-0.7284818347  
-2.555188805  
-1.753424886  
-1.227284263  
-0.4380613979  
-2.627394939  
-0.9462191397  
-1.108206939  
0.8865574365  
0.7859317553  
2.856930646  
2.490437506  
4.01023789  
1.943695436  
2.175372991  
1.272646189  
1.506006524  
2.417940327  
2.346544231  
1.582316671  
2.302249159  
1.767269005  
-0.2138517592  
-0.4855314001  
0.8959220627  
2.482954183  
4.008428526  
1.172167076  
-0.5972737315  
1.181916493  
2.689252736  
0.5043899743  
0.3258181275  
0.9833241481  
1.809865647  
1.433802538  
0.4628655727  
1.033060544  
1.093844675  
0.03893185043  
0.1767182229  
2.23547  
0.9204358358  
0.1068045014  
-0.5893953924  
-0.216173832  
0.5679755372  
-0.5173398359  
-0.9231450932  
-0.6298766746  
-0.4644496251  
-1.119808297  
-1.01553597  
-1.555573187  
-1.023154138  
0.2964062206  
-0.1945296028  
-1.312623795  
-0.4725304377  
-0.2388112851  
-1.082866058  
-0.3700637665  
0.4105208372  
-0.3751636933  
-0.2756025452  
-1.618639569  
-2.460119305  
-1.856967196  
-1.136236334  
-0.4237346266  
-0.6316830032  
-2.274669479  
-2.24334848  
-1.039380645  
-1.956083893  
-2.277952904  
-1.604358948  
-0.2981434337  
-1.391373956  
-2.598990755  
1.913624275  
-1.757058939  
2.366986124  
1.730571236  
0.5701485667  
7.226023709  
16.63794263  
12.01001063  
-0.6844400294  
-0.02148758533  
0.4157840882  
-0.00430289779  
-0.7293966934  
-1.787214691  
-2.386327955  
-0.6831424588  
-1.617742888  
-3.029561439  
-1.788446187  
-1.626242209  
-2.680964353  
-2.695290872  
-1.992298421  
-1.970577153  
-2.845092228  
-3.263516011  
-1.426636483  
-1.762637718  
-1.879350577  
2.0733506  
-2.389729159  
0.01081333645  
0.3910293594  
0.5302252307  
0.6676474214  
0.6226586301  
1.034423522  
1.243672475  
1.329400512  
5.958366622  
6.754780502  
-1.146116255  
-0.06894176306  
-1.352705776  
-1.714610262  
-1.428683093  
-2.529146715  
-2.857357146  
-2.461507968  
-2.188848622  
-2.59666003  
-2.371495704  
-2.752911291  
-3.229803841  
0.1330393299  
4.449252499  
5.472862378  
4.006953436  
3.18907148  
0.5777593781  
-0.1096996501  
-0.4541182404  
0.1870471198  
-0.9527752541  
0.0697267987  
-1.132851364  
-0.4275549806  
0.2906151158  
1.359803071  
1.046979054  
0.3778069849  
1.029531964  
1.683789244  
0.8849068987  
0.345835811  
0.9027436719  
0.7869496648  
-0.0003285821362  
-1.218171514  
-0.7042209923  
-0.6339495171  
0.173627565  
0.227012134  
-1.1609919  
0.358995789  
0.3461057119  
0.2253795907  
1.655850387  
0.4211453586  
0.4743620796  
0.9014661031  
0.225343405  
0.9700951544  
1.046062744  
0.5611178729  
1.886520832  
1.970716825  
-0.102793181  
-0.815232965  
0.7410491394  
0.4390484375  
-0.9270117034  
0.4836698682  
2.664304605  
0.5972614136  
0.08250075089  
-2.555949824  
-3.171138147  
-1.430282176  
0.2130502602  
-0.2903501742  
-2.516842778  
-2.674945438  
-0.7821447074  
-2.162207683  
-2.680712027  
-2.264235288  
-1.230489101  
-0.9612773052  
0.2737983623  
-0.9962472577  
-0.7530202362  
-2.324641516  
-1.617459454  
-1.28671031  
-0.5261138284  
-1.709550771  
-6.411094666  
4.145070584  
0.1146620469  
-0.1713755601  
-1.037562269  
-0.3084088745  
-0.3578070191  
-0.7559387629  
6.305071363  
7.716376633  
4.221439493  
6.913569251  
2.676253309  
6.072816189  
1.89869404  
-1.69162638  
-5.923223075  
-6.618056339  
-3.517982564  
-0.3267521747  
-3.835468965  
-0.5309669069  
-4.21707707  
-1.431114208  
-5.369956311  
-3.424453491  
-3.648275744  
-1.887369176  
-4.220709044  
0.1700478882  
0.8554651944  
-4.119127383  
-0.3588770833  
-4.085111425  
-4.311743795  
0.5657792744  
3.255840577  
7.284066869  
-2.440474238  
-1.360240469  
-2.439266047  
0.4554533136  
1.854801386  
1.386597674  
-1.150152602  
-1.871532156  
-2.01177926  
0.3468206874  
0.06035459143  
1.05633224  
0.9899497576  
-1.588637777  
5.414855361  
11.99718902  
5.281077441  
4.915086569  
3.004422725  
1.684972969  
1.112541994  
2.125735054  
0.7767779679  
-2.632168042  
-4.776278683  
-8.225744746  
1.586607441  
3.145635767  
2.951068779  
0.6776804844  
1.729397132  
8.564082336  
7.313460924  
-3.326285178  
-5.139302684  
3.331271046  
-4.248893408  
-1.172352571  
2.348176876  
-2.598890147  
-0.3026541704  
-5.174358416  
-3.860299808  
4.84372783  
2.722185248  
1.750742687  
2.435465223  
1.867380383  
-0.9135011721  
0.9602505102  
0.54111798  
1.452519237  
-0.5229370576  
-1.158160368  
-2.303904381  
-1.127270162  
0.2855751429  
-0.3976623567  
-0.2460068429  
1.768572861  
-3.582666493  
-3.609212442  
-1.583848636  
-0.2327668018  
-0.04678248008  
1.20674812  
0.7373331913  
-0.2775548738  
-0.121028441  
1.446901304  
-2.14228764  
-2.345595167  
-2.657317001  
-1.598959771  
-0.365003101  
0.2280004163  
0.2267148422  
-0.8132931332  
0.4630433246  
-0.7249838494  
-0.5546754348  
-1.117822939  
1.154993866  
5.511051887  
0.6502979091  
-2.386200624  
-2.359136666  
-3.0010199  
-1.069064297  
-2.26119714  
2.473647382  
4.154784868  
2.352478258  
1.694805451  
2.620772313  
3.260890473  
1.7281633  
2.03828958  
2.54419814  
3.766121679  
3.270673808  
3.395035238  
2.632374321  
1.749616865  
1.190545586  
1.62548672  
0.3816803519  
-1.12244578  
-5.102586286  
-1.109770177  
-0.7851436135  
0.7685864521  
0.2667902517  
2.04271751  
0.7914178195  
-0.192729874  
0.08129794191  
1.8821748  
-2.779701747  
0.8941117416  
-3.54258168  
0.9714766607  
2.983827913  
0.6809456767  
-0.1725120571  
-6.527136478  
-3.494172345  
2.642750859  
-5.57952895  
-3.639105054  
3.13243062  
2.144966031  
0.6499217832  
2.098955996  
2.081400844  
-5.506051435  
-5.084155657  
0.3720735969  
1.413833872  
-1.531410368  
-0.4167689178  
1.563036593  
1.130477826  
-4.441086313  
0.1309959228  
2.824175474  
-0.2228244036  
-0.7719394597  
0.6666309728  
-0.2653568922  
-0.7834834708  
2.767500233  
-1.91827782  
-5.624328964  
0.7310829872  
5.060183505  
2.033857319  
-4.162496438  
-1.652623162  
-0.8200744734  
-3.147235263  
-4.11994731  
-1.09849185  
-0.02452259816  
2.378390336  
3.951213358  
2.264299303  
-3.585053846  
-2.919006942  
0.740994033  
0.176388477  
1.131568123  
1.196470064  
-3.667161319  
-2.042747074  
-2.933679075  
3.279614946  
4.245782586  
1.212413632  
0.7692560358  
2.157141575  
-0.04152229868  
-1.991718263  
-2.64642167  
2.820786968  
3.291170829  
1.541268056  
0.4920582947  
0.06295951835  
