0.2465131572  
-0.5624338976  
-0.6834349566  
0.3893846739  
0.9315710968  
0.4019375393  
-0.7714567059  
0.08071663971  
0.08138672392  
1.364209654  
-0.03358324614  
-1.729984885  
-0.9114795202  
0.9790498057  
1.978877762  
1.002931169  
1.334008965  
0.9382841509  
0.04382871904  
-1.178097089  
-0.5167974339  
-0.2380658648  
-0.6025904439  
-3.186296745  
-3.183322481  
-0.9950248461  
0.8883960724  
-0.3024182976  
0.3027251849  
1.338862163  
0.5923765405  
0.9781712315  
0.1035637144  
-1.017721252  
-1.0402135  
1.266601819  
2.022968159  
0.8228477309  
0.7630372071  
0.2261991506  
0.3289503154  
1.164046036  
0.9854501817  
-0.5286425343  
-0.5421650632  
-0.5767892709  
1.429693679  
1.504856971  
-2.207732138  
-3.715365337  
-1.490072938  
0.4446496016  
0.7856257647  
-0.8206162629  
-0.4919611704  
0.9060452158  
2.226262396  
0.7411019782  
-0.798635911  
-1.159675669  
-0.2073774311  
-0.2169036178  
-0.2509507083  
0.01829035811  
-0.2208664964  
-0.3281928405  
-0.4150463002  
0.255189943  
-0.1168867288  
0.02796322217  
-1.5006271  
-2.640354763  
-0.866484825  
-0.8394153779  
-1.025119855  
-0.1410054074  
0.4443586952  
1.593057643  
2.055126196  
3.012579386  
2.402190765  
2.414148804  
1.859541934  
1.303622965  
1.498271264  
1.41128224  
1.445280765  
0.4588633478  
0.1739391811  
2.009507172  
0.5501849438  
-0.4375898515  
-1.146358965  
-0.6895852481  
-2.107100182  
-2.388434383  
-2.217869955  
-1.143322753  
-0.7603731227  
-0.9351540013  
-2.68636168  
-1.355781326  
0.04105342602  
-0.4403823715  
0.3094593012  
0.0880661309  
-1.198716392  
0.05091434843  
0.9421138723  
-0.1523028823  
0.5505468752  
1.225869599  
1.055903902  
-0.5705079656  
0.1529002795  
1.495351115  
0.8154069853  
0.7323591889  
1.243253354  
0.4097083726  
-1.114772171  
1.832614887  
0.8721037469  
-1.022501629  
-2.28870035  
-0.9145964715  
0.7010419018  
3.712785579  
1.195414891  
0.8112935327  
-0.1741039818  
-1.477612835  
-4.805872238  
-5.590245712  
-3.028011867  
-0.6622368565  
0.4608814422  
-0.7618888668  
-1.886523371  
-0.839532679  
-0.9110552376  
-0.6414220424  
-0.1529301005  
0.8396731275  
-0.4154559856  
-0.3945361714  
0.7525278919  
1.634985356  
0.3173602977  
-2.236709686  
-0.6846033948  
-0.1995611823  
1.201842017  
1.188745804  
-0.1733420371  
-0.477177637  
0.5240595307  
0.951202568  
0.7565131641  
-0.2252164099  
2.006949076  
-0.8595427297  
-1.270272074  
-0.6709743547  
0.3900073829  
1.151426939  
2.967606254  
3.338930546  
4.542687266  
2.937739734  
2.820726913  
1.699692167  
2.154523001  
1.527880125  
0.5793694495  
0.1661073367  
0.2643276287  
-0.7108221114  
-2.378101175  
-2.317468573  
-1.237245448  
1.420895812  
1.635568493  
-1.101084215  
-1.656855831  
0.6774358054  
1.76556947  
-0.5544795447  
-1.080830931  
-0.3436717238  
0.9021573244  
-0.1511497234  
-0.3805324881  
-0.824305865  
0.5714342057  
1.18790064  
1.695566184  
-2.010667851  
-0.4942336152  
0.9104260368  
0.7546689978  
-0.8226231756  
-0.8499443746  
-0.4596102372  
-0.1898156526  
-0.3621495296  
0.8927477195  
-0.1362070624  
-1.120695301  
0.5290615623  
1.370257998  
-0.2423431068  
0.2191130744  
0.7601973943  
0.2577883368  
-0.3521563562  
-2.496615378  
-2.874744316  
-0.6785356175  
0.6300983934  
0.1930828783  
0.000849360545  
0.5442356864  
-0.7199470624  
-1.994075302  
-2.658985398  
-1.922622312  
-3.910873595  
-2.135879172  
-0.1344181177  
0.3250898003  
0.3785437302  
-0.4568253808  
-0.0670419523  
2.018286074  
2.202536089  
2.902710547  
1.157224604  
1.626152175  
1.123538731  
1.826435656  
0.2476885185  
0.5451122525  
-1.392091044  
-1.52885751  
0.0177713267  
1.358505977  
0.7323888286  
-1.351285395  
-0.7049274858  
-0.3964000862  
0.310892908  
-0.3107622783  
-1.183038658  
-1.001150698  
-0.6252180778  
-1.307741349  
-1.175695269  
-0.8382927367  
-0.6569264706  
0.3726829035  
0.6384728993  
0.6656671147  
0.6812455338  
1.013006599  
3.362966123  
0.7388012019  
0.04353423838  
-1.131708452  
-0.2598147654  
0.1445259994  
0.03475490722  
-1.267587731  
-0.7258183208  
-2.03171603  
-1.47438967  
-4.536307586  
-4.171319712  
-0.9792136212  
0.8531181441  
4.000618742  
2.910840311  
1.071965614  
0.510938273  
0.6196684023  
0.6547124682  
0.3549100937  
0.8181062551  
0.5221439258  
1.180318472  
1.075867167  
-1.69486175  
-1.019141204  
-0.9765132081  
0.8281303817  
0.4630854048  
0.3616593993  
-0.4464222667  
-0.913930717  
-1.677044846  
-1.602435503  
-0.1038699546  
1.378356723  
2.247025246  
1.376038257  
1.695848816  
0.8858717188  
0.8645366858  
0.02855198708  
-0.2188610645  
0.4419761524  
1.202508595  
0.8293104423  
-0.01107966817  
-0.7755447097  
-0.8601653883  
-0.207524869  
-0.5798300382  
-0.8850510536  
-2.004292885  
-0.4393599349  
0.3045002085  
-0.5364983924  
-0.1345385327  
0.03288985369  
0.8473146443  
1.039004645  
-0.377341006  
-0.9400649641  
0.4788217471  
0.3057964692  
0.7058055703  
0.9907145436  
0.3934823756  
1.019471537  
1.254614835  
1.08316391  
-1.230236562  
-0.1231972542  
-1.087095622  
-1.309813557  
-0.8023220744  
-1.567033065  
-1.115848092  
-0.05584906762  
-0.4725717025  
0.2040494625  
-0.7010302144  
-0.3517189711  
0.8468452664  
0.8744991796  
1.036662427  
-0.1666534731  
-0.2970026008  
-0.8006751904  
-1.15947964  
-0.05828986159  
1.462624589  
0.9374021794  
1.791012423  
2.702155791  
3.132668063  
1.821971391  
0.6659769701  
-0.5387437801  
-1.779987908  
-1.231029264  
-0.7392614618  
-0.152523664  
0.2392139548  
-0.9374422451  
0.436684157  
0.6257746156  
-0.3156295302  
1.46330831  
-0.7172354415  
-2.502324707  
-5.966333068  
-4.426468701  
-2.307101694  
1.135463658  
-1.023670228  
-2.349734535  
0.05123276542  
-1.470077196  
-0.9449765484  
-0.6925080419  
1.687906398  
1.565112199  
0.5054773328  
-0.1429470623  
-0.08179053221  
-0.9254790358  
1.393696273  
1.318818389  
-1.370008349  
-1.169477199  
0.0386263747  
0.2667620096  
0.02080832024  
0.338694912  
-0.18675294  
-0.3258174812  
0.7942384687  
0.3266075692  
-2.360604207  
1.152134252  
1.880185875  
0.2544847795  
0.05457319013  
2.505126113  
2.487574005  
1.273753466  
0.9723207744  
-0.4431730589  
3.234842035  
4.227027885  
-0.2706887531  
-0.4669736707  
1.440629332  
1.861395423  
-1.434704819  
-2.650371582  
-0.4851097637  
1.820625546  
0.1349168269  
1.569214802  
2.078340642  
1.12539617  
0.2862206794  
0.3867149912  
-1.083178633  
0.7282594488  
0.3664937903  
-1.626995692  
1.817170394  
3.203616541  
1.00106116  
-6.094453647  
-2.14589833  
-1.358435102  
-1.170961454  
-1.864588214  
-5.087655674  
-4.431705935  
-3.896981439  
-5.471244761  
-4.723369312  
-2.342131669  
-3.203377493  
-5.310146169  
-3.227055466  
-0.2516397213  
-0.6085762568  
-1.889439606  
-1.247087073  
0.8741493575  
1.225066435  
0.8233098973  
1.404948519  
3.690212805  
3.623316816  
1.694779833  
-0.243106985  
3.272929439  
4.320637752  
4.11473037  
2.697350475  
1.768083592  
2.300274937  
3.215539573  
1.88948073  
1.393847324  
0.7884009839  
2.258644247  
2.006120412  
1.19123548  
2.219993778  
0.675513602  
1.870898592  
2.564793894  
3.759258386  
0.963793393  
0.3335988406  
2.342085393  
-0.04651931193  
-3.05722679  
-2.315861091  
-1.261361602  
-1.285952222  
-1.750512264  
-1.807390634  
-2.559390004  
0.4555534069  
1.12195678  
0.5214322714  
-0.6034399463  
-0.7489548644  
1.48936216  
1.566447939  
0.6972539215  
-1.509553261  
-0.4697116235  
-0.1379170305  
-0.06743656213  
-0.3096962754  
-0.1749645666  
0.6300847363  
1.151352499  
-0.378293479  
-0.9755250294  
-0.1207195076  
1.515591186  
0.006516832006  
1.245264798  
1.154174198  
3.453979577  
1.603776218  
1.993951446  
0.2693612058  
-0.5375749911  
-0.4761886629  
-2.62731537  
-3.275085588  
-4.73439025  
-1.528343557  
-2.231295881  
-3.420448783  
-2.394441066  
-1.376891083  
-1.223275687  
-0.690181642  
1.018160826  
-0.6341430224  
-3.510156823  
-0.5852191304  
1.835668786  
-0.7629959007  
-1.336718225  
0.2551610381  
-1.25338572  
-1.266232806  
-0.2718988483  
3.315074827  
1.845581636  
-1.546971205  
0.9279561261  
1.111178293  
-0.4742209052  
-2.130793949  
-2.49264117  
-3.361009331  
-0.8884508182  
-0.7539859554  
-0.2410859314  
-1.816392328  
0.3359230323  
2.731194087  
0.6501423865  
-1.326555817  
0.01471220374  
2.91861441  
2.630380214  
-0.1364988304  
-0.1354209142  
2.784246178  
0.5733249846  
1.580589632  
1.779634244  
1.333813612  
1.275949778  
1.471164244  
1.542237202  
2.862671337  
-0.3196250661  
1.655667406  
1.390073289  
0.121844504  
1.038832896  
2.114616326  
-0.7591407481  
-0.05890809707  
1.503918008  
-0.07953783558  
-2.687047129  
-5.461772815  
-2.963663566  
-1.205000897  
0.8109965406  
-1.110123154  
