-0.5172742523  
-0.3530237576  
0.3982577366  
-1.390869195  
-0.5547325514  
0.5629059936  
1.778689557  
1.485374077  
-0.02715886546  
-1.579397882  
0.6886152375  
2.40556669  
1.513969199  
1.647109702  
-0.7974314974  
-0.4789241526  
2.813609742  
1.771533594  
-0.1168248655  
-2.672331141  
-2.68878414  
-0.09178474248  
0.6859243582  
0.2199741593  
-3.475775438  
-2.045115484  
0.3063991385  
0.7946953466  
-0.1518511433  
-3.335590962  
-1.9773079  
1.786183669  
0.4378876608  
1.179940873  
-1.775926375  
-1.683757271  
-0.7022991222  
1.490410086  
0.9650367486  
-0.5052312305  
-2.449511138  
-1.452558176  
0.6918744232  
1.219263484  
0.5648508492  
-0.5926578517  
-2.289919355  
-0.9291992312  
0.7766940177  
-0.2281039498  
-0.5146843718  
-2.091397498  
-3.332738034  
-0.01071972852  
0.5345858428  
1.456645811  
0.4742851541  
-1.036446513  
-1.260501437  
-0.3034898176  
2.044455747  
0.1650156912  
0.5992317173  
0.4798520661  
-3.611705742  
0.1595264672  
1.006938206  
-0.3590497497  
-1.677950816  
-0.6314481838  
-0.107724467  
-2.355810255  
-2.819926582  
-1.48774677  
0.07073292481  
0.3890001994  
-1.542854768  
-1.850565412  
0.5228168568  
0.4563057968  
0.1253253409  
-1.563492502  
0.5945266678  
0.3476773997  
-0.93025141  
-1.55509993  
1.609708626  
3.03330622  
0.2526691023  
0.8698080207  
1.219659243  
2.304469359  
-0.1169504058  
-1.980719587  
-1.029158581  
0.8686306334  
0.8404787951  
-2.724295952  
-0.49071211  
2.442422716  
1.676399622  
-1.057691086  
0.05536059108  
1.63483404  
2.638923041  
0.7959907149  
0.05609061193  
-0.8525523967  
1.01208335  
1.900156601  
-0.1166568008  
-1.67939671  
0.3372779399  
2.060960983  
1.707869967  
-0.8988366256  
1.041729653  
2.958266318  
2.133998012  
-0.6738049047  
2.880507956  
1.890470032  
3.448562583  
2.168634577  
2.325936396  
1.791338738  
-3.37115356  
3.4068207  
5.668756172  
5.90399326  
3.954977997  
2.990268475  
1.782250892  
-1.610455662  
1.771375934  
1.182248307  
2.429150795  
3.444720886  
2.615959976  
2.968086446  
3.62753249  
2.097397006  
1.808816947  
2.542409308  
0.4967311683  
1.489339263  
1.448433571  
0.4211639651  
-2.312495961  
-1.393571876  
-0.4241166835  
-2.984069341  
-2.79686104  
-3.237150033  
-3.983279143  
-2.805874427  
-3.026760569  
-3.358917617  
-2.251276759  
-3.837253954  
-0.7846135806  
-1.459252083  
-2.698217484  
-2.544255858  
-3.456530298  
-5.10270928  
-0.8293205464  
-3.273520295  
-1.531254897  
-0.969764692  
-0.9558055408  
-4.877001205  
-2.768238798  
-1.555807068  
-2.9272207  
-4.476566856  
-3.137537062  
-1.565723209  
-1.058150027  
-3.072361851  
-4.55161657  
-5.414999453  
0.2808416048  
-2.599441869  
-4.051662422  
-3.80848254  
-3.274463401  
-6.69827803  
-4.454866441  
-4.217252277  
-4.607676811  
-4.150467859  
-4.35894738  
-4.377021286  
-5.08376322  
0.9031936231  
9.463388372  
5.889647464  
3.903132812  
2.856189764  
3.30434052  
5.009274632  
5.705273125  
2.1799613  
4.619690102  
4.789762381  
1.017479658  
3.354805798  
4.98020288  
1.976861072  
3.949228407  
2.570600992  
0.8225203605  
4.155371442  
2.681097632  
3.287055952  
3.640239287  
1.206483787  
4.370496723  
3.157144154  
0.9229171443  
-0.530458034  
0.09970236705  
1.450375624  
1.947451982  
-0.5563983532  
0.6841430965  
-0.9411909216  
-1.496960814  
1.076618354  
1.06548166  
0.1609329855  
-0.1430502809  
1.473178542  
1.315760119  
1.576980685  
1.938303392  
0.1621404807  
-1.900991956  
-2.170332674  
-2.172427488  
-5.123911745  
0.194006028  
0.5528926076  
0.125691281  
2.51338676  
-0.4703257055  
0.9517294246  
-0.9024097164  
-0.4483527565  
-1.905500963  
-1.93444044  
-2.09387374  
-2.106748324  
-1.064887105  
-0.230367586  
-2.618031602  
-1.318515545  
0.6030481538  
0.790067384  
-2.374565299  
-0.9674437531  
0.5332102567  
4.791088786  
2.1274274  
-0.4197381588  
-1.360747786  
4.177351586  
2.457616255  
0.8830834814  
1.3381514  
0.6131294134  
-0.6235564253  
3.077651849  
0.2445501228  
1.042056934  
0.5668866958  
-0.5775425657  
0.03128452755  
-1.343064286  
-1.606013635  
0.6440815542  
-1.098470021  
-2.537529937  
-2.316673324  
-0.5193678525  
-2.311837421  
-3.164806057  
-0.3546455421  
0.7888292719  
3.154038234  
3.441180786  
3.733665085  
-1.466398354  
-2.15771729  
1.487705425  
0.7474263726  
0.809642231  
0.3931196955  
0.2876827916  
-0.0556798435  
-0.07156185936  
0.6690203813  
-0.7644101151  
-0.3286099151  
0.6808502721  
0.1744040766  
-0.5567597431  
-0.3582112468  
0.2194081271  
-0.3181650184  
-1.478307615  
-0.8313506004  
-0.7107619859  
-0.2547958508  
-0.7551441325  
-1.808247165  
-1.706520995  
-0.8979253278  
-1.06182078  
-0.5972044824  
-1.404610365  
-1.803811252  
0.5413419756  
-0.1611257421  
-0.7836654343  
-2.465096519  
-0.9469658264  
0.2198657585  
-0.2393619131  
-0.2497647007  
-0.1123583486  
2.112538892  
1.639280059  
0.5078558397  
0.4355611194  
2.52084801  
7.364508207  
7.443635258  
4.160122786  
5.294261386  
5.339625904  
4.061183319  
2.915616249  
2.764618757  
1.02848298  
4.619892943  
4.755480129  
0.5868851027  
0.6386299257  
2.340747596  
2.859027956  
-0.5724450646  
1.213590794  
1.245148908  
1.970200508  
-0.2286255513  
0.03720472575  
2.385300459  
2.090950538  
0.2458473598  
-1.664246023  
0.09684010946  
-0.3320212895  
-0.07187737179  
-3.601971711  
-2.105055241  
-1.103146363  
-3.588911295  
0.8030417924  
-1.909155942  
4.331653891  
4.327840487  
0.1637406065  
1.540545097  
-2.192228836  
-1.955671298  
-2.418873669  
-5.292389645  
-5.636420719  
-2.062043299  
-2.045638832  
-4.263940331  
-2.139506653  
-5.261025364  
-1.139695563  
-4.132583755  
-3.747404316  
-3.319354263  
-2.466011617  
-5.761969501  
-2.846838036  
-5.56961707  
-3.28885805  
-1.784410657  
-4.394512745  
-3.077008404  
-2.488810114  
-3.21750737  
-3.916072021  
-0.1472903836  
-2.565293423  
-2.922318317  
0.8670616397  
8.55412821  
5.042635358  
4.090789905  
3.687839607  
1.639744888  
1.097698043  
5.448493117  
5.655274287  
2.752002451  
4.697436485  
2.635941769  
-11.78930043  
3.342774452  
3.852190167  
2.139809771  
0.5418792048  
1.163840142  
0.5426434498  
-3.893248349  
-6.892209553  
-0.5606433281  
-1.858971813  
-1.513879029  
0.09153798714  
-0.5304292357  
1.371080498  
1.620020767  
0.7749209703  
1.157072619  
4.95204909  
2.665183717  
2.664458574  
0.8180566387  
5.375229671  
-2.741930544  
2.110946217  
3.62942804  
-1.87329271  
-1.767298401  
-1.169574662  
0.3625719054  
2.151494958  
-2.279052348  
-5.120010821  
-1.471810809  
0.6469322085  
-0.3173461528  
-3.173452302  
0.02555101358  
-0.1382181064  
0.9556110215  
0.6156408591  
0.6316650706  
1.391905512  
1.507439941  
-3.989805871  
-0.4661832765  
-3.831272517  
-2.904759212  
-1.750425186  
0.2785962447  
-0.4519314681  
-2.306773996  
-1.420640613  
1.261400527  
-2.772385638  
-0.3040746362  
-0.2636098966  
-0.5544602096  
-2.017073612  
-1.559070916  
1.906223879  
0.3299993543  
2.076749951  
1.062467239  
1.387060654  
2.409488937  
1.907538961  
2.29257572  
-0.753281141  
-2.657865691  
-2.114404959  
2.095048133  
0.102551145  
-2.07582097  
-2.878498247  
-6.373202333  
2.002128524  
-2.307798552  
0.1209947  
-2.903375386  
-1.710324971  
0.6225426452  
2.183811222  
7.97966661  
3.373619956  
3.662349945  
1.696177904  
0.07310600754  
1.372454217  
1.888313099  
0.2899955878  
-1.499550926  
3.182703617  
2.836087582  
2.049315795  
2.849711396  
0.1607883653  
1.569964162  
0.5217745149  
3.824012188  
0.8640864135  
4.022122112  
-0.9065342711  
2.23430999  
2.982819496  
-1.516477654  
1.960609868  
-0.1815334635  
1.207765698  
-1.884878395  
0.7094428419  
1.317652756  
-2.141995413  
-0.1441586719  
1.018441761  
-0.2142266508  
-1.689077495  
-0.2978388611  
-0.1634688942  
-5.109799297  
-0.5538914921  
1.585348817  
0.6687323545  
-2.166465221  
-0.860705527  
0.05033492787  
-0.855739352  
-3.199384192  
1.685398228  
2.599582174  
-2.292373295  
1.250406121  
2.266860107  
1.792786904  
-0.5091664422  
-0.3953067009  
-3.108552191  
-4.070353375  
0.8237281509  
1.475405361  
-1.099766418  
-3.682876534  
-0.2682704612  
-1.565981883  
-2.904605468  
-1.696734573  
-3.516891127  
-2.128880728  
-1.902093011  
-3.5699724  
0.6928312451  
-2.461696141  
1.971269734  
0.865638706  
0.3112740029  
0.2170757715  
0.7795660699  
-4.218526743  
0.3965351382  
-4.926357647  
0.01872804118  
0.4242076342  
0.2372524538  
1.421181958  
0.02939420324  
-5.778013376  
-4.324855208  
-2.419258949  
-4.94035671  
12.06957733  
5.975695201  
6.320549031  
-9.131292158  
-1.458550199  
12.20916789  
