-0.9534005111  
-0.1163646406  
0.3976711826  
0.1601970146  
-0.5974749741  
0.1568420514  
1.337271994  
1.042886427  
1.100108047  
0.914077661  
0.08590588059  
-0.1010359353  
1.116967693  
2.102304555  
1.680125263  
-0.4770109163  
-1.124923433  
0.006579390072  
-0.6181167716  
-0.8341087903  
-0.7878051901  
-0.5696039077  
-1.582083815  
-2.300886352  
-2.119033471  
-0.9859587739  
-0.6988340608  
-0.3998434777  
-1.18008431  
-0.3389047044  
0.02940591833  
0.347270273  
0.4386946071  
1.23704076  
1.503348571  
1.205284311  
0.7574543141  
0.35705826  
-0.510568753  
-0.3169123443  
1.149784266  
1.773070777  
1.194112567  
0.141456021  
-0.7361817001  
-0.02627021023  
0.6602783075  
-1.037690861  
-2.771544618  
-3.412313633  
-1.716518699  
-1.041835578  
-2.702919539  
-2.288979951  
-1.16146802  
0.2450774809  
-0.1303619756  
-0.545404949  
-1.376722702  
-1.000720768  
-1.202567217  
-0.3900979452  
1.42320123  
2.344040226  
2.970563923  
1.576197751  
-0.5110440144  
-0.9925930806  
-0.8736413682  
-1.516624398  
-1.443637173  
-0.8163341319  
-0.2357673876  
0.6005470367  
0.5844976959  
1.481980056  
2.193655315  
0.9230997171  
-0.02827201593  
0.07415711066  
1.085590403  
0.9775434888  
1.02135982  
0.8948777613  
1.059080074  
-1.006156737  
-0.9173273894  
0.4594556166  
0.9598341865  
0.5710192411  
0.3210380993  
-0.3748036739  
0.1838580624  
1.734413769  
0.7895019638  
-0.1919147374  
1.040218599  
0.3031848284  
-1.526191553  
-2.115734398  
-1.958319623  
-1.848769654  
-1.164863111  
0.1748223061  
0.4234070059  
-0.04332307232  
0.6422460725  
0.4013059997  
-1.371803779  
-0.9813155083  
0.4389744858  
1.126802047  
0.5661785875  
0.8686358162  
2.54213094  
1.767852926  
0.2913880986  
-1.16063953  
0.4666457763  
0.08675789132  
-1.054677504  
-0.7408190729  
-0.0003176643957  
0.560887072  
-0.170594436  
-2.112238749  
-0.8238937621  
-0.496729023  
2.473028436  
0.2611607446  
-1.895612999  
-2.707221628  
-4.232593225  
-3.187021481  
-2.314070319  
0.5536171253  
0.3871208581  
-0.1853560867  
0.4603718816  
0.6160824119  
0.2291527093  
-0.5270803613  
-0.7297706137  
-0.1673684405  
0.6264801209  
-0.007054139445  
0.2633914807  
-0.1485467334  
-0.2887434615  
1.093855461  
-0.9521533964  
-1.722076921  
-1.35969809  
0.09078615955  
-1.169774247  
-0.7217046191  
0.6450352805  
0.3314981631  
-0.3020531698  
0.266403152  
0.115556997  
2.471230495  
-0.3774470393  
-1.09300168  
0.000308153449  
1.155183911  
0.863180564  
4.553341984  
3.401913248  
1.803586738  
0.3183346312  
0.4849647471  
-0.312451568  
0.5844377958  
2.076711409  
0.6444825952  
-0.1327572156  
-0.1364733583  
-1.881908126  
-1.639637346  
-0.5742722161  
1.915860534  
0.9837862994  
-0.8727744252  
-3.287778027  
-1.386369964  
-2.141043365  
0.06722736297  
-0.127428996  
2.462659281  
2.841703912  
2.926876829  
1.67591546  
0.9183941746  
0.9339957527  
1.838634081  
3.401710673  
1.281617217  
-0.02508816547  
1.500987475  
1.461791493  
-1.19952662  
-2.600939593  
-2.53368716  
-3.166415677  
-2.356625676  
-2.260585353  
-1.77364304  
-0.3345289439  
-0.02926123874  
-0.3956913219  
0.304497156  
-0.8039746178  
0.6471355258  
2.152084286  
1.1807908  
1.203607051  
1.648462807  
1.334125591  
1.913823077  
1.904137473  
1.256812396  
-0.2095707705  
-1.212511605  
-1.751064555  
-0.6821974235  
-1.569207862  
-1.75431704  
-1.04709002  
0.3478130317  
0.505441804  
0.2961374515  
-0.6458012943  
-0.4231766921  
0.5661067467  
0.9631874662  
0.9452684535  
0.09312905822  
0.4401180024  
1.961943871  
1.413843202  
1.710918556  
2.426588646  
1.881705127  
-0.4415030525  
-1.688964607  
-0.7035980772  
0.1921506086  
-0.4912557549  
-2.45688239  
-1.906288804  
-1.565595732  
-0.6597090291  
0.002388244433  
-0.4649772213  
0.2678482259  
0.9899308623  
0.1641103736  
-0.4269824388  
1.175493061  
1.121020546  
-0.2463420507  
-0.9188689509  
-0.8295422563  
0.6216893888  
-0.438454503  
-1.090109381  
-2.143649256  
-1.761963232  
-1.966838349  
-0.9576090528  
-0.596457539  
-0.4032430491  
0.586295501  
3.831496166  
2.568479816  
1.480440621  
0.4781302638  
-0.1228496783  
2.335440902  
2.164180114  
1.292889716  
0.951229045  
1.047699619  
0.4723083817  
-0.5396313011  
-0.4222112643  
-0.3538252572  
-0.2412317704  
0.3824213857  
-0.8584546686  
-1.30982867  
-2.40333442  
-1.308930981  
0.4312578974  
0.9716077953  
0.05715727683  
-0.9123885027  
-0.8236631761  
-0.7718120329  
-1.800449409  
-0.6835022889  
0.70565091  
0.7487502276  
0.7804290271  
1.64386369  
3.242771326  
1.14435156  
0.2515537584  
1.064891186  
0.2733147607  
0.1302640857  
-0.6932072428  
-1.825778125  
-2.168590592  
-1.721182309  
-1.397988929  
-0.3227066246  
-0.3253000901  
-1.51271804  
-1.021773834  
0.8043813535  
0.7298475742  
0.03122272475  
0.1329217514  
1.141478445  
1.209452548  
0.5324635717  
1.101250405  
1.42942123  
0.8861702953  
0.1123954005  
-0.2004251423  
0.1475535601  
-0.663020227  
-0.1953164707  
0.1914623742  
4.952830661  
0.6198550517  
0.05518104334  
1.998796233  
1.641288474  
0.9366315117  
-0.2422339637  
-0.6444848836  
0.7105886806  
-0.357438147  
-0.09764623499  
0.755898828  
1.423432366  
1.039545304  
1.164554903  
-0.03908419023  
-1.143394976  
-0.555238972  
-0.07599821348  
1.136884232  
0.7692513326  
0.9896690208  
1.165599111  
0.9904886657  
-0.07824515534  
-0.1561879133  
-0.3374139439  
-0.5042257257  
-1.547732201  
-2.568347242  
-0.4136896363  
0.8778495452  
0.2994886024  
0.2652780964  
0.1765529596  
2.577707301  
0.7307128441  
-1.096806181  
-0.4991793169  
-4.276174086  
-3.828287946  
-5.374951558  
-3.881721602  
-2.352679117  
-2.336366249  
-3.063245202  
-1.933676056  
-1.06679912  
-1.161579565  
0.8640867812  
-1.075758147  
-0.4754128055  
-0.2184800661  
-0.6453913735  
-0.2153000035  
1.239228984  
0.4007299174  
0.4508614626  
-1.107221879  
-0.6287577196  
0.4154038213  
-0.7923881777  
-0.7580887774  
-0.6918362733  
-0.2366593627  
-0.02311855219  
-0.15614146  
0.7488261812  
0.6537818433  
2.494072081  
4.172262512  
2.572553926  
1.276472877  
-0.09499100457  
0.1804053551  
1.550112928  
1.328447396  
1.209494426  
1.446934932  
1.983065236  
1.14905483  
-1.184369548  
-0.1512869059  
-2.161991533  
-4.205908901  
-3.960651983  
-2.287789641  
-1.333750128  
-0.226361556  
-1.550944203  
-0.8122334563  
-1.339593171  
-1.049486303  
-2.821060657  
-1.844364534  
0.2472959261  
4.844757302  
3.364355434  
1.254040132  
1.040563118  
-0.2553322738  
-0.9470199328  
-1.343392177  
1.577681827  
2.017573612  
1.084264859  
-0.5003579556  
-0.1628276952  
-0.1454901829  
-1.632492352  
-0.8598352816  
-0.9421283006  
-0.2470641405  
-0.3092695437  
0.8221545739  
2.000715701  
2.425720148  
0.1209874515  
0.9828534556  
0.7532075381  
-1.392841925  
-1.548373285  
-1.88726113  
-3.165919827  
-3.982104399  
-0.8972327707  
-1.202807482  
-1.024979527  
-1.131816268  
-1.442298086  
-2.164538323  
-1.076693318  
0.6790746618  
1.084765032  
1.948229766  
0.8353707754  
0.524190237  
0.2593292731  
0.0566080072  
0.5933387318  
1.042140338  
1.834943069  
0.7621434703  
1.805770189  
1.939443165  
1.693992146  
2.317398781  
2.511677099  
3.46016093  
-0.2785347253  
-1.603518152  
-1.539359757  
-1.471555582  
-0.6936859849  
3.434432605  
-2.863977437  
-0.5261781376  
-1.263791311  
-0.4043624502  
1.19320183  
0.9918832831  
1.193757597  
-0.5505903635  
-2.360506207  
-0.9061743005  
-0.6367864017  
-0.4201878301  
-1.219665028  
-0.8527423401  
0.3873570273  
0.1394549304  
-0.07525262605  
-1.498320114  
-0.01803953947  
1.262300263  
1.216209278  
3.370087409  
2.409099107  
3.469013181  
1.862858794  
3.249127687  
3.331334842  
3.472119535  
2.171818253  
1.620931587  
1.995224207  
-1.322689139  
-0.5875737091  
0.1157216677  
2.542398642  
-0.08884987685  
-0.4532789197  
0.5126202547  
-0.782025067  
0.4408979788  
0.7959253769  
-0.7631024346  
-1.374969181  
-0.1985258322  
0.8977393788  
-1.127904575  
0.1519442871  
1.021442198  
1.877893784  
1.183893939  
1.777476962  
2.245804352  
1.697872555  
0.33179005  
0.421133795  
0.5225599466  
-2.699784195  
-2.858606556  
-3.543107448  
-2.918295976  
-1.866508462  
-0.5383567429  
0.1067545895  
-0.9477324026  
1.02112329  
0.9562180184  
0.7435692683  
0.8016735016  
-0.3536654671  
-5.51756161  
-4.019808712  
-6.642289763  
-5.889686644  
-3.959315548  
-0.3696126158  
-1.438481582  
0.02571758865  
-0.389217926  
-0.7967216723  
-0.6329624035  
-0.08723010848  
0.1194595515  
0.7503863074  
0.6342575619  
2.98070769  
1.777645363  
0.4030443384  
0.6369469631  
0.0840165149  
1.270605247  
1.745986928  
-0.2228409551  
2.944659777  
0.7613539809  
-1.933737176  
0.02502424652  
-0.08137050801  
4.713375075  
