0.6276911781  
0.6509869677  
-0.3563531908  
-0.02524891473  
0.6367725464  
0.2628297075  
-0.7562306982  
-0.7315287595  
-0.104197005  
0.2595771667  
0.1272751572  
0.4206982579  
0.1782376178  
-0.8779723449  
-0.04658004843  
-0.005061141861  
0.03542730008  
-0.01698900623  
-0.1270073027  
-0.2240181929  
-0.05423579523  
-0.1347304896  
-0.06191646084  
-0.1755548947  
0.4752875119  
0.06874860349  
-0.2964001078  
-0.3099114619  
0.2790284279  
0.9890052492  
0.1776953493  
-0.285109853  
-0.550290144  
-0.8772204047  
-0.5498184123  
-0.1185464148  
0.3949662942  
-0.323143281  
-0.08473417321  
0.2926521518  
0.6767212791  
-0.002433293502  
-0.04562450749  
-0.1273780525  
0.002792145284  
0.006862718388  
0.4869883344  
0.4749768575  
0.7718678854  
0.1532653601  
0.3057973822  
1.058604783  
0.9660288934  
-0.2739816474  
0.1373107225  
0.1508115178  
-0.06472908508  
-0.3408077663  
-0.2222239598  
-0.2993261381  
0.06018306586  
0.3962017548  
-0.378297087  
-0.5212300934  
0.4223356986  
1.221199738  
0.7318067571  
-0.2932413459  
0.281499433  
0.5600256317  
0.6370395043  
0.7950662126  
0.8149655142  
0.3702917594  
0.5095440202  
0.4748352056  
0.2322967331  
-0.152951873  
0.0574509437  
0.4389583723  
0.1274099113  
0.2689560276  
-0.01158822004  
0.08066956551  
-0.003669960589  
0.1799778635  
-0.03125535083  
-0.4282605086  
-1.192611524  
-0.603881507  
-0.2813846186  
-1.254210382  
-0.8139518658  
-0.1371322278  
0.2145565066  
-0.1354566278  
-0.8831312032  
-0.1859383096  
-0.07389782235  
-0.8266944343  
-0.9392517143  
-0.5718219006  
-0.5614560758  
0.7688030163  
-0.5831118939  
-0.7391777423  
-0.4614327341  
0.1053005413  
0.9417185801  
-0.3329151134  
-0.596338991  
-0.3865699831  
-0.7426808873  
-1.142604687  
-1.634832122  
-1.004852756  
-1.209657952  
-0.9882263702  
-1.590611056  
-0.747972445  
-0.7893999853  
-2.227211865  
-0.2350310509  
-1.874029281  
-0.771979513  
-0.4588965697  
-2.131159792  
-1.366110969  
-0.03756698023  
0.5421612342  
1.529631496  
0.9819838129  
0.9843500499  
0.4831690591  
-0.2540200408  
-2.155630725  
-1.158328978  
-1.396038295  
-1.204026327  
-1.034539288  
-0.8995973888  
-1.846226933  
-2.39830726  
-3.035312254  
-3.638462574  
-3.846005278  
-4.679528885  
-4.087470685  
-2.668442868  
-2.798303228  
-1.864044392  
-0.8333906385  
-1.107779315  
0.1355494247  
0.5736203311  
0.8137411947  
0.3887238725  
-0.1382076338  
0.270211785  
0.9710922705  
0.07496701893  
-0.9736015838  
-0.1425247819  
0.64290631  
1.391623173  
3.362275836  
1.90978177  
1.769292508  
0.8301086144  
0.7952474947  
0.6684707103  
1.327830546  
0.6810231691  
0.6643031396  
1.127095784  
1.783208378  
1.698012417  
1.07934459  
1.369295091  
0.6409989038  
2.003564594  
9.316306251  
9.781174028  
8.583120352  
10.00173564  
8.557137456  
8.412750885  
9.919572032  
9.212359818  
10.0158661  
8.590289336  
8.269402364  
8.527496631  
8.166863706  
9.300859614  
5.949519879  
-5.118984431  
-3.669244506  
-3.886007932  
-4.851943081  
-3.768866874  
-3.023996129  
-2.703749486  
-2.578595775  
-2.319172413  
-2.986230424  
-2.525902049  
-2.052981595  
-2.898514893  
-1.99303803  
-1.452334214  
-1.992278831  
-1.220867511  
-2.376444235  
-1.7798961  
-0.3881116917  
-1.214271857  
-1.510484145  
-1.507103516  
-1.740145078  
-0.9405026711  
-2.584300375  
-3.314571112  
-2.611832626  
-2.05549357  
-1.266434955  
-1.423054712  
-1.285874222  
-1.010934369  
-1.358842919  
-1.575364  
-1.239963195  
-0.8096385517  
-0.9489513939  
-0.9753129762  
-1.884800706  
-2.374431395  
-1.653888865  
-1.981611223  
-1.089541449  
-0.295991118  
0.4655211602  
-0.005588528159  
-2.36664695  
-1.606899407  
0.5808965819  
-0.7468554264  
-0.7120454904  
-1.096126801  
-0.4688446381  
-0.4914867711  
-0.6693751454  
-0.4732341817  
-0.4752699079  
-0.5565227526  
-0.6782208142  
-0.5286054783  
-0.8025719151  
-0.8460927732  
-0.9164091003  
-0.2452588236  
-0.2955690293  
-0.1236844137  
0.1077648928  
0.6671510624  
-0.8052151594  
-0.2329446644  
1.128460907  
2.82013582  
0.241621334  
1.275781081  
-0.1448893506  
0.4436616696  
0.6286867951  
-0.4177192909  
0.04765924977  
-1.255694463  
-0.7919510685  
-0.6558490513  
-0.9899748472  
-0.6667909166  
-0.5921569392  
-0.6087450782  
-0.448530526  
-0.7767861525  
-0.2869169574  
-0.402524312  
0.1859130054  
-0.8061490356  
-0.8520984209  
1.129639565  
0.8232716756  
0.8678278981  
0.7899934965  
1.981498899  
-1.085568825  
-0.2244604762  
-0.4191957867  
-0.1333436178  
0.2022289041  
0.8023766296  
0.574758915  
0.4658443711  
0.6730841934  
0.8903084879  
0.4964097114  
0.3282058775  
0.4078661533  
0.2455135124  
1.003189402  
0.337804861  
1.260765176  
1.258281573  
1.205876182  
0.4409215093  
0.3995253033  
0.4763453859  
0.003482247109  
-0.3878990408  
-0.1335696381  
-0.09036197591  
0.07594619652  
0.0505649983  
-0.4123359784  
-0.7418832198  
0.07465340818  
0.116588576  
-0.7989242101  
-0.9675741923  
-0.483302538  
-0.9099756002  
-0.7722576982  
-1.265908658  
-1.291381975  
-1.336804116  
-1.241700202  
-1.57523125  
2.55734758  
2.95804558  
1.087087966  
0.1644905156  
0.413512524  
0.4043707943  
0.5582858729  
-1.217489642  
-3.1847418  
-2.505070722  
-1.36941188  
-1.518832033  
-2.893051878  
-3.5722244  
-3.41105411  
-2.925061322  
-2.45487389  
-2.054956999  
-2.543771897  
-2.937259677  
-2.501122508  
-2.54379138  
-2.776070887  
-2.351401737  
-1.657156559  
-2.162717579  
-2.740317754  
-1.912008309  
-0.933424378  
-0.4976253003  
-0.469780346  
-1.069967071  
-1.412342126  
-0.4983823634  
-1.011834152  
-3.178881985  
-2.245641054  
-2.099367311  
-0.5706493712  
0.5427737364  
0.7023580581  
2.100730611  
3.10963495  
1.375554089  
0.2622113949  
2.111104943  
0.6193652302  
1.509560178  
1.064727137  
1.743100916  
1.142125353  
1.411589149  
0.4758551975  
1.986254421  
1.0103026  
2.485234796  
2.240299199  
0.7226000842  
1.653661444  
1.325696367  
1.059707975  
1.433196354  
2.698627467  
2.056643944  
0.7947516475  
1.348017919  
-0.6253878725  
2.392890779  
2.397051538  
-1.051433564  
-0.4466283532  
-1.261238515  
-1.912116726  
0.27328609  
1.246138482  
0.9749335131  
0.6854180098  
1.174201522  
2.77318521  
-0.125784961  
-1.576595243  
-1.320976677  
-1.619815747  
-1.145886964  
-0.8115527738  
0.8178644153  
2.535658084  
-0.5442363251  
-1.660260014  
-0.9193337328  
-1.080991643  
-1.116914628  
-0.941236546  
0.05496452269  
-0.7865868388  
-0.603516393  
1.13590177  
1.721674696  
0.5155389792  
-1.033600511  
0.7854454196  
0.5368125634  
-0.9981967095  
1.951888829  
-1.358890117  
-2.082796765  
1.431779605  
-0.1926100244  
2.167106452  
1.560685199  
-0.3678779272  
-0.2473138233  
1.229743903  
1.114395969  
-0.5965731322  
-0.644099075  
-0.2061287867  
0.0876594992  
-0.4374918851  
-1.128009855  
-0.5249385015  
0.5796266148  
-1.587160137  
-1.773645245  
-0.6482180488  
-1.604328438  
-1.848261549  
-1.735466354  
-2.046081357  
-2.149377601  
-1.430763461  
-2.440808245  
-2.177873251  
-2.873294725  
-2.922184885  
-2.693765592  
-2.948664547  
-3.160095236  
-2.889056496  
-1.875411799  
-1.861011725  
-2.255383622  
-1.703369629  
-1.78775371  
-1.135250942  
-1.436021333  
-3.710610175  
-4.147349028  
-4.306118579  
-5.166011647  
-4.640060432  
-4.30252483  
-4.719238726  
-3.129849224  
9.443881691  
8.285760073  
6.886230687  
6.454516696  
3.178460778  
1.566362789  
2.858363449  
6.561098698  
10.00668098  
7.843271343  
8.083548731  
5.303902642  
4.530030205  
5.379919558  
4.010134899  
1.612918005  
1.66381979  
4.852642046  
5.139963315  
4.336912736  
3.521445947  
2.198356224  
1.017672441  
2.510583867  
1.491342149  
3.136769352  
0.8494762807  
-0.4718915321  
1.267434077  
-0.1215602851  
0.08245480631  
-0.1429071695  
1.415929051  
0.3576068046  
0.9161701609  
1.107595042  
0.8521826169  
-1.063810705  
0.6622204195  
1.417104833  
-0.9290660319  
-0.5960216531  
0.2013938  
-0.8627565833  
-2.419680542  
-1.098697556  
0.6207766287  
-0.5817401326  
-0.6699416516  
-0.3337364102  
-0.062003739  
-1.086533984  
-1.507576367  
0.07102932411  
-0.633612342  
-1.946313124  
-0.6086034021  
-0.07474879865  
-0.6524252587  
0.4306643035  
-0.5048161579  
-1.244440998  
-2.250878577  
-0.7838674552  
-1.597298803  
-1.955159908  
-1.204333898  
-1.24155361  
-1.626188554  
-1.441860878  
0.4944478226  
-0.8595854463  
-0.1579807046  
1.581235995  
0.5002757303  
-1.011485593  
-0.8309016355  
-2.579471302  
-2.652961687  
-2.978752066  
-3.365063948  
-2.684724429  
-3.167841092  
-1.534861191  
-2.600939577  
-4.231420407  
-3.759228983  
-3.035058911  
-4.45804522  
-1.229505782  
8.688602874  
12.41725588  
10.60134268  
-1.881879469  
6.412889102  
1.956463648  
-3.225379489  
-2.227356937  
6.310102389  
