-1.938617672  
-2.065729828  
-2.360880392  
-1.6824978  
-0.08426982598  
0.497369708  
0.895995365  
1.521690817  
1.144582908  
0.5427173832  
0.4012019164  
0.9302334843  
1.343084414  
1.816584616  
2.779448863  
2.269557626  
2.095597119  
1.082358208  
0.9452592297  
-0.2276751436  
-1.718448151  
-1.491797836  
-0.5677531192  
-1.261626612  
-2.819436636  
-2.428857106  
-1.178117698  
-0.8149935618  
-0.5096241019  
0.7165542348  
0.245018025  
0.4846715404  
0.4422112747  
0.9472260494  
-0.2050591216  
-0.4225350896  
0.7786094536  
1.750967803  
1.875573554  
0.1863303732  
-1.074814872  
-0.8470648017  
0.1108190529  
1.035867382  
1.459370184  
-0.1868642565  
-0.226072692  
0.6419975645  
1.481652322  
0.9228765423  
-0.932929193  
-1.423664024  
-0.6312238471  
-0.2270757477  
-0.8758137421  
-1.309728979  
-1.137942924  
-0.6182039078  
0.02154732603  
-0.9057624864  
-1.199014868  
-0.9067158757  
-0.3788328725  
-0.9738784695  
-0.9743155056  
0.06705339911  
-1.05358875  
-1.608294395  
-0.6768224538  
0.07004176136  
-1.224357915  
-3.531596057  
-4.184475608  
-3.277674833  
-2.404234853  
-2.305381137  
-1.569693084  
0.5966927981  
2.527433991  
3.236538329  
3.715340139  
3.013970969  
2.550676905  
2.186795358  
1.766327997  
2.266927181  
3.14921569  
2.4477721  
2.582281353  
5.77312459  
7.550663488  
4.869739085  
0.1349697169  
-2.59066203  
-2.408202103  
-3.160341954  
-4.678469346  
-4.38040964  
-2.545882585  
-1.538669638  
-1.400300322  
-1.301532532  
-0.4325145534  
1.920547622  
1.723755311  
-0.3427091521  
-1.669177236  
-2.661256482  
-1.344799017  
-0.1514267825  
-1.366680223  
-2.060745928  
-1.010470073  
-0.05723069406  
0.2568533488  
0.7567821504  
2.401637213  
3.285825025  
2.322788466  
1.976412839  
0.6102859924  
-1.651933827  
0.2513645586  
1.706603956  
2.65230572  
0.7512910249  
-1.360287216  
-0.539825092  
-0.3429984369  
2.410501914  
4.376483933  
4.407999047  
2.074229036  
-3.078381798  
-7.387276993  
-9.297232353  
-6.322165768  
-3.059668621  
-1.739533994  
-0.3282243573  
0.7362045467  
0.633903882  
-0.4401839323  
-0.5885190564  
0.2304234835  
0.3678501111  
-0.473871118  
-0.7514543484  
-0.3372658325  
-0.3500599431  
0.0008644034506  
-0.6945212565  
-1.917786712  
-0.675865373  
0.03063270505  
-1.404564649  
-2.121295232  
-1.412075636  
-0.1734074931  
0.6762659712  
-0.6414067216  
-0.7392916216  
2.247080802  
3.840336983  
1.580248488  
-0.6661311603  
-1.554603164  
0.04824957196  
3.548455771  
5.015223204  
5.117970711  
5.031236199  
3.828057924  
2.406690269  
2.850248414  
2.675670091  
1.009261834  
0.8398302242  
1.492863057  
0.7311999846  
-0.2643373462  
0.1333662281  
1.653155577  
3.357849354  
3.910875697  
1.564916064  
0.2938217969  
-0.8386407709  
-2.641633206  
-4.681244576  
-4.097925898  
-2.901188098  
-1.371437876  
-0.7848403776  
-1.053111215  
0.7679133103  
2.339176073  
-0.7730095941  
0.02162036776  
-0.4012335606  
0.02747340364  
0.3922187708  
0.4268918513  
-0.2349799326  
0.1719046292  
-1.017384326  
-1.663084745  
-1.341078692  
-1.823416455  
-2.251675898  
-1.117901101  
-0.7921946912  
-0.9485054134  
-0.656083929  
-0.5599510848  
0.9639315348  
0.5750463603  
-1.200418725  
-1.062682314  
-8.036575914e-05  
1.727078422  
1.565675709  
1.713546373  
0.6780776395  
0.4487509063  
-1.412417017  
-1.546863306  
-1.54771856  
-2.659289225  
-3.458903542  
-2.305379641  
-0.6260021425  
-0.04350067259  
0.1656833644  
0.1364512126  
1.714352187  
4.984935496  
3.746258749  
2.773057489  
2.87756765  
2.329476594  
2.277428818  
1.874461968  
-1.34867572  
-1.678858326  
-1.500498431  
-2.498808404  
-1.80625797  
-0.8294703912  
-1.089252558  
-2.860605796  
-3.196297255  
-2.410211811  
-2.570514785  
-2.699869625  
-1.920105359  
-1.694344751  
-1.324510532  
-1.007414075  
-1.77438516  
-1.155813499  
0.5083748467  
1.733461739  
2.635971346  
3.925983735  
4.160754787  
4.708533288  
4.690796031  
2.204353206  
-0.1370395008  
-0.268637559  
-0.3234597129  
-0.1879577933  
0.01367760448  
0.06753472887  
0.1480885535  
-1.509140741  
-0.3389557996  
-1.346480254  
-3.50181132  
-1.921271255  
2.441791674  
4.225541773  
4.165782721  
2.616146144  
1.910998323  
0.6423076792  
-0.02296686136  
-0.9753253929  
-1.269112795  
-1.090815664  
-2.96131019  
-2.247358717  
-1.745457664  
-0.2236569541  
2.358998889  
3.09483431  
1.47002818  
0.4932420969  
-0.3479556813  
-0.5389467453  
-0.5949365895  
-0.8588617861  
-0.5021461431  
-0.6616362089  
-0.6436631109  
0.1635815544  
1.360886615  
0.993607768  
0.08726703077  
0.005641184361  
-0.4857182959  
-0.5126350168  
0.2166459381  
0.1624353185  
-0.8993922493  
-1.912851824  
-2.56612972  
-2.042878454  
-0.7774621173  
-0.9985740192  
-0.2396896165  
-0.1417262647  
-0.5513125775  
-1.047399088  
-1.183148161  
-0.9161065447  
-0.4755689482  
-0.3498982107  
-0.3780280565  
0.166206277  
0.619918408  
2.650393417  
3.791576212  
3.127161495  
1.273873219  
2.202374574  
5.32096576  
4.210363984  
2.597263937  
2.228323241  
2.453173018  
2.142072275  
0.7912746248  
-0.0834324038  
0.3274690331  
1.109569115  
2.38006971  
1.170193051  
-0.155730534  
0.2897677976  
0.559524854  
1.506342833  
0.376650482  
-0.5169624754  
-0.7874639376  
-1.475419771  
-1.384584013  
0.3214139553  
1.584636078  
1.784724501  
2.626146298  
1.657892882  
2.552910735  
3.858545888  
3.804871789  
2.348460441  
-0.4789082996  
-2.005064526  
-0.3315749367  
1.678053472  
3.409659245  
3.420981266  
5.890243727  
6.493067888  
5.720766489  
6.245754392  
1.797330789  
-3.251480062  
-7.566253153  
-9.772477171  
-8.813627573  
-6.65062706  
-5.736427429  
-4.738930876  
-2.915528104  
-4.890006899  
-3.870083973  
-3.697769294  
-3.710983359  
-4.134330006  
-3.809581684  
-4.436588471  
-3.445907598  
-2.599574881  
-1.580264836  
-2.101533536  
-4.279615071  
-3.482509441  
-2.351133219  
-3.162601107  
-4.514735765  
-3.628510066  
-2.360568515  
-0.1488599724  
-1.325548728  
-2.152761288  
-0.7171751814  
2.514118146  
2.946603492  
3.109546856  
3.763991419  
4.447622302  
4.634594006  
2.6646503  
2.107816493  
5.461410323  
6.119051485  
8.018267549  
5.948292134  
5.396503355  
4.990519437  
0.7699333606  
-4.671397659  
-7.725201932  
-5.016331504  
-1.752898762  
0.3404422555  
0.7096603184  
0.3136581531  
-1.147362479  
-2.524971801  
-3.655545639  
-2.612939229  
1.779119595  
4.660606387  
5.438678828  
6.974546198  
5.136760407  
0.6671413055  
-5.529761548  
-5.328326425  
-2.22987946  
-2.434495035  
-3.941141039  
-6.126470188  
-7.016241535  
-7.862964041  
-9.2971856  
-9.633770608  
-8.554452638  
-8.848645908  
-8.507408415  
-5.39002303  
-2.396201452  
-2.713178943  
-3.044576583  
-2.174681808  
-1.896584858  
-2.884006681  
-1.567341673  
2.05935317  
2.446258616  
1.052011864  
1.517562144  
3.614705328  
3.841090119  
2.945934659  
0.8619786831  
1.248247964  
2.064039178  
2.240517195  
4.760357347  
4.024428242  
0.9571016944  
1.137466554  
0.8982832648  
0.3653120946  
2.067721586  
2.651687089  
1.330461541  
1.295082234  
2.033727114  
1.040204988  
-0.6914772266  
-2.036474669  
0.01648502558  
-0.07367858538  
-1.044280203  
-2.216187927  
-2.208487009  
4.664382483  
2.48938748  
3.264744092  
4.062813124  
4.781660562  
3.09944155  
4.617737496  
6.906539111  
4.717587252  
4.165152628  
2.685229288  
1.40930433  
0.3333238721  
1.485039495  
1.761660598  
0.7123126328  
0.1338543705  
-0.2100186666  
0.03602978777  
-0.2689900281  
-0.933263928  
0.5911662542  
0.08470507933  
2.208156318  
2.37952347  
5.058841809  
5.537234348  
6.175659279  
4.090306756  
3.646565637  
1.73130398  
0.2912958496  
2.003384052  
-0.3678048388  
-2.008251115  
-1.957198162  
-0.07423064467  
-0.3054888645  
-2.780140872  
-2.724343484  
-2.658324771  
-3.567020208  
-3.209776154  
-1.803935807  
-3.311780649  
-4.276107648  
-0.8579800779  
-0.2366888297  
-1.92382212  
-2.545173084  
-1.528551293  
-2.000520928  
-2.864476225  
-1.608112743  
1.364589322  
1.595981277  
0.4560778844  
2.262929073  
1.456666508  
-1.927495467  
-3.498586717  
-4.136202923  
-4.819726568  
-4.563028627  
-2.458756268  
-0.6060525751  
0.3730706232  
2.497324396  
2.826798463  
1.18469331  
1.587019127  
0.06756837717  
1.501621485  
1.170405311  
-0.8491798212  
-1.040650237  
2.659486912  
1.96495911  
3.178248553  
4.778627366  
0.7295482618  
-1.29367474  
0.6374756929  
0.7825363111  
0.4157669352  
0.249189147  
1.739885992  
-0.7565842232  
-0.2422245399  
2.974461535  
0.5699542271  
-2.1695321  
-0.5947914773  
1.824330645  
-5.977136107  
-4.494117083  
-1.68440291  
1.786195217  
2.54005438  
