-1.600572238  
-0.5868658954  
0.9896638576  
0.7212375558  
-0.4600700649  
-0.8351905352  
0.01907185553  
-0.06299346663  
-0.04528973605  
0.09671251018  
-0.6505870712  
0.1743808993  
1.690782763  
2.057255008  
-0.009149671917  
-1.51339212  
-1.047560659  
-0.4862238557  
-0.4030026779  
-1.084806938  
-0.3678128689  
-0.5662094028  
0.7877510559  
1.335523897  
1.439912299  
2.130848245  
3.218530732  
3.494380476  
4.030656036  
2.83538577  
1.066846681  
-1.035825611  
-2.98356959  
-3.334399772  
-3.014728551  
-2.691646949  
-1.895624548  
-1.600111063  
-1.908197183  
-2.080602694  
-1.404203762  
-1.013800005  
-1.45799738  
-0.599107067  
-0.5891566795  
-0.826288426  
-0.8501210344  
-1.224974266  
-0.338147872  
1.437377758  
1.05325124  
-0.4116884327  
-1.335658583  
-1.131469178  
-0.3273838875  
1.562159356  
0.8028539877  
-1.19606054  
-2.237980961  
-2.884025782  
-2.337803568  
-1.047176706  
-0.001827803284  
-0.2349810099  
-1.067313507  
0.2255472724  
0.3206793053  
0.4813938917  
-0.05882428988  
0.1892916434  
-0.01059101741  
0.3571964871  
0.9301819074  
0.6736773508  
0.9285643869  
2.20837138  
3.65648589  
3.417199545  
2.630949342  
3.042032212  
1.577130572  
0.516786824  
-0.1035128475  
0.5516804349  
1.572070416  
3.097124527  
5.061972099  
6.193927676  
7.113586536  
5.517090921  
0.8406056182  
-2.611854258  
-3.676041303  
-3.266300212  
-3.646740993  
-2.893558009  
-1.888058805  
-0.3198783899  
1.332197387  
2.384212972  
1.697630094  
1.887115032  
2.298206956  
-0.3273288541  
-2.455814485  
-3.527211544  
-2.439637158  
-2.249816785  
-1.897728736  
-2.533950479  
-2.015829302  
-1.70604308  
-2.861573271  
-2.869221525  
-1.383690945  
-0.4367463442  
-0.3793920123  
0.382278994  
0.3131656818  
-0.4720829533  
-0.6011434346  
1.475122461  
1.368928253  
0.0628316475  
-0.9511521219  
-0.9753572499  
-0.005049705501  
2.225336987  
-0.1973536744  
-1.027760477  
-1.513113068  
-0.8891730752  
-1.765182343  
-3.864004251  
-3.793731648  
-1.714856237  
0.9534567288  
0.2791185156  
0.4976211562  
1.700601555  
1.64460153  
2.331229495  
2.439781927  
1.373192263  
-0.05058433911  
-0.3611059392  
-1.327020573  
0.2963561948  
1.640920623  
-0.4218814383  
-0.5619417283  
-1.862634892  
-0.8896104548  
0.2415781838  
-0.09881067557  
-0.1976859284  
0.07463919339  
0.9968846434  
0.9643481012  
1.481386617  
3.195245155  
1.190499416  
-0.5211774376  
-2.765087913  
-2.671252105  
-2.088156791  
-0.254149256  
2.090135937  
2.758745046  
1.467585133  
1.834751833  
1.063961835  
1.131528816  
2.173206595  
1.239386529  
0.143217631  
0.4650158738  
-0.4352828094  
-1.035548319  
-0.2173594797  
0.6763745964  
3.884548851  
5.157231821  
0.5830764574  
-2.294814662  
-1.439370849  
-1.907778501  
-3.407748908  
-2.428989012  
-2.435217014  
-1.393858233  
-1.631080317  
-1.628138065  
-0.7416901862  
-0.2371579461  
-0.05243536359  
0.4380548416  
-1.185805066  
-0.859807666  
-0.2034184893  
-0.1958970445  
-0.6444584287  
-0.932689399  
0.4395563341  
0.9072310195  
0.4402851542  
-0.2521141948  
-0.3435695514  
0.137628973  
0.1318449956  
0.1733943688  
-0.1329009743  
1.036248725  
2.206278028  
1.530968226  
0.766419466  
0.5587253018  
1.286469166  
2.067244789  
1.170484872  
1.36220898  
1.095266269  
-1.151966023  
-3.695214615  
-3.608546701  
-0.9147044357  
0.3682104272  
-0.5380512729  
0.9888019495  
1.333697412  
1.913395126  
2.171512277  
1.417461975  
2.318190874  
4.472125783  
5.54448839  
3.798134277  
-0.3084786062  
-1.533526846  
-1.737597698  
-2.146301691  
-2.900905847  
-1.873474351  
-3.715327964  
-4.059572292  
-3.480447713  
-1.832487383  
-0.2367052112  
-0.8032862531  
-2.097736853  
-0.5387527733  
0.6784235736  
0.1750313999  
-1.489335912  
-0.575719076  
0.5615735253  
0.4101031609  
-0.6121311173  
-0.4274254259  
0.37209639  
1.780829275  
2.316525375  
2.163871279  
1.60062677  
1.702094934  
2.717945225  
0.7360944857  
0.8856081236  
-0.5235484816  
-0.8031693479  
0.250124859  
1.796002431  
0.3929215363  
0.224767348  
-0.8037570352  
0.1672579799  
-1.906274686  
-2.157664718  
-2.721761608  
-1.749465777  
1.995965014  
3.509445101  
2.593910982  
1.561355887  
-0.09686468448  
0.4529746784  
0.1986158054  
0.002815499588  
-0.2167488137  
0.2907689764  
-0.4462222044  
-2.397934407  
-2.382472377  
-1.559244831  
1.204498925  
1.267975066  
0.5554973439  
-0.7006617635  
-0.4517496497  
-0.6808538575  
-0.6973276747  
-1.060893686  
-0.2178657396  
-0.7572608096  
-1.054964723  
-1.240540287  
0.3697628141  
1.645959709  
0.8855969316  
0.1712900706  
0.6625842149  
0.2838506771  
1.189948679  
1.307584905  
-0.93380133  
-0.836677845  
-0.1609998563  
-1.392968058  
-0.8127886323  
0.2199230806  
1.62457581  
1.539280343  
1.506903224  
-0.0170499459  
-1.62536728  
-1.192953073  
-0.5131040922  
0.5861182094  
-0.06087919122  
0.7960271103  
2.215529084  
4.860915171  
5.457762628  
3.002614611  
1.305969042  
1.038224469  
1.962214762  
1.102845074  
-0.6055919417  
-1.863182511  
-3.258207731  
-3.445905149  
-3.217707057  
-2.197243588  
-1.503679494  
-0.5702306029  
1.029294183  
-1.080137934  
-1.322604395  
-0.2049467946  
0.86554687  
0.1562075739  
-0.3791482377  
-0.2603882542  
-0.2502350519  
-0.218680515  
-0.07360978488  
0.4530118303  
-0.3223414023  
0.02795347965  
0.6131590497  
2.287202449  
1.298743828  
0.8974691893  
1.68132922  
0.9384830097  
0.6016368703  
0.1089309673  
1.70740992  
3.472804604  
3.908313019  
6.936959074  
3.679504936  
0.3100342362  
1.440937174  
-0.2902634067  
-1.091620558  
-5.828940746  
-4.769823468  
-4.177751162  
-2.791374966  
-2.630920772  
-1.742798818  
-0.123786979  
-0.2252159004  
-1.573050929  
-1.615660627  
0.2370455749  
-0.1092720461  
-0.2639972927  
-0.8758359573  
-1.311468476  
-0.8623717348  
1.288810542  
-2.282851436  
-1.994672501  
-0.3049204102  
-1.061738323  
-1.096678448  
-0.6102179557  
0.2650636253  
-1.736306584  
-2.726361333  
-1.464563636  
-1.795891914  
-2.280254583  
1.773516698  
2.798052308  
1.754482116  
1.33826012  
1.514605268  
0.9683807171  
1.901800223  
2.828989704  
1.900879757  
4.849188377  
4.202225021  
-0.3343641823  
-1.279514861  
-0.7351137891  
2.043980766  
0.3010022599  
-1.799555821  
-0.568754527  
-0.4165612829  
-2.528549063  
-2.190801984  
-0.8976899291  
-0.8840027237  
-1.247338116  
-1.492652476  
-0.9195233744  
3.191148105  
2.866295384  
0.9119497084  
4.165850254  
5.088556284  
0.9349525983  
-3.536662488  
-2.49220979  
-3.646623707  
-0.5933286612  
-0.6588948722  
-3.131571578  
-2.679394087  
-3.612876719  
-3.674769494  
-4.254643611  
-3.285857576  
-3.969842852  
-4.178852927  
-2.412963044  
-0.03207206978  
-1.727023239  
-2.122400517  
-1.853599107  
-1.972087531  
-1.491675786  
-0.7566502257  
1.042219225  
1.710877235  
3.074130932  
-0.2254091028  
-2.171998447  
1.087623623  
0.426689006  
-0.2936278775  
1.799220225  
1.23202451  
1.599698525  
3.281986488  
3.529717553  
3.332425178  
1.342254777  
1.585051319  
1.217902294  
1.706561275  
3.185299314  
2.1366773  
0.6041000466  
-0.3534058835  
1.023771249  
0.294686421  
0.4832481094  
2.416804702  
0.4037935513  
-1.990040026  
-2.581697722  
-2.085839812  
-1.706188408  
-1.215690101  
4.275865557  
1.337036735  
1.35999856  
0.7723949263  
0.6898438712  
0.204074666  
1.001107718  
0.4728654248  
0.6750728479  
1.528452766  
1.338507522  
1.891007499  
0.2807796474  
-0.6690218707  
-0.6087954862  
0.5671972097  
0.2183509821  
0.1809687206  
-0.4634195291  
-1.130879605  
0.01129692208  
0.62052374  
-0.4012611761  
0.08621648199  
1.046273281  
3.473914348  
3.36945663  
2.564835657  
-0.7781392743  
0.4921349343  
-0.2284066636  
0.3764333188  
0.317232475  
-0.4685617955  
1.730214578  
1.285985125  
-0.5816501861  
-0.5274353163  
-0.4051685033  
-1.834969342  
-2.088314408  
-0.2616714803  
-0.09975522424  
-2.173649446  
-0.04713288641  
1.410663705  
-0.2894523283  
-2.213142928  
-0.8361612839  
-1.906805082  
-3.244845558  
-1.56006185  
2.554360588  
2.428270753  
-1.176229692  
-1.39908903  
-1.524290097  
-1.270332729  
-2.08823717  
-0.9612240317  
-2.522760575  
-0.7015741425  
-1.334848032  
-1.07933197  
-1.961813304  
0.7884921597  
2.967075838  
0.7307964289  
-1.226952355  
-1.513944291  
2.764225868  
-0.6849267191  
-2.010274824  
-0.08986676489  
0.5105212808  
0.1234312709  
2.042312847  
2.319090594  
2.220501147  
-0.7427469585  
-1.126713372  
0.7628950563  
1.080189569  
-0.9763950103  
2.006880695  
-0.1181266449  
0.4000233783  
1.180874357  
1.767005751  
0.1578899668  
1.472918323  
1.867426032  
-0.09458290754  
-2.776300377  
-3.205338262  
-0.878251485  
0.251545999  
1.364630385  
-1.849416656  
