-2.159797407  
0.1152764351  
0.161718425  
-1.089808552  
-0.4063711561  
0.1111211588  
0.5113983523  
0.4140050291  
0.04883931795  
-0.1424985551  
1.185193002  
1.937595258  
2.472497618  
1.722381683  
-0.02994298102  
0.8630916947  
1.017405001  
-0.9924961881  
-1.431656256  
-1.202746087  
-0.5693270586  
-0.1068235037  
-1.72296657  
-1.508654871  
-1.60788495  
-1.37591269  
-0.5781508643  
-0.5522044546  
-1.896432652  
-2.218282127  
-0.7337557231  
2.096747222  
2.695008026  
1.758044674  
0.9274804704  
0.679797327  
1.565357225  
2.032576175  
-0.0659367322  
-0.9981404652  
-0.7658562447  
0.04339297153  
-0.6096386612  
1.213749435  
2.088089938  
2.478072587  
2.0524506  
1.604179445  
0.6577073355  
0.05071133096  
0.05269268978  
0.4639198553  
2.074584869  
2.440705116  
1.639914871  
0.3019907291  
0.7203407458  
1.922704604  
1.66098518  
-0.4915309849  
-0.9621742339  
0.2719456993  
-0.4807053238  
-2.053255843  
-2.149525998  
-0.8239886407  
-0.7298121248  
-1.719725694  
-2.29660287  
-1.505828897  
-2.030440422  
-3.651706777  
-3.726574887  
-1.772141442  
0.2540835505  
-0.4921924373  
-1.468696978  
-0.4823134494  
0.1190519152  
-0.6475042993  
-1.674812013  
-0.5831802051  
0.512057206  
0.152855226  
-1.260824638  
-0.1004835219  
2.32443103  
2.844521525  
3.254279248  
2.260739748  
-0.7510420168  
-2.119711422  
-1.636177591  
-1.941339647  
-1.732006005  
-0.6352820189  
-0.9588952678  
-0.7233160357  
0.3365629227  
0.625808014  
-0.5682070776  
0.6930309858  
1.528417454  
0.1943343739  
-1.025124438  
-1.416296943  
-1.475574549  
-0.9272134357  
-0.1387057119  
-0.5260545746  
-1.061942312  
-0.9405929201  
0.4228071539  
1.601826262  
1.702884691  
1.789812949  
2.804417963  
2.230750357  
-0.03671677872  
0.2703173845  
0.09859902577  
-1.463149596  
-0.6853425908  
-0.8875068328  
-1.708785113  
-0.6350971266  
-0.1815600143  
1.535099661  
1.23759284  
0.5852614357  
0.7922913854  
-0.6768430885  
-3.170623853  
-3.384526546  
-1.974139384  
-1.475738406  
0.3176053953  
1.534159246  
2.41921307  
2.710423818  
1.346607396  
0.295693243  
1.061746304  
1.635569176  
-0.5510619926  
-0.7825368344  
1.30190465  
2.280388135  
1.762911216  
0.323933939  
0.4116534746  
-0.5558604434  
0.02100367029  
0.6742175939  
0.2596074024  
-0.04076962073  
0.02600326913  
0.1697358566  
0.8472313905  
1.284591693  
1.785379065  
0.2208996119  
-1.102212231  
-1.622303079  
-2.174942478  
-1.273376514  
1.125935299  
1.064933501  
1.269188399  
1.300032811  
0.9417035964  
-1.027944552  
-1.090610738  
-0.3360167726  
-2.026964849  
-3.502487165  
-1.084611054  
0.9878564488  
1.47885223  
0.8831357866  
1.378267482  
2.122190763  
2.827176134  
0.8550387145  
0.1041387816  
-0.5918973411  
-2.53070115  
-3.301040995  
-1.947817004  
-2.015565966  
-1.757062514  
-0.3245466745  
0.2347532368  
0.2808832354  
1.073355644  
2.698850962  
3.710180969  
-0.8643504922  
-1.98153315  
-1.317035366  
-0.9682436741  
-0.1930778655  
0.4497937572  
0.5933949816  
0.6270108304  
1.385559746  
0.9450581539  
0.003886322689  
0.8702427144  
0.3043114802  
0.4745826286  
0.2074913625  
0.3840108646  
0.7623912102  
0.05177793918  
0.662941384  
0.3266234554  
-0.3461468787  
0.04484012711  
0.1684003871  
-0.07063280966  
-1.87512772  
-2.305986698  
-1.750192146  
-1.21216417  
-0.4365495441  
-1.487414045  
-3.230870824  
-2.519706602  
0.05358439796  
1.66388037  
1.219721341  
1.076188852  
0.9552491436  
0.9713320972  
0.2808894955  
0.9876910431  
1.102858853  
0.1255802265  
0.4284070895  
1.165840153  
0.8879305967  
0.1725822905  
-2.007363084  
-1.367942441  
-0.4751062835  
-1.022028798  
0.7563181091  
-1.414082666  
-1.63835583  
0.5567223223  
0.8355074299  
-0.8352688189  
-1.00494787  
1.00119341  
0.9411312365  
0.08786053905  
-0.6973430251  
-0.07369223538  
0.5754905866  
1.114831576  
0.2513959566  
0.1126960478  
1.566614177  
1.704866442  
0.5346516212  
-0.7387811592  
0.6178196763  
0.8689220468  
-0.2086698033  
0.4664333308  
0.7966140967  
-0.3606755931  
0.02418898056  
0.2113538645  
0.9291797997  
-0.1020463881  
-1.490715665  
-2.134392136  
-1.140370624  
1.696026757  
2.039132735  
0.3698021384  
-0.5848027513  
-0.5099805257  
-1.095026253  
-1.765724498  
-1.414289586  
-1.012010344  
-0.2149058232  
1.034763642  
-0.1553286332  
1.345953738  
0.6690597913  
0.6749881522  
-0.2896052408  
0.5508463108  
0.8539259053  
0.2664835842  
-1.013220577  
-1.573935221  
-0.869189754  
-0.3673866879  
-0.2407991344  
-0.4033195935  
0.2637579239  
1.168208027  
0.5455531159  
0.05275619691  
0.4061934493  
0.07203023795  
0.2844248654  
0.3729249471  
0.880521291  
0.7523264482  
-0.7761207423  
-0.6181851882  
0.751821213  
1.378850994  
1.38469739  
0.6335473861  
-0.1089067902  
-1.096955853  
-1.879698794  
-2.086200004  
-1.156722792  
-0.7761691761  
-0.5131130903  
0.05596340478  
0.3426083508  
-0.05975408562  
0.002326647719  
0.3619774604  
0.2100928484  
0.3975966938  
0.09489214017  
0.6951010718  
2.249407282  
1.604753896  
0.4391990345  
1.904505697  
3.097746567  
2.238179933  
1.558055531  
1.981486731  
1.859751104  
1.685742235  
1.764500978  
1.207541031  
1.281665396  
0.8654908908  
-1.077499036  
-3.031780802  
-1.490899349  
-0.694278968  
-0.7645866211  
-0.3999298922  
-0.7691634618  
-1.359547803  
-0.1854799061  
0.2342162789  
-0.02697394333  
1.24931547  
2.255711345  
1.06100083  
-1.528260034  
-1.314002775  
0.003991430356  
0.7973309872  
2.7136135  
2.799585889  
3.484746689  
2.356397204  
2.180547278  
2.050529958  
0.7906716348  
-1.619288469  
-2.800335059  
-3.948897861  
-3.656939458  
-1.035005049  
-1.194944105  
-1.774032299  
-0.2778205273  
-1.009598107  
-0.232827856  
-1.205185223  
-0.898580152  
-1.831436978  
-2.049806834  
-2.574831477  
-1.869293838  
-2.744306678  
-2.351963242  
-1.961008973  
-3.590019629  
-2.084286222  
-1.823772737  
-2.048491851  
-1.576412629  
-0.3891580288  
-0.9995842114  
0.4489916146  
2.261664628  
4.035273603  
1.619870427  
1.429754142  
1.864572187  
0.3832732856  
0.780536417  
2.264396728  
2.194968479  
2.135805375  
1.699617495  
1.301052309  
1.305033485  
2.899679938  
2.411411206  
1.265502527  
1.691880423  
0.9831453585  
-2.07752346  
-2.731038846  
-1.998258924  
-0.1355905192  
0.06813172583  
1.437071381  
1.237723809  
-0.2556783867  
-0.1527417887  
-0.2033574499  
-0.9341443111  
-0.1365827041  
1.258791941  
1.456887301  
3.160241342  
1.92656564  
0.02600732495  
-4.875947685  
-2.327880867  
0.09716517722  
-1.053542041  
-1.373994317  
-1.843920708  
-3.669089017  
-2.878955014  
-4.434841648  
-4.903533965  
-2.841252855  
-2.518137649  
-2.432263037  
-0.9919172062  
-0.2356971814  
0.9910556547  
2.238090183  
1.327657105  
0.2497708883  
-0.5283071756  
0.3667623697  
1.031910238  
1.623778732  
0.05030925743  
0.05007037689  
-0.06863631471  
1.153304453  
0.569090697  
2.081927505  
3.605668556  
3.628194289  
2.283835763  
3.323602497  
2.752092219  
-0.07243117979  
-1.603993298  
-0.540210399  
0.3318837037  
0.4296661425  
0.7279489893  
-0.8748485515  
-0.6595850441  
-0.164607784  
-0.215244776  
-0.2824662556  
0.8998299914  
1.740244463  
0.7456685902  
-0.116971865  
-0.2517808456  
-0.3291283676  
-0.03817761248  
-1.52993502  
0.7369240957  
-4.721999202  
-1.42509431  
0.3835746243  
0.02776953846  
0.5375380286  
0.6931050358  
1.715655949  
0.1451949392  
-0.663800884  
-0.5393386375  
-0.8238631351  
-0.5189144016  
-0.9762276269  
-1.157554057  
0.03272117787  
0.1120855118  
1.480433298  
0.2992740615  
-0.8263353171  
-1.146427161  
0.1193854608  
0.1968172812  
1.304122826  
1.796903115  
1.806893649  
0.311016686  
0.4504719889  
1.515971886  
1.867815443  
2.823881904  
1.079671172  
-0.797928711  
-0.8947282596  
0.3923001469  
0.792222837  
-0.0738827603  
-1.112272601  
0.06326263679  
0.1968896759  
-0.803519467  
0.7601067573  
-0.4028910909  
-1.197011453  
0.1276601186  
1.147892042  
-1.145916002  
-1.921105598  
-1.492586767  
-1.383964415  
-2.127051491  
-1.201873503  
1.350492799  
1.067953157  
-1.630229676  
-0.4351296221  
0.1304258664  
-1.951076234  
-2.057940444  
-1.940870327  
-2.015309037  
-1.443823734  
0.5220152315  
1.186961723  
0.3307387972  
1.735963298  
3.362208471  
1.273315053  
-1.437912668  
-1.155489729  
1.963249325  
0.4097449539  
-2.579065092  
-2.13956307  
0.675894291  
-0.4925690314  
1.290402505  
1.881386409  
-0.9227889904  
-1.635037578  
-0.822583443  
-0.9206401425  
-0.2135320641  
-0.8076222245  
1.181705582  
1.651060783  
-0.1857415757  
-1.351497939  
-0.8481575103  
-0.7689074495  
0.9462647369  
1.072617311  
-0.7792854363  
0.3226069385  
-2.039958146  
-0.1814588507  
2.260072683  
1.748163344  
0.7889079596  
