1.625989623  
-0.3511087902  
-1.434828625  
0.148459226  
1.570327422  
-1.185491605  
0.5401316163  
-1.472497464  
-0.6638452582  
0.7231632568  
0.5226895216  
-2.106069595  
-2.162251803  
-1.203487109  
-0.3478608665  
0.9922756256  
1.16535352  
0.2973840836  
-1.26832635  
0.8935886672  
1.172092717  
1.901238611  
1.280574131  
0.4599315146  
-0.9697698167  
1.82346216  
1.431051775  
0.5610200463  
0.3225184809  
-1.082018711  
0.9924891836  
1.5396681  
-2.629886999  
-1.71234507  
-1.119870376  
0.3210312234  
-1.063576415  
0.686028874  
-1.379006781  
-0.7717560473  
0.89108921  
1.25058101  
-0.992230294  
-0.06774747564  
-1.414812932  
-1.091173142  
0.213290653  
-1.666984297  
0.2485679411  
-1.385393026  
-0.3785171609  
0.5608648122  
-0.2016469354  
0.6664064284  
1.558752382  
0.4584009691  
-0.5391389666  
0.401243457  
1.145479075  
1.460734782  
0.4912074336  
-1.483826041  
-0.9432340268  
0.3384066866  
0.9861300444  
-0.6565610679  
-2.38315318  
-2.860065465  
0.5481871034  
1.274304587  
2.096970923  
0.6601290229  
1.31425953  
1.822955112  
1.573815898  
-0.1080808683  
-0.3032542825  
0.6090591666  
0.6582029038  
-2.293958769  
-1.772542991  
0.8714371864  
1.317443587  
-2.29706614  
-0.5454807442  
0.8532217733  
0.4005088718  
-3.089126903  
-0.454573743  
1.110047694  
-0.7643080161  
0.7656563186  
0.1564683697  
-0.2535738098  
2.370591296  
2.750024646  
1.003962015  
-1.033972968  
1.419639769  
2.397917621  
0.7741097381  
-0.7450834786  
-0.00909549724  
2.002563227  
0.4025957308  
-3.079375311  
-0.4458875081  
1.283817608  
-1.57237793  
-0.7334282429  
-0.6383928351  
-1.729884527  
0.5062604182  
0.08644604296  
-1.052168348  
-2.909988499  
0.3670460939  
0.8871846875  
-0.09318804601  
-1.860019346  
0.6185333505  
-0.7815930784  
-2.492802163  
-3.330370874  
0.9600132167  
-2.464989724  
-2.880824341  
-1.370227237  
-0.9241506007  
-1.470972832  
-0.5902743678  
1.882548225  
4.227909992  
4.054585376  
3.363044618  
-0.1327135578  
-0.1953745059  
-0.2069184684  
0.02183072708  
2.154487822  
2.96996975  
-0.2713679493  
-0.4633473719  
0.8383600513  
-1.293265263  
1.370312694  
1.982527878  
1.794356587  
-0.07436534459  
0.1706548769  
-0.1037486658  
-0.05475190058  
0.7459761683  
-0.1772762628  
-0.7907925658  
-0.2234903393  
-3.333194663  
-1.517410802  
0.4849351319  
-1.351699951  
-2.21820339  
-1.121670183  
-0.695018018  
1.665742522  
0.7738778826  
-0.9773276873  
-3.546584641  
-5.677968272  
-2.781089557  
-0.6181375912  
-1.137477753  
-2.992868387  
-0.7743977231  
0.4784332932  
-0.8959444697  
-0.2434495888  
0.7562655517  
0.6167064425  
-1.136905729  
-1.438471796  
-0.126285394  
-1.361103549  
-1.279060186  
-2.082487772  
1.949280967  
2.609012361  
2.922733314  
1.229862877  
3.071681834  
2.330372078  
3.222535296  
2.517592795  
2.644714209  
2.116238813  
-1.621539103  
-0.9177552551  
-0.05081465715  
-0.2053150302  
0.4923333301  
-2.429177681  
-0.13362787  
0.3987516369  
0.2969469931  
-2.258445848  
-0.5210232649  
1.551237628  
-1.633648313  
-0.3189385873  
0.8567407746  
1.053002371  
0.7157208248  
0.761021139  
-0.06404404169  
-0.8139904149  
-0.3194109363  
1.799165258  
1.865530739  
1.006661436  
-0.918344038  
-2.906116779  
0.141937138  
-1.362015353  
0.3054683069  
0.5141916861  
-0.001853020791  
2.016644025  
2.162254857  
-0.7680775044  
1.256665147  
1.896987062  
0.4544160302  
1.187171218  
1.918444843  
1.192396533  
-3.356702264  
-1.371165805  
-1.388389323  
-0.8512831337  
-2.031162331  
-2.081170312  
0.5637073071  
0.8765817608  
-0.5969280531  
-1.608562338  
-0.203927445  
1.198969865  
-0.6009784436  
1.824672257  
1.102277206  
0.9943403134  
0.1340091862  
0.01076220375  
-2.847564212  
-0.2940327876  
1.674720876  
1.780886631  
-1.199563171  
1.15872733  
2.00314373  
-0.3886556687  
-1.318643696  
0.6390513281  
0.9630001166  
0.5437563762  
0.2791351142  
-1.178651495  
0.7321729834  
1.409389563  
-0.1722260908  
-0.6506194155  
-0.3538883399  
0.199050186  
0.5094287652  
-0.004194578965  
0.9795687796  
1.995078565  
1.255139626  
2.30164001  
0.8791976432  
-1.403158859  
-1.610454466  
-1.604934572  
-0.3900671527  
2.023296871  
3.193090973  
1.361704852  
2.499900065  
0.5189953556  
1.591627255  
0.243725758  
-0.3161256793  
-2.719733405  
-3.283990508  
-2.77003742  
-3.541352059  
-0.3958433804  
-1.551519522  
1.383795358  
-0.4700088159  
1.344161476  
0.7487507215  
-0.4438195229  
1.034140086  
1.480341634  
0.5477400651  
-2.796771734  
-1.663521066  
-0.4887189545  
0.1332570996  
-1.777652393  
-0.01399429378  
-2.287618332  
-1.012920048  
-1.891895098  
0.7978227591  
1.603912823  
1.090999653  
1.105886396  
-0.7015894511  
-0.1166668416  
1.135922119  
1.353596173  
1.07865447  
1.332376472  
-0.076071963  
-0.9064229103  
-2.046199088  
-0.948999005  
0.3710121622  
-2.055490683  
-1.823309924  
-0.5249321929  
0.1002343208  
-0.584167041  
-1.781526119  
-0.3030563763  
-0.5645667724  
-0.2874413481  
1.308530738  
-0.3748879382  
0.9246777644  
0.6721683943  
1.019639257  
1.683505873  
0.9498201994  
-1.139000264  
-0.8600211058  
-2.346505409  
-0.9385633213  
0.2600239788  
-0.9008142294  
0.62106986  
1.315622963  
1.876398368  
1.914728165  
1.053101569  
0.1860353877  
-1.621680598  
-1.023112014  
-4.354551392  
-1.082824334  
-1.373778599  
-2.874509101  
-1.058112096  
-1.094040135  
0.5489909731  
0.130334846  
-0.5474762359  
0.5914628455  
-0.7230351671  
-1.862508511  
-3.787352396  
-4.426342181  
-3.378101902  
-5.213761787  
-0.2917138065  
2.663591429  
4.432381016  
5.033476408  
4.799772322  
3.948953351  
2.590181762  
-0.7388272419  
2.303646022  
-0.1369759719  
1.448607368  
0.3646246262  
2.57134537  
0.5316363534  
2.972651933  
0.3519919486  
2.382994318  
0.3501980925  
0.1571221832  
0.5225937402  
2.061060275  
2.738581525  
3.357970186  
1.548606282  
-2.177392509  
0.2674559835  
2.057640369  
-0.04399702451  
1.302039921  
1.80257293  
-0.4336869621  
-3.470732219  
-2.280894577  
-0.9158482132  
-0.943228489  
-1.099931016  
-1.158687709  
-1.407893153  
-3.264281032  
-3.151442837  
-5.882480946  
-3.860498188  
-3.490462917  
-2.346956117  
-0.2681174412  
1.170355453  
3.368673418  
1.672566217  
0.5619646365  
-0.3188819499  
-0.6612512299  
1.392615822  
1.967535737  
2.223414825  
-0.2629412726  
-2.173168882  
-2.079606854  
-2.891032169  
-3.328547017  
-1.746980994  
-0.9444712982  
-4.34425117  
0.615964529  
1.397151501  
4.183896899  
2.118839146  
0.7162411091  
1.358647977  
5.586530067  
4.91856668  
4.095503281  
3.743116013  
4.227359645  
2.243500295  
2.122127408  
3.203888149  
1.107807759  
1.050940161  
-1.244254932  
1.58008173  
0.4237993439  
-0.906544231  
-0.9680237528  
-1.043119211  
-2.337435019  
0.2222343092  
-0.905425841  
-2.36351942  
-0.705834613  
-0.006649061699  
-0.4551457927  
-2.392258827  
-4.210041981  
-2.071154763  
-2.135943875  
-0.8027898333  
-1.577092187  
-0.3445055923  
-0.8751252735  
-0.6913341941  
-0.8825983025  
-1.209639746  
-1.905277736  
-2.391295897  
-0.7499011425  
-1.238052808  
-2.554514225  
-1.578889945  
-2.261908256  
-2.550208547  
-2.21585634  
-1.637395001  
-3.238170991  
-0.631484099  
1.136343477  
1.449394175  
3.722029513  
2.136894374  
1.660387124  
-0.9013085297  
-1.846459349  
-1.679113481  
0.2678742473  
1.751751909  
1.847468699  
-0.1712635694  
0.1465859302  
-0.09093681413  
-0.1901277355  
1.884600807  
1.93140187  
0.8817486543  
1.02755436  
-0.1205664251  
0.94946563  
-1.153366471  
0.2607522696  
0.150461619  
-2.03094577  
-1.47199241  
-3.649947104  
-0.2072792631  
-1.729517447  
-1.956843294  
-1.387913992  
-2.721076867  
-1.125369459  
-0.2241068139  
2.678834484  
1.914470105  
1.50790733  
2.085354985  
1.520715646  
1.216862919  
2.93168152  
3.540472754  
1.736266136  
1.77944856  
2.136919262  
2.096126293  
1.423009733  
0.8715833201  
3.675558481  
2.52841882  
1.801790468  
1.749403546  
2.492754311  
1.711882385  
-0.02396302791  
1.39299233  
0.8077842151  
0.9544404953  
0.954148021  
1.639060303  
2.129432554  
1.113794318  
1.331879208  
0.09109522067  
-0.4161396283  
1.571934014  
0.4113794396  
-1.770302316  
-0.9253667354  
1.062433573  
-0.1077957784  
0.5251641181  
0.5961274037  
-1.300132018  
-4.403379908  
-4.520103442  
-4.516743971  
-2.378612584  
-0.8023679016  
-1.896985811  
0.4760667414  
0.6720569956  
0.6266395115  
-2.866234637  
-0.6800915465  
0.5206043611  
1.115637103  
-1.775558968  
-1.561633807  
-1.876960347  
-1.287527737  
0.9808215227  
0.3647799542  
0.05383015419  
1.377666082  
1.882292834  
1.839293527  
3.012625194  
-1.476788705  
-1.263347996  
2.558558195  
