-1.038773499  
-1.095503708  
0.1040502925  
-0.1345632866  
1.155576319  
0.3528293799  
0.7498179414  
0.04583555024  
-0.6371523182  
-0.6601484426  
2.376884573  
0.614897206  
0.2415567203  
1.691223338  
-0.6538620566  
-2.605644421  
-1.141046133  
1.979302351  
3.036423648  
0.1813477697  
-2.038124265  
-1.227455462  
-0.4139065665  
1.792443661  
0.003688571448  
-1.556457951  
-1.797593674  
-1.222873248  
1.765091161  
-0.5025357026  
-2.538034452  
0.07323838613  
1.731452776  
1.017293984  
0.1510179359  
-0.09874390005  
0.2753945077  
-0.5801569993  
-0.3739114303  
-0.2619214439  
-0.8583722878  
1.616463919  
0.4491134142  
0.07844880556  
1.151968503  
0.02959215035  
2.237343124  
0.9614395326  
-0.1976032736  
-0.01319391689  
0.07785049575  
2.105919716  
-0.196160981  
-1.59158082  
-1.521103763  
2.919163367  
1.119010176  
-0.9106562685  
-2.502577246  
-1.433598577  
2.159140488  
-0.5367264514  
-0.1881935114  
-1.685621116  
-1.14574664  
1.52829396  
0.2201099273  
-0.3020133995  
-1.192478088  
1.164371049  
-1.0655679  
-0.3743495122  
1.523664695  
0.2398103692  
-1.20315308  
3.148518687  
1.974932085  
-1.146754472  
-0.5872368281  
1.436795069  
1.171829123  
-0.5339768018  
1.806774714  
1.066831886  
-0.2329503163  
-3.069618296  
-1.236023809  
0.405450028  
-0.2637569908  
1.459461582  
-0.1398719087  
0.007165032253  
-1.196572361  
0.7362920966  
-1.059754825  
-2.343906528  
0.934739229  
-0.2544225778  
-1.469405027  
-1.597561765  
1.285203717  
-0.06370747292  
-0.8637660915  
-2.358849446  
-0.4830866984  
0.7245136943  
-0.5040282908  
-0.2501118847  
0.4448253903  
-0.2508850432  
0.1583840259  
3.389789004  
0.8493213165  
-0.7826186255  
1.340389551  
2.155001643  
0.3374886826  
-1.622425651  
-0.06708537712  
1.127377222  
-2.821801994  
2.79776779  
0.2441897787  
0.583126868  
-1.278727135  
0.4443965303  
0.8346387195  
1.180660414  
0.5710032168  
2.315192208  
-0.6175828314  
-2.360321582  
-4.797768183  
-4.409964904  
-3.223153592  
1.957193194  
-0.5759267253  
-1.405086473  
-2.048985059  
-3.306663548  
-2.426702374  
0.993657238  
-1.127120946  
-1.393197045  
1.40900652  
-0.1906919653  
-1.41568821  
1.188202135  
0.7352520211  
0.3768185365  
1.926882868  
0.4348107911  
-0.1926747061  
3.014281034  
-0.1479760127  
-0.7706429187  
2.093176055  
-0.241205322  
2.336113735  
2.602853864  
2.081543618  
2.181630624  
0.5918007791  
-0.7663681375  
1.985898185  
1.716555772  
3.283295848  
3.384573393  
1.621803344  
1.671056872  
3.986333328  
1.426348566  
0.3223318098  
-0.4390646529  
3.422080936  
1.489444438  
-0.4472172814  
2.056323868  
1.14665241  
0.5789521968  
-0.4512389331  
1.809061911  
2.452050734  
0.4404162585  
-0.3969354102  
-2.407556588  
-3.355090935  
-2.702750825  
-3.554477557  
-2.21112986  
-2.031909063  
-2.105187688  
-0.823474577  
0.5665632615  
0.3866331179  
0.5954308346  
-0.9289775096  
-2.292373059  
-1.352559209  
2.599693662  
0.06636086635  
-1.312160007  
-1.272598915  
0.6390273053  
-1.517331788  
-1.311756127  
-0.4680607092  
-1.547996845  
-0.4431272094  
0.1461495215  
-1.501787625  
-1.482662805  
0.2665311921  
-0.04610805044  
-0.9978292171  
-1.738352376  
-1.451348564  
1.319825274  
1.918587551  
1.872830862  
0.4914824781  
0.9520854923  
0.6004776336  
0.006199076376  
-1.262200063  
-2.032699267  
0.01901919429  
-0.9132754332  
-2.806288685  
-1.888222005  
2.256134091  
0.172284075  
-2.852749934  
-1.679357063  
0.4090955227  
-1.053805962  
2.150823543  
3.172213921  
0.6774009358  
0.9977674625  
-0.110090045  
0.9011716813  
0.8620470795  
1.796369076  
0.005837049458  
-1.183414616  
-0.01429375616  
-0.314040341  
2.880817717  
0.4990882296  
-1.461332594  
1.630506349  
1.661414122  
-0.07977872916  
-2.200486052  
-1.49757669  
0.4720731632  
-0.8107430523  
-1.501661423  
1.359179133  
0.1305551381  
-1.552594932  
-1.548521745  
-1.839558301  
-1.034467486  
2.200070361  
1.034177757  
-1.858062881  
-2.180985886  
-0.4280012955  
0.06869495476  
1.631508622  
-1.387166832  
-1.18689134  
-0.520907878  
0.592151893  
-0.7392189852  
0.8290723252  
0.02993061476  
1.983726287  
0.2252364818  
0.1438192883  
0.3634006885  
-1.242793879  
-2.274416231  
-2.842018365  
-2.436957459  
-1.825608321  
-1.328732243  
-0.08637650003  
0.008119378563  
1.377303935  
2.691105259  
3.067311373  
4.663255423  
0.1195415632  
-0.1641872355  
-1.256924397  
-1.00237135  
-1.140873991  
1.308851534  
-0.2841067614  
1.154406836  
0.79823925  
-0.572244779  
0.3186976538  
0.2964325151  
0.5228171039  
0.4090095466  
0.08520582783  
-0.4596635177  
1.254434204  
0.7036996138  
0.08479802211  
-1.481990122  
1.408989061  
0.03266587116  
-0.7858685254  
-0.05213388068  
-0.4614542311  
1.94623348  
0.514089965  
-1.122298163  
1.741491737  
1.249211936  
0.2542389477  
0.9793776317  
-0.2538352796  
-0.8852532257  
1.768781275  
0.8377569638  
-0.3510697726  
1.975460034  
0.613122444  
-0.4748867515  
1.396853147  
0.6595838278  
-2.14475203  
-3.15666344  
-0.3759741187  
-1.63714321  
0.7041472528  
-1.038187126  
-4.161370019  
-3.822920009  
0.4807823353  
1.454640772  
-0.01642555575  
-0.9426598389  
1.124124788  
0.4814768731  
1.665876608  
0.8022232002  
-0.894799819  
-1.250787416  
-1.47933068  
1.817497825  
2.331445373  
0.05219977164  
2.15533763  
0.3428625147  
1.448339926  
1.547416164  
1.434804964  
2.321970661  
1.021688799  
0.2049928558  
0.02745759115  
0.4233225561  
1.157801995  
2.516349668  
4.398755976  
2.120583904  
1.816703032  
3.171569978  
-0.2350425141  
-0.02315464365  
-2.529697832  
-4.531003091  
-4.282691334  
-2.841044402  
-3.122584986  
0.6696841717  
-1.70014785  
-0.02270121956  
-2.124323044  
1.543500512  
-2.483061986  
-0.3207584806  
-2.013049309  
0.111221824  
-1.60341186  
1.444684729  
-0.7646999428  
1.126538458  
0.8783360631  
-1.001716653  
-1.368039435  
-1.789906308  
0.5846396974  
-0.6271788343  
-0.7307510262  
-0.1636028052  
-0.7866138517  
-3.02354442  
-1.449004899  
4.217321518  
0.4953383722  
0.1005135333  
0.9840105504  
1.121013804  
0.1160021918  
-0.8188764326  
-0.3788681345  
-0.418010101  
5.180000674  
3.574053615  
1.561931872  
1.700036334  
3.393759032  
-0.8132568584  
-1.752212539  
-2.830769739  
-1.142648487  
-1.718681098  
1.348643508  
2.740147057  
-0.4488059396  
-1.154499463  
1.603229102  
0.2266010026  
1.948860842  
4.372199102  
2.065667474  
0.7643233583  
1.393747033  
3.900299765  
-1.554220174  
-2.036283826  
-3.114727353  
-2.534488284  
-0.7917073029  
-0.6080272689  
-4.69161747  
-3.491071908  
-3.682241502  
-4.280558065  
-3.388482509  
-1.862222478  
-4.16092727  
-4.05524198  
0.3658484958  
-1.322855808  
0.5134526014  
-0.7021069638  
-0.2052580994  
-1.967402505  
-2.213274948  
0.650649985  
2.978483147  
3.251391281  
1.791724863  
0.4468899421  
-0.3211238791  
1.900637512  
1.695976177  
1.115646313  
2.017767871  
2.094759555  
3.142342685  
1.153406452  
1.612841363  
0.386840391  
-0.9474743964  
-1.067251027  
-0.5758263485  
0.7376577663  
1.161029898  
0.5497450598  
-0.4838417246  
1.155156905  
-0.1556017179  
-0.4340027472  
-0.1041295402  
2.072392991  
1.373212206  
1.905655956  
0.814851016  
-1.531607214  
0.9592954386  
-0.8475040651  
-0.5583844814  
1.876258153  
-0.9526790791  
0.8901356232  
0.1845800722  
1.000194642  
0.5821771562  
1.559314889  
-1.048250735  
-0.4435879571  
-0.4004514301  
1.831561366  
0.3777393193  
-0.4154241243  
-0.6337112461  
-0.4401250913  
-1.008654412  
1.19329889  
1.74894473  
0.7244548057  
0.725343288  
1.917296579  
3.461014173  
1.522678308  
3.450837123  
0.3757440873  
1.799031062  
0.8907057347  
2.467292586  
0.7416077793  
-0.4759172746  
-0.957761429  
-2.583879214  
-1.953766442  
-1.601812229  
-0.607057881  
-0.8660200023  
-0.4744205977  
-2.361001721  
-4.086607751  
-2.418956337  
-2.144990755  
-3.077239057  
-2.948579892  
-2.193049176  
-0.5283765769  
-0.2196730085  
0.7244340431  
-0.3043946157  
-1.025410572  
-2.709282141  
-2.236237919  
-0.3188815391  
-1.892963081  
-1.109867733  
1.266002196  
0.3414149382  
-2.407719245  
-3.031731193  
-1.19208906  
-2.068461092  
1.471206162  
0.1493399612  
1.119215285  
2.798513801  
4.129760966  
1.831293599  
0.1210812586  
-0.3807239387  
-0.7339375966  
-0.3094871172  
-2.877045621  
-1.036187061  
0.6117337207  
1.164670378  
0.4028781998  
-0.06787586963  
-0.2649555327  
-0.5336403604  
-1.112794778  
-0.8685652979  
2.124923246  
3.231979626  
2.666109443  
2.287460953  
0.9245593133  
2.099199559  
0.3200523985  
1.039622544  
2.398000156  
1.938150733  
-1.306772461  
-2.168848323  
-2.200772638  
-4.159853068  
-1.902457975  
0.3384265795  
1.197679658  
-1.053296283  
