-0.2749419013  
-0.6546029602  
0.3316777238  
0.06433254502  
0.066842981  
0.1010884789  
0.2373711181  
0.5286348607  
0.08690964615  
-0.7809819327  
0.1710238297  
0.6563462593  
0.8759939899  
0.9696340116  
0.03929598415  
-0.656501707  
-1.11996965  
-0.4016477334  
-0.2127394693  
-0.3889736097  
-0.3887839427  
-0.5496600966  
-0.5319020758  
-0.2232392527  
0.1791731977  
-0.2403332617  
0.2761475409  
0.5562294318  
0.1881572032  
0.7393638082  
0.2671610813  
0.4944104764  
0.6197188245  
0.3558101971  
0.8138389418  
0.2607388396  
0.348379723  
-0.4795651036  
-0.5865932691  
-0.4704655712  
-0.3141984439  
-0.06336619017  
0.3349079599  
-0.08242449029  
0.04894928359  
-0.1165005238  
-0.9734854317  
-0.7560140873  
-0.7907534962  
-0.3524299435  
-1.097395956  
-1.041796489  
-0.4733192325  
-0.5912921198  
-1.091476392  
-0.5164547075  
-0.4214684439  
-0.419621361  
-0.8484993689  
-0.8442319371  
-0.8215512745  
0.006449597331  
0.09424130367  
-0.5547100803  
-1.362232041  
-1.110982185  
-0.6580040117  
-0.1815518349  
-0.5592344616  
-0.2767840657  
-0.07908847732  
0.3540283459  
0.1752079246  
-0.29842957  
0.1087272032  
0.3099851793  
1.291014912  
1.45149103  
0.728524244  
0.5007544933  
0.7910043196  
1.184179576  
0.9876867805  
1.32196362  
1.231301107  
0.7917499851  
0.1319493473  
0.375445383  
1.287435606  
0.8309582534  
0.7762402541  
0.6325931141  
0.3193727651  
0.5955793292  
0.3011112326  
0.3779881506  
0.4773398557  
0.6088402026  
0.736860012  
0.6294200778  
-0.2135534712  
0.5618802851  
0.5332860184  
-0.116358102  
-0.7134882866  
0.07690742664  
0.4694649444  
-0.07624486157  
-0.5021381009  
-0.731456802  
-0.7810860222  
-0.5865861267  
-1.045546179  
-2.251247231  
-3.081254572  
-2.383675046  
-2.212087188  
-2.889932163  
-3.037796989  
-2.176627815  
0.0379611723  
-0.813080571  
-0.970030925  
0.01030768277  
5.469778301  
0.314243906  
-0.4842927709  
-0.5662882108  
2.463191817  
1.366584165  
1.20742882  
0.6610684863  
-0.7454335559  
-1.072223056  
-1.310268596  
-0.7295311607  
0.5379732001  
1.101669486  
1.439075639  
0.9467943951  
0.4931364672  
0.6011344428  
0.8920270285  
0.962337748  
1.070552707  
0.7910370918  
1.369373863  
0.6142848536  
0.5820239131  
0.9654771776  
0.07307506611  
-0.3912501201  
0.03656936412  
0.697852994  
0.9530694177  
0.6948055381  
1.379405294  
1.590622063  
1.203008993  
1.467404034  
1.919462789  
2.659825307  
1.14872049  
-0.8509195785  
-0.7123850007  
0.5801109046  
0.816398205  
1.979869903  
1.512670772  
0.8335628641  
0.8702797151  
1.304350447  
1.218878358  
0.507474452  
0.3547687974  
-0.1814929822  
-0.6101064042  
-0.06030700954  
-0.3303610752  
-0.03209337845  
-0.2562711385  
0.07377367879  
-1.646448344  
-1.973237379  
-6.224843179  
-4.408335713  
-4.936047358  
-4.902167078  
-4.529238984  
-4.385649541  
-3.611978314  
-3.255309785  
-3.804166505  
-4.294824336  
-4.287151689  
-3.325496877  
0.1389970882  
-0.6800869353  
-1.494259302  
-0.3732089356  
0.5564982607  
0.8066834182  
1.549079857  
1.392445138  
1.857427251  
2.166043369  
2.153398043  
1.995655905  
2.111624908  
2.593286098  
2.926280442  
3.076681717  
2.053059583  
2.209892365  
1.860434778  
1.961942709  
1.766006101  
1.444336232  
1.808173191  
1.894516294  
1.240215684  
1.075669859  
-0.7846370403  
-0.5682364029  
-0.05497151235  
0.9145617529  
0.8876919842  
0.3952273585  
-0.3510103427  
0.326509446  
1.363178905  
0.9095126396  
0.5959077957  
1.087542508  
1.396991876  
0.6791808956  
0.4068160042  
-0.09443786643  
-0.05399288072  
-0.04723487384  
-0.08260262141  
-0.123665134  
1.080641439  
-1.880576697  
-1.992264261  
-1.392567158  
-1.305783261  
-0.5227577309  
-0.4168633659  
-1.030665223  
-0.2628607495  
-1.434162686  
-0.9566281734  
-1.082472424  
-0.4824175406  
-0.6915136782  
-0.239079925  
0.831938846  
1.287991478  
0.9168418038  
0.7876371101  
1.485181667  
2.214481476  
1.320277475  
2.428022268  
2.33019843  
-1.430960545  
-2.505278357  
-2.961348677  
-3.02266714  
-2.214209661  
-1.483913875  
-1.123937769  
-0.3917943274  
0.3112533914  
0.9372381746  
-0.5233464977  
-0.891757899  
-0.5984135294  
-0.3178095  
0.5964022241  
1.108564608  
-0.06751427063  
-0.05081171488  
-0.05660912189  
-0.0813220909  
0.2718290776  
-0.2614227156  
-0.3353061159  
0.3221500814  
0.2695482886  
1.805427752  
0.289787691  
0.3675027729  
0.8749611152  
-1.037807408  
-0.8975239005  
-0.3181837447  
-0.2639515623  
-0.5679844928  
-1.2810206  
-0.7346381018  
-0.3850690012  
-0.6449210845  
-1.107777902  
-0.7149811824  
-0.02183159177  
0.6217657963  
0.4032985713  
0.4430591721  
-0.2190396118  
-0.1641000963  
-0.4508735781  
-0.9768853345  
-0.4659989061  
-0.4951045411  
-0.8869338966  
-0.5758973534  
0.05653795072  
-0.441120699  
-0.8097489987  
-0.4537957934  
-0.4487569984  
-0.4799589054  
0.2226462344  
0.2586230877  
0.3700303166  
0.9156649184  
0.8318063836  
0.7355224959  
1.121013763  
0.7439444603  
0.9000619233  
1.873264304  
1.790325746  
0.9383383087  
1.325813579  
5.014398542  
2.023267507  
1.131228836  
1.156149723  
0.7608791582  
0.181438049  
0.08077623391  
0.02964530029  
-0.4231447858  
-0.9970432793  
-1.189413539  
-0.4314773179  
-0.6598628883  
-0.7252561264  
-1.070779429  
-1.216522247  
-1.526272172  
-0.8930179122  
-0.8280586596  
-0.3661046769  
-0.1637512174  
0.2944317541  
0.2058144313  
-0.2707832788  
-0.02417818709  
-0.6953977277  
-0.201136626  
0.8006852029  
0.06984082227  
-1.162046872  
-0.3578259522  
0.2895173489  
0.1426558872  
0.5303964457  
0.8350019537  
1.045781711  
0.6331867999  
0.05823790965  
0.3219980634  
-1.262841859  
-1.955028853  
-2.02513935  
1.031082823  
-1.772303564  
-1.876371427  
-1.691134112  
-1.246079235  
-1.27762923  
-1.517814459  
-0.6488588447  
-0.6855616578  
-0.1715075774  
-0.3434416337  
-0.3122540122  
0.05942096947  
0.7497847878  
0.5892370952  
0.2703320448  
-0.3448031285  
-0.3434031178  
0.8209780585  
0.2311976227  
-0.3604745537  
-1.690451955  
-1.114810172  
-1.369715832  
-0.8562999324  
0.01425398076  
0.3164003362  
0.7764789151  
0.6721276998  
-0.325875407  
-0.5062622309  
0.0545098984  
0.797019451  
1.296866819  
1.753947747  
1.682474966  
1.651238954  
0.9412765788  
-0.7210486654  
-1.411045839  
-0.6298358453  
-1.214440204  
-2.728599051  
-2.846778203  
-2.600531244  
-3.237921782  
-3.522293221  
-3.769444198  
-3.129734872  
-2.9429202  
-1.750423124  
-0.7846213972  
-0.02438667449  
1.581439566  
1.131873821  
0.9387440721  
0.7281232609  
-0.5304436676  
-1.826993934  
-2.310736692  
-2.830957045  
-0.7683698778  
-0.4298356796  
-1.66644628  
-1.029465793  
-1.834780382  
-1.382797422  
-2.035850591  
-2.412473149  
-2.348253129  
-1.320412806  
-1.179794552  
-1.058737777  
-0.2526696178  
0.669656954  
-0.7224337546  
-2.339681643  
-2.911600617  
-2.691931455  
-1.462583863  
-0.4598168431  
4.443452976  
-0.2947003316  
0.2280032354  
-0.8458144067  
-0.4472409651  
0.2841193403  
2.856071486  
-0.3845838337  
-0.7569311049  
-0.1781948295  
0.1717063489  
0.6351280023  
-0.5065767825  
-1.410552201  
-1.020171225  
-0.433689836  
-0.1521042397  
0.2602298563  
0.4903606746  
0.002490990242  
-0.07397452727  
0.366966152  
-0.2108270931  
-0.6725930558  
-0.8524076393  
-1.345892186  
-7.103621914  
-5.670710056  
-6.622313918  
-7.455239865  
-4.112559228  
8.97377274  
-10.0000173  
9.384744491  
2.529642456  
1.137394903  
2.078441874  
2.376003244  
3.319981284  
3.169110973  
2.87515652  
3.02694024  
2.49084333  
2.769797746  
2.533400385  
2.342916606  
1.964544742  
1.992057534  
2.906686197  
1.791692985  
1.592325045  
1.949297308  
1.871491237  
3.215036012  
2.987132629  
3.4958191  
3.653023424  
2.261954737  
1.43878062  
1.566356184  
1.371145983  
1.67633221  
2.069767116  
1.192654778  
1.291582621  
1.572900228  
2.950656798  
1.797918268  
1.440451875  
1.965674198  
1.961408393  
1.357219271  
1.64001779  
1.840104017  
1.16063223  
1.644384089  
2.939543247  
3.119668271  
2.358177535  
2.840365037  
4.276838041  
3.749773832  
3.706606093  
4.654982499  
6.254770162  
5.252633894  
4.751902397  
6.323766199  
4.576965315  
3.835585153  
4.611900478  
4.818616741  
3.979162546  
5.840103395  
8.871139347  
6.746504681  
7.158226862  
7.245184937  
7.341738649  
7.036166827  
8.477109552  
-2.06676898  
-28.9617922  
-33.71297519  
-26.17288753  
-22.47288939  
-16.37005845  
-15.04688762  
-12.21518543  
-10.29355862  
-8.784326664  
-6.752753699  
-6.328737837  
-3.407452294  
-1.455517831  
-0.7239736114  
1.646216352  
2.949282263  
3.439308522  
2.741963896  
3.37338258  
0.7989261092  
-0.9217553453  
-1.938088497  
3.933628306  
9.805002703  
8.937944009  
14.86724272  
6.857865409  
10.64202399  
