-1.676603019  
-1.813033353  
0.2802188749  
0.9832974806  
0.3632226722  
0.04342717968  
1.234739168  
1.425304177  
1.165303236  
0.6159123755  
0.02622978699  
0.1935921618  
1.220543486  
1.998654373  
1.254020275  
0.246521827  
-0.2238832467  
1.464615295  
0.6784965893  
-0.6642353067  
-1.216427454  
-1.409661269  
-1.230397535  
-0.7361901931  
-1.882091019  
-2.145235381  
-2.075687531  
-1.124131456  
-0.2946345675  
-0.613723798  
-0.8521340957  
-1.164475537  
0.6767538796  
1.398494327  
1.364020248  
0.6414668701  
1.072852093  
0.7876919752  
0.8970750955  
0.9763463375  
0.8850407926  
0.5083110088  
0.07345881173  
0.8884135985  
0.8552054666  
0.85008285  
0.4287349851  
-0.387468731  
-0.2067325158  
0.5614364383  
0.4462971667  
0.26970184  
-0.6206162918  
-0.7016069071  
-0.4978308715  
0.7361186548  
0.4587973269  
0.4369760241  
-0.0307626054  
-0.7747380385  
-0.768478061  
-0.3705014983  
1.049456453  
1.234013965  
0.161420901  
-0.777550541  
0.09111139567  
0.2891928083  
0.3023102785  
0.09176829982  
-0.4138462837  
0.2051576479  
-0.926036578  
-1.879033388  
-1.088606692  
-0.6026309703  
0.1936339818  
0.587359882  
-0.03398068062  
0.6681634773  
1.563546463  
0.804955043  
0.3995957405  
0.7111187053  
1.206459997  
0.07396152711  
-0.5093218891  
1.229823096  
2.116180057  
1.063539279  
1.038517222  
0.8281471466  
-0.2324694596  
-0.7832092553  
-1.201319453  
-1.706588636  
-1.220920789  
-1.457973916  
-2.144763381  
-2.112253671  
-0.6123596567  
-1.138990936  
-1.164802734  
-0.6833588175  
0.3873896063  
0.6555566636  
0.03319178349  
-0.1452265077  
0.05133899446  
0.2212224866  
0.6265715508  
0.7540250882  
-0.1826570108  
0.04127463359  
1.245367319  
1.999404793  
1.474995969  
0.389080049  
0.6093339148  
1.012965587  
1.385025906  
-0.06384625764  
0.6755574794  
1.286698925  
0.8090797119  
0.04052079084  
0.02431458822  
-0.9288952766  
1.736959833  
2.395399533  
1.169489638  
0.677501816  
0.445373477  
-1.014039451  
-2.9409509  
-2.828947044  
-2.536933155  
-1.700501436  
-1.620053967  
-1.495319869  
-1.191933936  
-0.9467439182  
-1.151385562  
-1.397390221  
-0.2131663005  
-0.9134684799  
-0.9707041218  
-0.3096577964  
0.5652044739  
1.111305537  
1.281882898  
0.7252744238  
-0.1227841873  
0.6783432873  
1.261100973  
0.594930407  
0.8099299591  
1.152102423  
1.011425177  
1.643641871  
1.304712637  
2.993852659  
4.075694109  
2.443432882  
0.6937293859  
-0.5668308142  
-0.3466685817  
1.687544979  
2.867396446  
3.010135181  
2.156825493  
1.822935186  
1.704051713  
2.257426356  
2.416710817  
1.225231232  
0.9306084132  
1.283085632  
1.354290577  
0.8293530766  
0.3971033853  
-0.6744734538  
-1.356983478  
-0.5020324838  
-1.575548774  
-0.6010702089  
0.1178687758  
0.01881675534  
-1.059864153  
-1.964318341  
-1.60685324  
-0.8786209471  
-0.2416519043  
-0.6457126381  
-1.065049295  
0.675355814  
3.498676619  
3.021903276  
0.5740561155  
1.187888988  
1.036574662  
0.5371975718  
-0.3366136965  
0.1794724584  
-0.5260557718  
-0.6036698121  
-0.8402253442  
-1.624600938  
-1.510949074  
-1.166469947  
-1.656484692  
-0.8134037789  
-1.147970008  
-0.9644916561  
-0.08378510984  
-0.6397650735  
-0.8714266342  
-1.179323977  
-1.555188702  
-0.3852391685  
-0.2842158903  
0.5398830994  
0.8717684259  
-0.1827773781  
-0.2253756138  
-0.2893964452  
-0.5824643952  
-1.358546841  
-2.422892417  
-2.965657209  
-1.833129363  
-1.570577295  
-1.589241465  
-1.957291361  
-1.189344501  
1.492122529  
1.575005107  
0.1185273498  
1.021648231  
1.876357179  
1.702807942  
2.378173613  
2.198616049  
2.864591933  
2.297387851  
1.65151669  
0.4305316486  
0.03948286669  
1.212766802  
-0.3795924749  
-1.001526069  
-1.862062545  
-1.457289567  
-1.042626236  
-1.603305267  
-1.795559017  
-0.9604666761  
-1.572265816  
-1.788562706  
-1.496199251  
-1.70068286  
-1.74789142  
-1.551376555  
-1.208288234  
-2.527862641  
0.04175893759  
-1.040979623  
-1.300348796  
-0.5076961678  
-1.265460416  
-1.862762531  
-0.9520960571  
-0.9705702984  
-2.079719642  
-2.135353315  
-1.159936381  
0.1010294449  
-1.025748275  
-3.185138264  
-3.274002771  
-2.636445228  
-1.581607433  
-1.352387039  
-2.932581596  
-3.274722297  
-4.062093105  
-3.866263189  
-5.084057946  
-5.499094545  
-4.28565846  
1.02907875  
9.875826118  
12.23830637  
12.93173589  
11.22799228  
-1.411519099  
-1.086382943  
-0.7828956953  
-1.019496275  
-1.013706165  
-1.32057267  
-1.326952607  
-0.8517300628  
-0.2564705983  
-0.291124281  
0.1365507087  
1.021455292  
1.415420399  
1.332185698  
0.5718236951  
0.6901779849  
1.225529961  
0.8776119209  
-0.1250331677  
-0.005256654414  
0.2317682024  
0.4051322166  
0.3901133612  
0.4848118737  
0.8681783305  
1.57397283  
1.941465137  
2.117024651  
2.082907262  
2.09411727  
2.824788925  
3.168705035  
3.203450015  
3.200369097  
3.988464408  
4.335852225  
4.594538077  
5.400856876  
5.274286933  
5.503930399  
5.254117521  
6.045926312  
3.340002393  
-3.659991571  
-4.068069198  
-4.180844733  
-4.147022393  
-4.248272399  
-5.086042161  
-4.37505391  
-2.672137851  
-3.510891754  
-3.054715479  
-3.307660495  
-3.464875399  
-3.478615885  
-2.227424904  
-2.473517658  
-3.578139479  
-3.731566203  
-3.063938607  
-2.766292759  
-2.046514167  
-1.551785821  
-1.106572498  
-0.5372519169  
-0.4639952648  
0.2155738337  
0.6816261542  
1.683146574  
0.3244247276  
-0.5315897085  
-0.6850626109  
-1.488896409  
-1.669748683  
-0.4126974096  
1.060949981  
3.956209679  
3.127908567  
2.472766152  
2.554232867  
2.593761723  
1.549289358  
-1.015920381  
-2.87490442  
-3.545828862  
-2.150412389  
-1.933723444  
-1.767651948  
-0.9723934589  
-1.529527119  
-0.3659223021  
-1.522009813  
-0.9655798397  
-1.161062188  
-1.433481519  
-1.97448047  
-1.925399306  
-2.041020181  
-1.043796002  
-1.032189055  
-1.41072503  
-0.3234550354  
-0.9158873934  
-1.341028153  
-1.403380546  
0.1257576086  
0.2993361282  
0.5240847868  
0.2806717523  
1.661335231  
-0.1094565988  
-0.3086128935  
-0.4194545909  
-0.1235507812  
0.03754848978  
0.880527761  
1.356731657  
0.690897806  
-0.009659624171  
-0.84462131  
0.6055317218  
4.133334271  
4.867962187  
4.251043449  
4.122671823  
4.492303902  
2.873596371  
-0.9745460128  
-2.128298157  
-1.270386869  
-1.077170444  
1.833311535  
3.225821442  
3.921445777  
2.804600854  
1.602456691  
0.6330760994  
-0.9746904384  
-0.1625342728  
0.375144796  
1.117180015  
2.227249121  
3.709360981  
0.1279290316  
0.5477296015  
-0.1540447388  
0.2889972608  
0.2818299539  
-1.530176147  
-1.384987462  
-1.99714815  
-2.37407549  
-2.526024068  
-2.990092094  
-2.585794272  
-2.338202051  
-2.843767726  
-3.39382399  
-3.353695781  
-1.525839628  
-1.3823998  
-0.2411607193  
0.2524485203  
0.1934519545  
-0.6513831993  
-0.7261868898  
-2.033136336  
-1.412608774  
-0.4462176127  
0.1927793827  
1.284422942  
0.1398142215  
-0.5893891337  
-0.1201207053  
-0.5300415333  
-0.7416405465  
0.006638336535  
-0.4439627731  
-1.512942966  
-1.149372255  
0.4050862884  
-0.4261469091  
-0.3267805546  
-1.017131626  
-0.6012209505  
-1.288790986  
-1.060944557  
-0.4629414208  
-0.06400341997  
0.6360653009  
1.279538501  
0.4715744748  
-0.5389906365  
-0.8388965067  
1.23277097  
1.128291867  
2.013970567  
2.552775856  
1.488805752  
1.521662049  
1.653760778  
2.932240847  
4.276890763  
3.273681567  
2.450275432  
2.258181579  
1.77838626  
1.228460025  
1.314537034  
0.888060058  
0.3992937606  
1.76772591  
3.426044761  
2.166559075  
1.773120647  
1.171794642  
0.9342845009  
1.759194074  
2.117545642  
2.529704461  
2.75937454  
2.717479562  
1.740316763  
1.891523279  
0.9853171039  
0.6014281013  
0.4582112126  
0.5215990873  
-0.1799332582  
-1.640154173  
-0.8350470445  
-0.2837311231  
-0.9627046283  
-1.284520086  
-0.83810752  
-1.416508619  
-2.372232407  
-1.760209696  
-2.402792744  
-2.534536039  
-2.449075236  
-1.240664628  
-1.510480561  
-2.279589156  
-2.574487903  
-2.164881965  
-2.5113943  
-2.076496636  
-0.7849383696  
-0.4439535458  
-1.655345801  
-0.776754894  
0.1622729349  
-1.041187224  
-1.653081384  
-2.652016005  
-3.97642525  
-3.888834327  
-2.133737943  
-1.541276921  
0.2682001303  
-0.2123225585  
-0.4514587474  
-0.7435972181  
-1.598056988  
-1.958007874  
-2.878840271  
-0.3437455299  
-0.8594678647  
-0.4744694855  
1.131617186  
-0.1242778041  
1.187343033  
1.494307484  
1.495073157  
2.277674108  
2.888439656  
0.9964807144  
0.1249484996  
0.4157668525  
0.4470785421  
4.620335427  
11.36796402  
3.867183933  
0.8074103054  
-1.1458253  
-1.620812983  
-0.8613575948  
1.754585434  
0.4238596849  
-2.801172152  
-1.640483618  
-1.646348661  
-1.058007444  
