0.5367729407  
-0.2951674148  
0.09086818362  
0.9950413472  
0.821119664  
-0.4178373839  
-1.054567324  
-0.01805555652  
1.018912883  
0.3080317409  
0.1105153487  
-0.6704320405  
-1.263576062  
0.2084071891  
0.424773462  
0.3565413958  
-0.0935350783  
-0.3789806737  
-0.05288375576  
-0.203054669  
0.1348889788  
-0.1991762786  
-0.6862964605  
0.2340416065  
0.7275418932  
0.2148208886  
-0.07779085098  
-0.320808712  
0.3318162781  
0.140224551  
0.1510844791  
-0.9308860319  
-0.9421159835  
0.02325212742  
0.667275433  
0.4522143107  
-0.3290001253  
-0.9917431605  
-0.5732187633  
0.3555005425  
0.6574989026  
-0.1339325012  
-0.6429866973  
-1.151476459  
-0.3551495912  
0.6699234763  
-0.1715263418  
-0.6070260005  
-0.861165436  
0.4763215086  
1.066607472  
-0.02079289041  
-0.1800215242  
-0.384373096  
-0.7205648463  
-0.2146917743  
0.3898205746  
0.8114627946  
0.4750233736  
0.3815020536  
-0.1150981534  
-0.1548278972  
-0.1860720267  
0.7371508163  
-0.3411177164  
-1.708148646  
-0.9362817107  
1.102157414  
0.4521437099  
-0.464320376  
-0.71693133  
0.7640518333  
0.3127351477  
-0.00445328941  
-0.1188670693  
0.03322443045  
0.1324768989  
0.6132456405  
-0.5287760004  
-1.062765874  
0.4824344714  
1.353831702  
-0.2151191836  
-1.165778722  
0.9573067065  
0.7986969066  
-0.9640361853  
-0.9945281935  
1.554130851  
0.466937573  
-0.6311572891  
-0.5359489512  
0.8221458596  
0.4567011131  
0.6557544697  
0.1590261661  
-0.0501476462  
0.765285665  
0.5199657079  
-0.3182764988  
0.09108442874  
0.259880537  
1.118297964  
0.7432171757  
-0.9962455829  
0.3388790735  
0.435458349  
-0.4219494203  
-0.5219126484  
-0.5325437238  
-0.2702273372  
-0.07936384699  
0.1565413454  
-0.08844632115  
-0.1333070529  
0.2820063239  
0.05460556346  
-0.5645534443  
-0.8620391703  
0.59672978  
1.071959458  
-0.3928747415  
0.6998086809  
-0.6881014636  
1.955391255  
0.5123406846  
-1.420354846  
-0.03527097239  
3.503308841  
0.5122110554  
0.2677580732  
-0.2102929265  
-0.01995319571  
-0.4177801096  
-0.7050972961  
-1.276165015  
-0.1455647024  
-1.512006795  
-0.06356921362  
-0.8187613996  
-1.866734565  
-1.625113651  
-0.9255679307  
-1.639683842  
-1.244327062  
-1.202336337  
-0.952261188  
-1.407085841  
-1.759142658  
-0.3736246126  
-0.6860671647  
-1.035244881  
-0.4417402964  
-0.4757401051  
0.2834440798  
-0.1449073225  
0.174006884  
0.4696908001  
-0.8503461773  
-0.5490785514  
0.183858472  
-0.118553286  
0.2309178882  
0.8427262904  
1.456962114  
1.010687734  
1.99213207  
2.01316176  
1.549311269  
0.516314535  
0.7422387523  
1.293584694  
0.6268379136  
0.1757021379  
0.5349839359  
1.049184105  
0.7863272014  
0.0884527789  
0.305722679  
1.426763363  
0.8902995231  
-0.2083085222  
1.0800654  
1.254516553  
0.3284543387  
0.6773868842  
1.273166919  
0.8638505483  
1.032319839  
0.02144588343  
0.5398824318  
0.5951491156  
1.021801919  
0.2836318024  
-0.6005855764  
0.006681034181  
7.385987969  
9.059461322  
0.432231347  
-1.495452611  
-0.3511818824  
-0.5299566175  
-0.9205197104  
-0.9143241945  
-0.783948063  
-1.605604775  
-1.015855586  
-1.156540789  
-1.928880683  
-0.4057906616  
-0.7253494246  
-0.6190058835  
-1.205735439  
-1.637012625  
0.3254042107  
-0.5225682378  
-1.279746635  
-0.4016542215  
-0.8501580176  
-0.9042645748  
-0.5365709915  
-2.214578174  
-0.3795306768  
0.1603244593  
0.1081751583  
0.4370413311  
-1.110632213  
-1.679894179  
-0.2382590741  
-1.389659428  
-1.42499629  
-0.7052850737  
0.1780382126  
-0.6170908693  
-1.093934758  
0.02931525033  
-1.165914752  
-0.3225805441  
-1.302142493  
-0.9455345256  
-0.2841839903  
1.715623812  
4.367137597  
5.003325703  
2.018517181  
1.947578616  
-0.8275580173  
0.1348639716  
-0.8676000532  
-0.1722060654  
-0.8137567984  
-1.028912686  
-0.9116456256  
0.1741308234  
-0.3581998242  
-0.9038719904  
-0.1621277108  
-0.3120245778  
-0.4529898424  
-0.1794201498  
0.03016443528  
-0.5257960011  
-1.151710683  
1.158542926  
1.816072013  
-1.645437667  
-1.689843566  
-0.02121496642  
2.162220172  
-0.2902389901  
0.5711471736  
-1.166127442  
0.7620754683  
-1.558205524  
-0.09446173475  
1.060650141  
-0.4451516599  
-0.9793549269  
-1.164366719  
-0.3420878553  
-0.2917549356  
-1.585855311  
-0.1522493738  
-0.4831349993  
-0.791578996  
-1.475543798  
-0.4196715702  
-0.8002711579  
-0.08454008442  
0.328246977  
0.3171819503  
1.105638981  
2.2455432  
2.046367023  
1.578208862  
-0.2617070977  
-0.5089234322  
0.05539731977  
-0.4346563889  
0.00868819427  
-0.1290178725  
0.04695637249  
0.01381201256  
-0.177235427  
-0.05428761526  
-0.1812283938  
0.5109926731  
0.006055301052  
0.1296159107  
-0.8554659227  
0.7010391194  
-0.1610938305  
-0.1069430838  
-0.7096597628  
0.3878040316  
0.3637291105  
0.59013365  
0.695717686  
-0.04660634974  
0.280039447  
0.4622855179  
0.3993415604  
0.7802043781  
0.4641986147  
0.9010433584  
1.112987172  
0.7288988992  
0.963837916  
0.3182478305  
0.233044228  
0.9771105115  
0.7452924209  
0.6530358435  
-0.03621273522  
0.6216688838  
0.6040734777  
2.835517642  
9.179130301  
1.370521589  
-0.1880703019  
-0.8145248512  
-1.119029214  
-0.5960167886  
-0.9391695068  
-2.212125791  
-1.709261357  
-1.162093948  
-0.8230522734  
0.08680157015  
-1.950754732  
-2.204790565  
-1.143401671  
-0.8267935903  
-0.7141058753  
-1.153904196  
-0.8686348959  
-1.197937946  
-0.7892469702  
-1.303803461  
-1.036583288  
-0.6726504801  
-1.5670413  
0.1394341641  
-1.237355264  
0.2603298254  
-0.7783144891  
-0.3503273392  
-0.3428237426  
0.1334237485  
-0.474993841  
-1.454873168  
0.2362622591  
2.420377975  
1.512011039  
0.3598093176  
-0.8664167142  
0.2568310111  
-0.01427964784  
-0.08963989566  
-1.072159569  
-0.5471442993  
1.137907309  
-0.0709331201  
0.1518177851  
-0.5417797587  
-0.1032714943  
-0.129510777  
-0.03521529325  
-0.601134489  
-0.01281990177  
-0.9664689891  
-0.438390036  
-0.6974062159  
-0.04047105745  
-0.1074904671  
0.2442511605  
0.04576091505  
-0.0933208506  
-0.3069469454  
-0.36904223  
2.03751259  
0.1345616087  
-0.8961795982  
0.2623282465  
3.40195993  
3.651736387  
-0.4960935889  
-0.8090914715  
-1.953919325  
-1.511370692  
0.3948882778  
1.186974706  
-0.2787168839  
-1.105294217  
-0.01332190636  
-1.756657344  
0.9146146243  
3.010507536  
3.219956557  
0.05425515069  
-0.1113226395  
0.6622397415  
-0.2383456328  
-0.7034072795  
-0.1680442412  
0.4462624194  
-1.529421609  
0.07209333402  
0.4418186279  
0.9456952358  
1.269906941  
0.6425399287  
1.294664032  
2.015132114  
-0.1084344027  
-1.641569788  
-1.802218442  
1.581730776  
0.8178074168  
0.3563968334  
2.884077751  
-1.049549374  
-0.5021545921  
1.55948084  
0.3469811893  
2.283024356  
1.014071226  
-0.5353203228  
-0.509923247  
1.356878625  
1.007739115  
-0.8261750785  
-0.2328502798  
0.1432656286  
1.354074904  
-1.235999519  
-1.292757055  
1.019280938  
0.9759618223  
-1.189876091  
-0.8632769568  
-1.848328021  
-0.9856179985  
0.2838888117  
-0.04474901393  
-0.1367797596  
-0.6773275426  
-1.874066213  
1.077283284  
-0.1533921975  
-0.3908465028  
0.1652329817  
0.1409432573  
-0.3379319645  
-0.2946058346  
0.9103487762  
1.515381072  
-0.2660736318  
0.1825864108  
0.2549397584  
0.2761173977  
0.05547377551  
0.2410110199  
-0.2148624079  
-0.980700608  
-1.06036644  
1.472354545  
0.9031162808  
0.8527480662  
0.6552420158  
2.478884751  
9.162622734  
3.794687243  
0.7960083708  
-0.4660634943  
-1.214955714  
-0.5249564836  
-0.7524950213  
0.9654330195  
3.803935275  
-0.5927553654  
0.9865136895  
-2.019630844  
-1.258304617  
-0.5568921754  
-1.332550797  
-2.264080838  
-1.642537541  
2.755318121  
-0.1313394463  
-0.7121451485  
-1.50837135  
-1.855740831  
-1.028612147  
-0.7731789457  
-1.158913736  
-1.019900073  
-1.742567116  
-1.013846106  
-0.5054464353  
-1.590269141  
-0.466557667  
-0.4886908486  
-0.4569285775  
-0.5492142836  
-0.8656546048  
-0.5608542896  
-1.113202277  
-0.7152489366  
0.3174130661  
0.4200003711  
-0.001609573445  
-0.2648010913  
0.1333410791  
-0.2160150186  
-0.5534590284  
0.2110036832  
0.1787482606  
-0.5339912324  
-0.7218267995  
0.00380168773  
0.3240799521  
-0.5933774472  
-1.005161489  
0.8709397698  
-0.1006144586  
-1.520623974  
-0.05364892581  
0.05785952561  
-0.338984697  
-0.4460264447  
-1.293441724  
-1.675453315  
0.9020250889  
1.09352433  
-0.8201041406  
-1.3760224  
-1.283671755  
0.2851977058  
-0.5066562273  
-1.050902726  
-2.760862566  
0.2674003009  
0.802265651  
-0.03923700116  
0.7131790224  
1.635158153  
-0.3114945869  
0.5964612742  
-0.3479496931  
0.4809479634  
-0.1447971844  
-1.055771768  
-1.161008999  
-0.6850608438  
-1.171410702  
-0.7844515987  
-0.02612007411  
-1.430361946  
-0.7749186385  
-0.6816869192  
-0.9007929782  
-0.7549103378  
-0.3052240997  
4.754420703  
9.374176324  
-2.660364115  
-5.267507977  
0.1471440669  
5.342712477  
