-1.885613777  
-0.3835813334  
1.608021179  
0.6287885279  
0.9360563335  
-0.1623676597  
0.145909749  
-0.5176883014  
-1.114729679  
-0.4444889763  
1.22932406  
1.371765782  
1.714004306  
0.3741040386  
-1.20066465  
0.2380362056  
1.567858207  
1.08272244  
-0.7388512309  
-1.057097763  
-1.02144391  
-0.8973440045  
0.2105518679  
0.2672102615  
-0.249690555  
-1.125931213  
-0.7462826839  
0.6577183517  
-0.08115826317  
-1.142929879  
-0.7914275786  
0.09071554814  
0.1541220427  
-0.2777419149  
-0.1412449151  
-0.1343466676  
0.1299775925  
-0.007059116783  
0.01701871211  
-0.5893247919  
-1.819774354  
-0.6350386268  
-0.1972004269  
0.06550394916  
-0.4895758954  
-1.143024959  
-0.2146395584  
1.105236321  
0.927714918  
0.6455923651  
-0.136300437  
1.010440064  
1.5969018  
1.419113718  
0.7454498881  
0.2996616825  
0.4467768031  
0.3837268244  
-0.3366367665  
0.06134805089  
0.9894794062  
1.397756715  
0.8933328018  
-0.2685795797  
-0.05793451662  
0.234126119  
0.8310412278  
-0.4850193202  
-2.454894999  
-2.071245925  
-1.893594143  
-2.399595784  
-2.735251025  
-2.455068472  
-1.702479479  
-0.779770017  
-1.311531216  
-0.6486300477  
0.09473724508  
1.038396339  
-0.3199549769  
-0.03037978861  
1.763965074  
2.162475327  
0.3817193778  
0.5458805478  
0.8317705851  
1.297165555  
0.2047275864  
-0.07950003892  
-1.229407033  
-1.156484009  
-1.36149674  
-1.145136383  
0.001049601026  
0.8550915293  
0.9313913993  
0.05377570726  
0.1219455938  
-0.06094240275  
-0.3724966935  
-0.2344265227  
0.3064372956  
-0.8123939902  
-1.193420006  
-1.348194178  
-1.649375405  
-0.6213422983  
1.133752106  
0.901220069  
0.2485571431  
1.431230422  
3.066674492  
3.542346356  
2.89142253  
2.581705771  
2.687506359  
2.790837987  
1.624030185  
0.7822168784  
0.9780500841  
2.006014297  
0.206067544  
-1.048778151  
-1.426565684  
-1.91815173  
-1.834236739  
0.1361141944  
-0.5979595614  
-1.682789287  
-1.632052192  
-3.100553717  
-4.018871707  
-2.770783768  
-1.066952902  
1.136539897  
0.601663044  
1.235510313  
1.116623017  
1.661113336  
1.667329914  
1.867998417  
1.484526068  
1.658817214  
0.9203646916  
0.4445793996  
1.717827602  
2.07195207  
0.5203735149  
-0.3087480254  
-0.5786363338  
-0.2426715391  
-1.748895704  
-1.505490957  
-1.288031622  
-1.27517762  
-0.7141773278  
-0.9969263466  
-0.04685253971  
0.236396563  
-0.2764396091  
-0.7863833237  
0.08959451266  
-1.313227108  
-2.851505139  
-2.210012064  
-0.9259482626  
0.6544719208  
0.3586730067  
-0.004064412869  
-0.1598378281  
-0.5830930277  
-0.4130353101  
-0.3629044613  
-0.7527443801  
-1.4329634  
-0.3734362144  
1.008569165  
2.066877103  
2.40218177  
2.270735455  
2.322411426  
2.634191631  
0.9419678813  
1.654860882  
0.01435702313  
-2.257197059  
-3.026357111  
-3.630165181  
-3.091953953  
-2.362098211  
-0.948052038  
-1.159450398  
-2.580118532  
-2.290663345  
0.4269098938  
2.896158458  
-1.371515773  
-2.071736363  
0.07640704231  
-0.7020467871  
-0.2013331398  
0.3133929339  
0.008305360568  
-0.7504208018  
0.07274639435  
0.6992808289  
1.000907073  
0.7666468621  
-0.932852708  
-0.489560422  
-0.04470023375  
0.3122099517  
1.607567878  
1.747952925  
1.449325705  
2.123304452  
2.135293124  
1.701159605  
0.4422701109  
-0.1688761628  
-0.1816888611  
-1.822485569  
-2.162555695  
-0.8454682786  
-0.386589012  
-0.669496335  
-0.6479241961  
-1.078435401  
-0.1483994304  
0.7879198452  
0.4968398413  
0.8501475661  
1.007033059  
2.22104628  
1.545777676  
1.231554741  
1.21149945  
-0.08245480336  
-0.641686689  
-0.8935697912  
-1.365383778  
-1.519591514  
-2.14806298  
-1.095312722  
-1.005038461  
-1.182003738  
-1.46772584  
-2.012579713  
-1.180847608  
0.3326805906  
-0.1230285501  
-0.2309330958  
0.3568731704  
1.717511765  
1.639597971  
1.392725553  
1.893531655  
3.077595607  
3.306164377  
2.309478593  
2.521354084  
3.120091827  
2.608335434  
1.487619981  
0.5687335785  
-0.7379529297  
1.31726925  
0.6489805802  
0.6436124279  
0.1708564504  
0.3377265614  
-0.252911397  
-0.9084210414  
-1.316545797  
-1.025454825  
-2.41206671  
-2.559426142  
-2.076101884  
-0.4084420889  
-0.3205165636  
1.237512447  
1.696172151  
-0.1576056134  
-0.6756345678  
-0.850020548  
-2.052237679  
-2.098954272  
-1.709628124  
0.0175061728  
1.643170752  
0.8482157458  
1.36801869  
0.4001121177  
1.713928872  
0.8303312379  
0.8321215107  
0.9389707305  
0.6579183252  
-0.2944958183  
0.1308792204  
1.123496168  
0.2718710172  
-0.3889989353  
-0.5485174522  
0.110159554  
0.7184424658  
0.1051078109  
-1.127548054  
0.1289064415  
-0.04583967698  
0.2635218598  
-0.02960527362  
-0.03350041687  
0.2260365808  
-0.0912233475  
-1.084128734  
-1.063822363  
-1.430863705  
-0.2754980115  
-0.08568260358  
-1.377278456  
-1.283837599  
-0.632554373  
-0.528413485  
-0.2978188739  
-0.979694027  
-0.7812888005  
-0.3442378035  
0.3311079647  
0.1402062684  
-0.01932909139  
0.05232648013  
0.3328480058  
0.1683874058  
0.1604686424  
0.9600694459  
1.921926619  
0.362340664  
-0.4403475418  
0.4919946295  
-0.2071318621  
0.1695117452  
0.4501514804  
1.710862013  
1.950686311  
1.330601958  
1.5862667  
1.078197845  
2.055562199  
1.886636715  
0.1696483458  
-0.02193947635  
0.2428790742  
0.138080037  
-0.270501787  
-0.4809798845  
-0.4584530572  
0.2149387213  
1.234733796  
0.8645263692  
-0.08997314857  
-0.4412860963  
1.658161916  
1.049562798  
0.08312559904  
0.2474937677  
1.853746583  
2.150527373  
3.182138095  
3.705700073  
5.108430947  
2.775582964  
1.258531004  
1.484121245  
0.09476375699  
-2.582299293  
-3.051294962  
-3.723652653  
-3.837904877  
-3.157265342  
-2.990372192  
-2.070700363  
-1.550987888  
-2.259339547  
-1.92775308  
-1.220309825  
-2.246468175  
-2.398167943  
-3.131100296  
-2.315625034  
-2.118309227  
-2.058368047  
-2.089569842  
-1.117597886  
-2.63389985  
-2.862823339  
-1.810280994  
-2.320974219  
-1.764393552  
-1.080637485  
0.2898131776  
1.278626241  
3.206324452  
4.997413305  
2.731945227  
2.328847746  
2.395457567  
3.050645164  
3.899282135  
2.842163372  
0.5681446857  
0.1358150649  
0.1994141036  
1.584083978  
3.457067501  
3.670813597  
2.432468265  
0.3852986053  
-0.1179122382  
-1.726886666  
-2.736973008  
-3.088682335  
-2.506326902  
-0.87400526  
0.6734499797  
1.255541056  
-0.8660989242  
-0.1747861499  
1.685462989  
1.15571685  
0.9094402916  
1.633992354  
0.576854852  
1.114908941  
2.559730296  
3.93368265  
1.542728342  
-2.325081582  
-0.8827214485  
1.260438742  
-0.2042668839  
-2.403015984  
-3.703992484  
-3.937493376  
-3.283771936  
-4.852959762  
-4.958079569  
-3.961466815  
-3.125552226  
-3.804013896  
-2.717109429  
-1.842486751  
-0.9702953694  
-1.43622597  
-1.973923981  
-0.1194070705  
0.2252914235  
1.134068021  
2.970316094  
2.501428031  
-0.07747066295  
-0.2040147601  
-0.2193487229  
-0.108471843  
-1.18900691  
-0.926441181  
1.038421894  
1.659657679  
1.702409755  
1.474405157  
2.679722615  
1.498948712  
0.4279115932  
0.4899068447  
1.293662989  
0.6727249104  
0.8671882716  
0.7696086793  
0.2230381416  
0.60160622  
0.2887879231  
-0.2129103077  
0.1039537914  
0.8776297998  
1.313071303  
0.5868553149  
-0.5929665135  
-1.87812652  
-2.058586631  
-0.7329944851  
1.605060701  
-0.3933996482  
0.1963559085  
-0.2865990405  
-0.5263312921  
0.8209656605  
1.579734769  
2.276888319  
-0.6036813004  
-0.06147976856  
-0.3591442547  
-0.0186184012  
-0.08906165257  
-1.016695768  
-1.357819231  
-0.5178320666  
0.06185813627  
1.830273665  
0.5184287384  
-1.051737917  
-0.255138554  
-0.7164402228  
1.46577082  
1.581077323  
3.059267003  
2.485890887  
0.4477418893  
-0.1796923358  
-0.5649949386  
-1.738775851  
-0.02618718071  
1.759795634  
1.155073914  
1.212134397  
0.6725640459  
0.142296021  
0.2984962377  
1.116623242  
1.021341916  
-0.2748945546  
-0.3455243643  
0.9539611107  
0.8854600088  
-0.1253043209  
0.004289045146  
1.669678134  
0.9247543039  
-0.6085986099  
-0.1615348358  
0.00895619181  
-1.563363556  
-1.388949104  
0.8830090864  
1.700409136  
-0.1168222666  
0.09511656223  
0.2574046126  
-1.063346752  
-1.934880562  
-1.251891101  
-1.910951002  
-1.764356827  
-0.541894674  
0.3336200184  
-0.8842224615  
0.5176778167  
0.3705395451  
-0.2962154658  
-1.687458063  
-1.641808224  
-2.899535358  
-1.907354883  
-2.616990203  
-1.545090701  
1.344831682  
1.303151253  
1.500164083  
1.171878501  
-0.2430835888  
-0.3470970053  
0.7388774773  
0.4274488677  
-1.219088405  
-0.09364815424  
0.2382898629  
1.07513778  
0.01147027142  
-0.1610972423  
1.031461947  
0.1238633837  
-0.03273449365  
-0.6339666069  
-2.956694256  
0.8353859865  
-0.4047282962  
0.1261424941  
0.8027699133  
0.8470148311  
3.014317275  
