-1.006945959  
0.5313843637  
0.04402015931  
0.4434526129  
0.1146871972  
-2.152242112  
0.5568629456  
1.206626728  
0.6564132887  
0.8163398083  
0.704754164  
-2.153985511  
-2.150755949  
0.729177523  
0.8496151925  
0.9916379332  
0.7266971435  
1.212348975  
-0.598653794  
-0.2783616741  
1.105336511  
0.6816299667  
1.310805335  
-0.1536327051  
-2.241986537  
-0.3136172468  
0.7189981733  
0.183034308  
-0.3757919371  
-2.388592186  
0.3209473197  
0.1848474234  
-0.9440251642  
-0.07208943612  
0.5292163988  
-0.1711129727  
-2.052747474  
-0.5156484646  
1.32668985  
0.8051644533  
0.06744703446  
0.2504928467  
-2.378185355  
-0.6178398952  
1.278996136  
0.1606415793  
0.6854106605  
-2.064844974  
0.6894899129  
0.9872466166  
-0.002231660259  
-0.497947046  
-1.677005813  
1.101671064  
0.4426898205  
0.6932932738  
-0.5982716504  
1.385202039  
0.8121290083  
0.004145406832  
0.572874729  
-0.8541472492  
1.495302097  
1.122302259  
0.9091492516  
0.08171848472  
-1.416573768  
0.3449026853  
0.2149896961  
-0.4978679901  
-0.5527528239  
0.1006025685  
0.03356802556  
-0.2998478553  
0.9156522441  
0.4212869369  
-0.7079395152  
0.5116607789  
-0.4324619111  
-0.2357608933  
1.009421322  
0.6266046155  
0.4995766447  
-0.99921887  
0.7513948364  
0.9259478439  
-0.2748024295  
-1.579378098  
-0.2447633571  
-0.3947903621  
-1.464220303  
0.5858108134  
-0.1069648178  
-0.6379806433  
-0.1571910627  
0.6291408223  
0.03377348454  
-2.314445347  
0.1645899756  
0.5283182277  
0.1038605362  
-2.234960879  
0.4107239595  
0.8303639754  
0.831659953  
-0.7353221001  
0.4310327407  
-0.6838205889  
-2.242038823  
0.759026257  
-0.2172727354  
-0.4485254878  
0.5012213792  
1.595974756  
0.6507759292  
-1.410955804  
0.2658841161  
1.48054785  
0.7926131527  
-0.9021131195  
-1.226846267  
0.6080967021  
-0.6280466633  
-0.9705124452  
0.7485868878  
0.8362912481  
1.558706514  
3.225728244  
1.609175698  
-0.3435132475  
-0.7415820014  
1.780124092  
0.4792275261  
-0.6333698279  
-0.9805706771  
-0.5511614541  
0.008746891101  
0.289402206  
-0.2727070981  
0.07209522861  
0.3334937089  
0.3752086529  
0.9410997906  
-0.3690611961  
-1.893275948  
-1.370714249  
-0.234489187  
0.5188794535  
1.28807476  
-0.8078522279  
-1.947239278  
-2.130888995  
1.113270838  
0.9278742844  
2.288619679  
1.257733235  
0.08931789627  
0.6466562001  
0.7341747972  
1.564046123  
1.347997869  
-0.4435857029  
0.5613543916  
-0.2224244242  
-0.616745862  
0.1435474994  
1.032160199  
1.216615046  
0.8877165563  
1.370746875  
0.4253572945  
-0.8639216844  
1.024974817  
-0.375018726  
0.03390360553  
0.8867610928  
1.246245178  
0.116746342  
-1.323921478  
0.1044472264  
-0.9033366654  
0.4647649452  
1.269923723  
-3.739096938  
-3.465143764  
-0.9503367461  
-0.9255635424  
-2.649787778  
0.04189317454  
-0.8405112954  
-0.3506623458  
0.4748147903  
-0.4589770938  
-0.9509994284  
-2.88710069  
-1.378481993  
-0.5195467758  
0.4533203271  
-0.07378243088  
0.1927068535  
1.695439729  
1.597157434  
0.1605489965  
-0.4435306145  
1.156471037  
-0.03839646317  
-1.284623316  
0.7267572578  
0.08925291969  
-0.2931986901  
1.406437775  
1.330886037  
1.706996247  
1.042784299  
-0.6104193669  
0.9432708162  
0.897192185  
0.378137356  
-0.08312503894  
-1.165756966  
-1.393706938  
-1.894602994  
0.5030602702  
-0.385089958  
0.2134179054  
-0.8869306284  
-0.2491633133  
-1.991512425  
-0.4566873709  
-1.271983547  
-1.069215481  
-1.24435243  
-0.07251569944  
-0.7815174444  
-0.9125835312  
0.8534070934  
1.007310848  
1.072055642  
1.24447815  
1.664344201  
1.480724028  
-0.1573040619  
0.7774477639  
1.511156144  
1.034865181  
-0.233950642  
-0.9125026196  
-0.7351114455  
-0.9303979584  
-0.3629032671  
0.5315418721  
1.367512512  
-0.9023999963  
0.0617375463  
0.8498872865  
-0.1416289924  
-2.090764611  
0.3371583889  
0.6909923267  
-0.7303777175  
-1.775890634  
0.1287008494  
-0.2869243843  
-2.830194731  
-1.888500843  
1.329072108  
0.5493646586  
-0.3850118724  
-0.0787283823  
1.210456534  
1.964093609  
1.946911142  
1.256237089  
0.312766996  
0.5773943977  
-0.8195768097  
2.05161602  
1.240392107  
-2.640453219  
-0.6593225654  
0.0982345609  
-1.221871892  
-0.3132014528  
-1.518639524  
-0.1929962249  
-1.923700406  
-0.4478491764  
-1.144112265  
0.02660987217  
-2.308410404  
-0.2736286502  
1.516836398  
2.587580073  
1.528274879  
1.239260315  
0.3708698044  
-1.41806336  
0.09999638453  
-0.7216041101  
1.135352707  
0.323767274  
0.6383481347  
0.410224349  
0.8018884401  
-0.1307035953  
-0.9082159225  
0.1600157314  
-0.5326219921  
0.8431535634  
-1.736739053  
0.6181651405  
0.5760419396  
0.7401884519  
-1.370503942  
1.007255296  
0.4693326524  
0.4051095195  
-0.4274493613  
-1.471665718  
1.074745326  
0.7416607686  
-0.02030129512  
1.016776319  
1.416648256  
0.09283897512  
-0.4977718686  
-0.577323812  
0.4523220023  
-0.5100102311  
-0.1223775769  
0.4384577157  
-0.08172731731  
-0.09155523496  
-1.141324317  
1.098906837  
0.9989050366  
-0.06735468872  
1.432618694  
-0.7421871662  
-0.2783159558  
-0.1454664981  
-0.8632711188  
-1.883129898  
0.136822393  
-0.7682349006  
1.433218084  
-0.6449183452  
-2.222740882  
0.5056846722  
1.117753791  
0.9183284869  
0.774524099  
-0.3519366146  
-0.7148708495  
-1.644683527  
0.4063928259  
0.9277616127  
1.540895942  
1.103058524  
0.1295676204  
0.8309733256  
-0.1551811074  
0.8287768958  
-1.335465443  
2.880979437  
-0.0356029993  
0.5428614416  
0.3830950237  
-0.4672032732  
-0.9114227256  
-0.6447075094  
3.887311152  
5.158902438  
1.57164192  
1.060811729  
0.7728012966  
1.015488645  
-2.21299364  
-2.296784591  
-2.90475201  
-3.42361985  
-3.457634371  
-0.8700368275  
-1.469460462  
-2.602161604  
0.01120020782  
-0.9524096464  
-0.6647713264  
-0.02909410002  
-0.5374426555  
-0.1765009611  
0.1717916855  
-0.3265036334  
1.426110053  
-1.360686084  
-2.851731629  
-1.704043103  
-3.214842584  
-1.171667921  
-0.008328336257  
1.490371361  
-0.698267701  
-2.702723624  
-0.7708860659  
-1.655563671  
-1.893770722  
1.1210293  
1.282971478  
1.178395512  
0.8264717641  
0.2783504747  
0.7351062701  
0.7195495106  
0.4052888196  
2.313178432  
5.327241469  
3.76856997  
-0.1284677522  
1.624763808  
1.808737149  
1.506174073  
-0.07552216889  
-1.346545214  
1.58441882  
-2.15083891  
-1.679689744  
-2.364344623  
-0.008865590337  
0.9240164434  
0.3033043982  
-2.434221951  
0.7576263909  
1.855919648  
2.246193333  
-0.03918417878  
-0.123151465  
2.018776191  
2.104658537  
-0.09189409261  
0.2818962838  
-2.321249545  
0.7510184539  
0.3187441609  
-1.506716906  
-0.5511268368  
-2.983720192  
-1.870221296  
-0.8735167134  
-1.641931438  
-1.856601452  
-1.653378925  
-0.495139571  
0.09025525971  
-3.009091749  
-1.87806276  
-1.264246398  
-0.4137400088  
0.4681785927  
-0.2670557473  
2.102326078  
2.655598609  
2.313191443  
-0.7748552516  
-0.2766083221  
0.2056664625  
-1.066102038  
-0.01200798012  
0.1001463966  
0.3776741848  
-0.6824779368  
1.660950814  
-0.6782869142  
0.07751844403  
0.5392119288  
1.04594923  
0.5995122871  
-0.01014606902  
0.7845757887  
0.6664323456  
0.5929031667  
0.7780898649  
-1.351011905  
0.9928881018  
1.673102257  
1.513145564  
1.145186612  
-0.2753485087  
-0.6493202071  
0.7647887574  
1.414619628  
-0.497119358  
-0.6009145276  
-0.6510772725  
-1.54831316  
-1.54289439  
1.008465277  
0.6403464367  
-0.5353360025  
-1.899014465  
-0.3655373713  
0.8458273292  
0.4440849551  
2.352808024  
2.032934814  
0.4734975635  
-0.3083440809  
1.468506322  
1.655801882  
1.675548571  
-0.5132327254  
1.049442004  
0.2962667265  
-0.1967666969  
0.05199227754  
0.8101795296  
0.7355489157  
0.4409806743  
0.3854023481  
2.990937926  
-0.1198623163  
-1.042146903  
0.8831799016  
-0.1470510784  
-1.051255282  
-0.6993741977  
-2.075833815  
-3.309011658  
-4.123603458  
-1.100122223  
-0.1920747708  
-0.716913452  
0.4758033741  
-0.5045762869  
-0.422224792  
1.120407025  
0.3985732527  
-2.922333657  
-2.856444234  
-1.065570407  
-1.251841411  
-0.6188549492  
-1.068146154  
-1.030900889  
-0.9614530632  
-0.6225913175  
0.1533616533  
1.373436316  
-0.3520346811  
-0.2314957062  
-0.03208390772  
-0.1919676239  
0.5007036255  
1.65648616  
0.08937185757  
-0.5393862558  
-0.800967494  
2.462394013  
3.120584151  
-1.743265813  
-0.09395764502  
-0.678221759  
0.53314595  
0.5406495137  
0.2522775329  
0.687066933  
1.621362539  
2.110365859  
1.184187537  
0.1058982316  
0.3450795358  
0.61612845  
0.5209909218  
2.410832509  
1.978792152  
-1.410480276  
0.3749354382  
0.5225795129  
1.570292985  
3.732495299  
-0.1032357758  
-1.057155487  
-0.2362377554  
-2.688205479  
-2.26581612  
-3.897584425  
-0.6348861529  
1.578447827  
-0.07217795019  
0.1754385964  
-1.460950354  
