-2.067575529  
-0.6287444174  
-0.02524454706  
1.490801392  
2.071832091  
0.4671013573  
1.163081812  
1.470262048  
0.9662519813  
1.183289583  
1.397272037  
0.7422850377  
1.143033293  
2.603219777  
1.591012551  
-0.150658338  
-1.188971378  
-2.204463156  
-2.280492991  
-2.172282679  
-0.8314007015  
-1.097132958  
-2.330996451  
-2.510203941  
-0.6807574715  
0.323259792  
0.4018832936  
0.7999246472  
0.6525586931  
-0.6012595253  
0.219352003  
-0.08580259258  
-2.244743335  
-1.402353746  
-0.4003102846  
-0.4467050068  
-0.7109123795  
-1.536653129  
-1.050630267  
-0.7633428887  
0.1787096599  
0.5885146253  
0.6819378138  
-0.9224478921  
0.3177440064  
1.638079541  
1.648085599  
-0.167537602  
-0.3758487464  
-1.249302855  
-0.5644459974  
0.5720343408  
-0.7021973823  
-0.5069517476  
-1.268910394  
-1.209727357  
0.06504406315  
0.5537456577  
-1.063007496  
-1.245052435  
-1.165374789  
-2.344869258  
-1.216756874  
-0.6960703228  
0.5105076572  
-0.1417027739  
-1.302878604  
-0.684801801  
-1.436287008  
-2.908665771  
-3.089326318  
-0.9565569643  
0.5548275787  
0.5160790661  
-0.08862229694  
1.533660405  
4.931342691  
5.547229265  
4.325299103  
1.763759495  
1.687885668  
2.780603938  
1.87353864  
0.3395939493  
2.763767759  
3.565426063  
2.514046354  
1.703122436  
3.70468634  
1.238961129  
-2.800697327  
-3.37196259  
-2.87547826  
-3.187205096  
-2.8804717  
-2.735323806  
-1.247682921  
-0.02391924978  
1.545543164  
-0.4258988964  
0.2159338159  
2.302217923  
1.679972986  
-0.5133255808  
-0.5209597652  
-0.7297746711  
-1.896381058  
-0.98920115  
-0.8127663809  
-1.902237079  
-1.125074694  
0.9644695665  
1.796003233  
1.146493834  
0.8031708184  
2.690881515  
2.599372929  
0.3415700421  
0.5540820699  
0.296558782  
-0.6495685379  
2.79986009  
2.718897816  
1.308196775  
-0.9000289218  
-2.112305087  
0.530539451  
1.419239717  
0.2549769427  
-0.5174651226  
-1.750841152  
-4.152477681  
-6.025769615  
-5.139526561  
-4.307926926  
-0.3609203311  
0.3250513541  
-0.5255581163  
0.6075951383  
0.4965816868  
-0.9385350605  
-0.3465905789  
1.822934434  
-0.4799113894  
-0.901878897  
-2.076142126  
-2.389640317  
-1.400215672  
-0.5028652861  
0.131254022  
-1.576178656  
-1.274087356  
-1.027757673  
-2.064955198  
-1.003937521  
-0.7236949595  
-0.4937275228  
0.1529480349  
0.6504260546  
1.232699261  
2.743448182  
2.927388873  
2.129668927  
0.3154198779  
-1.069634932  
0.9079699537  
1.581427109  
4.380313405  
4.517609978  
3.418948212  
2.891170304  
2.33139995  
2.249318418  
0.8645126534  
1.068277391  
2.491987172  
2.560965824  
1.34608996  
1.136577781  
1.520691715  
1.973524311  
7.195152516  
5.956508747  
1.286329083  
0.4994245862  
0.9654795996  
-1.697021419  
-2.20791461  
-3.467742337  
-1.559110941  
0.08301772601  
-0.02907641925  
0.279581922  
1.678247626  
1.65203013  
1.449465119  
0.08003031278  
-2.974633252  
-2.4278426  
-1.681361649  
-1.318228057  
-2.422934783  
-2.169235218  
-0.79509907  
-2.291746407  
-2.808282128  
-1.634726014  
-2.733215479  
-2.011986552  
-0.8907814338  
-1.590549985  
-1.772681553  
-0.9781023521  
-0.6086782154  
0.1384120917  
0.1082248995  
-0.3883737838  
1.430884943  
1.390831492  
0.4400140145  
-0.2413624562  
-0.4507645062  
0.4657229894  
-0.05642106717  
-0.876954693  
-1.795421304  
-2.342430332  
-1.713701399  
-0.6288771403  
0.06207494893  
0.7500072911  
1.898688698  
1.355005107  
1.564618537  
3.662522587  
4.181683726  
2.166816551  
1.626062705  
0.7350161618  
0.1807734811  
-0.4121152614  
-0.124245309  
-0.3372631729  
-1.346193008  
-2.615545623  
-3.120489016  
-1.977045867  
-2.204089083  
-2.71414888  
-1.209396004  
-2.091657416  
-1.223474613  
-2.196364856  
0.1826847616  
0.925644903  
-0.05738170307  
1.019862451  
1.505129535  
1.32148818  
2.19580579  
3.106507932  
2.620649606  
1.580645971  
2.591504844  
2.267116618  
0.5614104745  
0.1182746641  
-2.250356804  
-4.605360265  
-1.600287615  
-0.04646370747  
-1.361427397  
-0.2236382893  
-1.500466738  
-0.9522782863  
0.1332501675  
-0.4806093688  
-1.088828801  
-1.715172096  
-0.2756450411  
1.41652363  
0.5549721646  
0.9022121449  
1.109603944  
0.3679429472  
-1.002289166  
-0.2002860259  
-0.09911575602  
-0.2785996044  
-0.05625789648  
0.5916305141  
0.7029057481  
0.3504959374  
0.8876849909  
1.575820448  
1.363739291  
-0.09630691508  
0.2122313597  
-0.117752859  
0.07839355138  
-0.4941033062  
-0.8685554221  
-0.9721886784  
0.3399293194  
0.3642916807  
-0.4621908312  
0.3640611953  
0.6494144297  
0.8328464686  
-0.6298736474  
0.04146731931  
1.066687693  
1.919935381  
-0.5558096946  
-1.917035118  
-2.070029347  
0.01114161554  
0.6650027668  
2.155629568e-05  
0.1297985996  
2.499991372  
2.177991734  
1.95529629  
0.8493222264  
-0.722307235  
-0.7235374211  
-0.2476076692  
-0.445903355  
-0.9435737555  
-0.5833804714  
2.105524515  
3.770277337  
2.591903514  
0.6620536568  
0.6654638876  
2.932246144  
3.027083237  
-0.1400100279  
-0.1573769828  
0.8950933713  
-1.217358145  
-2.801985045  
-2.339471614  
-1.790298876  
0.833667868  
3.250385104  
0.7152562311  
-2.282751932  
-0.6869381111  
0.4055438371  
-0.4638346469  
-1.600944679  
-0.8997637037  
-1.646275467  
-1.594894367  
-2.16834322  
-0.5451394879  
0.02788652188  
0.208604455  
0.5579966904  
0.7794205182  
0.08544508848  
0.6745665222  
0.4976484087  
1.720832476  
0.3867784934  
-1.328611389  
-0.28964187  
2.668160798  
3.493283151  
4.230642334  
7.289915178  
5.226947429  
3.526980645  
3.121051689  
-0.01563213858  
-3.728263284  
-6.552505347  
-6.380664648  
-4.543894808  
-2.615460115  
-4.717914287  
-2.213531218  
-0.2242311283  
-2.171055469  
-1.804500187  
-0.5427371884  
-1.359527666  
-2.222112116  
-1.229789991  
-0.5717338593  
-0.8905826844  
-0.854920558  
1.321172712  
-1.005457062  
-1.55188234  
-0.7474088694  
-1.162877815  
-1.327707556  
-0.524091827  
0.3605065496  
0.4095336397  
1.004542981  
1.497217848  
-1.647804578  
-0.9869751156  
3.193040821  
3.141171356  
1.9028817  
2.473496953  
1.954791956  
-0.09588985196  
-0.07394676205  
-0.4663229439  
1.533246574  
8.290429611  
6.37115517  
1.798989906  
0.9732277919  
0.1244851978  
-2.486881126  
-5.173519668  
-4.866759889  
-0.1144521139  
2.038725243  
-0.05342109241  
0.3435196208  
-0.5640077554  
-2.112533736  
-1.559918347  
-0.732175586  
1.239902538  
2.852909881  
3.837021063  
1.762998359  
1.59535054  
2.872673211  
-0.6439485598  
-3.255268368  
-2.881732604  
-1.160930027  
-0.5777438356  
-2.281103093  
-5.687062858  
-4.867398069  
-5.151148198  
-5.844274064  
-4.372563667  
-5.050864087  
-4.920425161  
-5.288564534  
-3.253214048  
-1.398658156  
-1.596370042  
-0.9134668657  
-0.1530061029  
0.5217270397  
-0.981754587  
-1.588515278  
1.911954474  
1.402698131  
2.105324366  
2.466963286  
1.521668957  
0.7044086516  
-0.4385196263  
0.8417346394  
1.872410485  
2.297585306  
2.94051519  
3.177198974  
4.114918637  
1.901984351  
1.80443303  
2.745970692  
2.424629096  
2.715071298  
3.477417287  
1.68582554  
2.34119009  
2.719626454  
2.249729098  
1.252056189  
1.560865812  
1.653136818  
2.3177033  
0.7232658097  
0.04691417322  
-2.030833022  
-4.561344854  
0.03877608763  
-3.191844935  
-2.160827998  
2.177475857  
-0.09373260878  
0.7199347436  
1.720559724  
-0.06687833972  
1.208853043  
-0.4981701992  
-0.1561702205  
-0.3357216008  
0.02199399267  
0.5922640916  
-0.5958846571  
-1.20103655  
-0.5621353264  
0.9375720517  
0.5959880168  
-0.9992805996  
-0.1770946268  
1.775182537  
0.1403361868  
2.476356911  
3.365362517  
4.852730901  
4.585213222  
3.215255065  
2.720974182  
1.272797009  
0.382430286  
1.840112099  
1.616540852  
0.2167119012  
1.244151852  
0.38532566  
-1.691358378  
-2.370456697  
-1.855585419  
-1.819597901  
-3.302464299  
-1.851963766  
-0.5875245341  
-2.26676907  
-2.076340379  
0.1416624358  
0.1434897076  
-3.577999001  
-2.223054878  
-0.9675634838  
-3.291390614  
-4.290869317  
-0.7983252774  
0.9449411661  
-0.3614755151  
-1.634166598  
-0.1367174114  
-1.210282788  
-4.652501225  
-3.50454293  
-3.145002176  
-4.961496495  
-2.958771552  
-1.016385315  
-2.592752049  
-2.420665902  
1.131950365  
0.8308531552  
-1.523640489  
-1.373123435  
0.2767896746  
2.63012631  
2.400681445  
-0.2830136231  
1.942314337  
3.707617866  
4.490207537  
3.978114428  
1.899549521  
0.01176973428  
0.5814957518  
-1.229855151  
0.1720318786  
1.455945983  
3.506781266  
2.605186348  
1.137050991  
-0.8301656893  
-0.2693841362  
0.5872090298  
1.098641106  
3.074884469  
2.523472371  
3.645875692  
-0.9463884165  
-5.134626516  
-4.458676822  
-1.372432552  
-0.6589766695  
-3.00500285  
