0.34149687  
-0.8446342712  
-1.850347811  
0.01450373053  
1.594369011  
2.170364675  
-0.4824577389  
-0.7211517275  
0.644800183  
1.46071383  
1.084950439  
0.5536313224  
-0.1238671927  
-1.081930482  
0.6744140147  
-0.2364699207  
0.307083625  
0.6443478089  
1.265313122  
-0.6855439852  
-1.597754179  
-1.66247731  
-1.311389344  
-0.1384981112  
0.7298604225  
-1.538135466  
-1.623000641  
-2.073093554  
0.4896047234  
1.507765441  
-0.3914004497  
0.9773460229  
1.188333812  
-0.2831809445  
-0.2632908915  
0.7964819682  
1.507626074  
0.2753828377  
-0.1420530799  
-0.2185107145  
0.4679661454  
0.7715819093  
0.9157897125  
-0.2036124122  
-1.59838833  
-1.317476271  
0.8287817644  
1.261976645  
-0.8210374534  
-1.92380353  
-1.105809997  
0.673933472  
0.8910295179  
-0.4082400446  
-2.130550877  
-1.480350109  
-0.5692971747  
0.2665081764  
0.4591928827  
-0.02162410479  
1.139972979  
0.6692167171  
-1.03960694  
-0.7192593156  
0.930499723  
0.5220605229  
-0.800365199  
-0.7937832979  
0.9087975066  
1.094190869  
-1.720275314  
-2.997721347  
-0.5956293954  
-0.9393719934  
-1.881006065  
-1.406094177  
-1.067661937  
-0.3410632054  
0.3092705291  
0.40821959  
-0.4338971949  
0.6542082327  
1.435932738  
0.9883860359  
0.3642932617  
0.356628471  
1.418490876  
1.601855305  
0.558567182  
3.376556071  
3.289955337  
0.03325385196  
0.05207074834  
2.057267061  
0.09622918147  
-2.132446693  
-1.353098491  
0.6999799949  
-1.128568175  
-1.635768777  
-0.09916725397  
-0.5910265747  
-0.6848712957  
-0.1813024525  
-0.7372033996  
0.7225863609  
-1.252262052  
-1.13356986  
0.01739623221  
-1.405709224  
-1.111497915  
1.069138294  
-0.1801500637  
-0.6623501509  
-0.07266131564  
1.930922384  
0.316167898  
-0.6016754327  
-0.6262953066  
0.7015615  
-5.269377309  
-1.671617742  
4.27224089  
2.665877614  
1.692390626  
2.7465095  
1.715682919  
3.448719809  
4.015676751  
3.043180257  
3.674929074  
4.192575541  
1.873358153  
-1.169764606  
-1.440171587  
-2.500340307  
-3.044712061  
-3.190752983  
-2.396574865  
0.02889436626  
1.508137868  
0.4028391042  
-1.096672555  
0.3065214017  
1.408218951  
1.235959233  
-0.09492469163  
1.041964979  
1.693068574  
-0.4002751294  
0.7660221092  
-0.783312806  
0.003724830568  
0.6450443603  
-1.140655059  
-1.393896917  
-0.6707225972  
-1.381694502  
-0.3009809793  
-1.026166862  
3.031291805  
3.118037483  
0.1362918804  
-1.268186075  
-1.070381717  
-2.503137437  
-2.331936988  
-3.734533621  
-1.999167147  
-0.4414482517  
0.493746184  
2.28353209  
0.1073631266  
-1.147448501  
-0.1536653219  
-0.636110714  
-0.6126265567  
0.6839834085  
0.6320191228  
-0.6325481982  
0.3559157683  
1.165652484  
-0.4680437023  
1.373198251  
-0.4619072195  
-0.5277528791  
1.04463699  
0.1019485863  
-0.8619037652  
-1.922450888  
-1.831258186  
-1.916471459  
-1.357487883  
0.06228434698  
1.861357768  
-0.0439809766  
0.338120298  
1.162497298  
-0.1329127214  
0.3981413836  
-0.1387388304  
0.5715939958  
-0.1313740275  
0.7406046163  
-0.01692980339  
-1.505359462  
0.02957632968  
-0.1473397318  
-1.150977972  
-0.7414814704  
-0.9552228836  
-1.866553094  
0.2211622982  
-1.382995825  
-1.515521562  
0.2344609388  
-0.5541579505  
0.2751963292  
1.049505336  
1.451198724  
3.4337379  
5.020704074  
5.125948744  
2.159406843  
-0.08526075877  
-1.613534288  
0.1208079633  
-0.5785974784  
-1.648093467  
-1.879059144  
-1.246713223  
-1.704240063  
-2.134540932  
-1.523509173  
-0.7750626865  
-1.577962028  
-0.4434325476  
-1.034962908  
0.6510192883  
3.19029635  
0.05971311129  
1.601816379  
-1.157209002  
0.9234939606  
0.72230848  
3.196355526  
3.08900558  
1.404447812  
1.845226427  
-0.3159839744  
0.06515817414  
1.099410008  
0.7969356699  
-0.9260068705  
-1.272056741  
0.09935378668  
0.73335871  
-0.27466429  
-1.480754619  
-1.2029852  
-0.2083070615  
-0.3210175182  
-0.2292302915  
-0.9671249125  
-4.611760682  
-0.4710689955  
1.130616748  
2.469433932  
-0.9620312866  
-1.726356151  
-1.455645459  
-0.9979930133  
-1.233679339  
1.380950296  
-1.534747613  
1.292891738  
2.081107672  
1.15438269  
-0.3970736867  
-2.349980572  
-1.090249013  
-0.684211436  
-1.672719535  
0.1001396832  
-0.6779887234  
-0.7445407853  
-3.352781355  
-2.517759254  
-2.904113193  
-1.575108252  
1.131787719  
3.865268691  
4.896392879  
4.18745271  
3.046872926  
0.9659838771  
1.654180059  
-0.6656921519  
0.3494918358  
-0.8252422543  
0.5665359465  
-1.085401968  
-0.4682023262  
-1.120056385  
-1.021680048  
-0.000624289929  
0.008915951629  
0.9802986339  
1.18423589  
0.7073155126  
-0.7263833149  
0.6519249644  
-0.09807959278  
1.316445221  
-0.7850702961  
-0.6308921719  
-1.476131415  
-0.5421104523  
1.274231102  
-1.151349277  
-0.5490748824  
0.3884155534  
0.3230043245  
1.072984193  
0.1680087427  
-0.05783597771  
1.375047437  
0.6325210108  
0.2617848927  
1.486476112  
0.328078985  
0.09764822076  
2.731722473  
2.242481818  
0.6854546778  
1.501785295  
1.35746091  
2.455736069  
-0.4276582404  
1.869804092  
-0.4066321517  
1.035410749  
0.3313756986  
0.1653558707  
0.04093825339  
-0.1972775904  
1.759772967  
1.668763032  
0.3478362876  
1.655696414  
-0.7317011347  
-0.3682325005  
0.2174021741  
0.4321383619  
0.1705349212  
-1.192477621  
-1.477757088  
0.9442533887  
-1.024987084  
-0.1082365516  
0.4454330382  
-0.1134945302  
0.8561458419  
2.359933941  
1.374009842  
0.8500437287  
1.725106439  
-1.510181843  
-1.961618918  
-0.3277243774  
-0.08078907528  
0.6452544504  
2.59455998  
1.716883424  
3.194296793  
2.166862054  
4.778538595  
-0.2170460937  
-1.313201686  
-4.234191946  
-4.375176424  
-2.772201053  
-2.047604448  
-2.648715422  
0.4139515869  
-1.429959551  
-2.025792119  
-2.471665198  
-2.422666403  
-2.084675573  
-0.8295392564  
-2.113557176  
-3.017850598  
-2.193506994  
-1.898694814  
-0.9161200484  
-2.286149908  
-3.917178923  
-2.347806497  
-1.889313583  
-0.8455781325  
-0.08018773281  
1.13002441  
-0.4539001154  
1.40090208  
0.8056896008  
-1.590860048  
0.2841086401  
1.400312722  
0.8694977718  
0.8683393356  
1.144233881  
-0.2188561092  
0.2393858781  
-2.216081823  
0.761266418  
4.125118791  
3.831868729  
2.295338847  
1.373936734  
3.346521793  
3.730811035  
0.7177404871  
-1.942330168  
-0.8103044293  
0.4524234906  
-1.792659104  
3.056612171  
3.833040067  
1.446562428  
1.094196041  
0.8443588989  
1.447385077  
0.4265945529  
-1.271361539  
-1.908543823  
2.874142307  
4.304905599  
4.105882253  
-0.3156265581  
-0.9084831002  
1.747557964  
0.126014767  
-0.003032145316  
-0.02408622754  
-1.312448271  
0.6597033555  
-0.867743168  
-0.7521009742  
-2.863313174  
-2.606902996  
-2.618645869  
-1.952790053  
-2.598965565  
-1.627484404  
1.080478409  
3.958166305  
2.042784616  
-2.031278033  
-3.015772693  
-1.897083965  
-2.24896786  
-2.021506918  
-2.558760349  
-0.3862403784  
-0.9463350572  
-1.766394443  
-0.2948804827  
-0.196371546  
-0.2492172696  
-1.613785683  
-0.3649355124  
1.124572608  
-0.9550417017  
-1.326363336  
-1.420025853  
-1.803250457  
-2.045235428  
-2.187713088  
-2.397863781  
-1.108976426  
0.01682914772  
-1.597471804  
-1.489902038  
5.201431187  
2.780181818  
3.559305802  
3.423881324  
3.228279736  
3.945968966  
1.404609705  
2.098797743  
0.3447208672  
-1.191655302  
3.185876043  
1.17047014  
0.7315235619  
1.157259001  
1.977588261  
4.014387509  
2.537197279  
-0.3664010831  
-0.4582600803  
-1.139629507  
0.2321498844  
-0.9233558482  
-3.08886833  
1.70307649  
2.629656409  
-0.3346512179  
-0.5062406949  
0.007635666097  
0.4900788958  
-1.825289802  
0.1691102772  
-0.4312033612  
1.583203574  
1.735358969  
4.366829166  
2.13352568  
3.557987606  
-0.07943927995  
-1.447696075  
1.980890044  
-1.286792027  
1.098486648  
-1.564332803  
-0.3727934196  
0.343271809  
-2.59101114  
-2.920054277  
-3.255127994  
-1.232197486  
0.4109921898  
-0.05086404574  
-1.148826811  
-1.871732464  
-1.494521507  
-3.066265439  
0.1049927274  
-2.471063638  
-3.668985029  
-4.009215947  
-0.7114603758  
-2.99599734  
-1.766938211  
0.9020367825  
1.12725508  
3.269099365  
-0.07752284157  
0.5600144567  
-0.9454525595  
-2.080929857  
-3.663979  
-2.30344108  
-3.128659488  
0.7120447794  
0.2716381431  
-1.206625937  
-1.299671558  
-1.607276031  
0.04306037645  
-2.597049105  
-1.094033064  
-1.877569203  
1.446068556  
0.4084393072  
0.7435133433  
1.241135767  
1.582617798  
1.561150199  
1.203995277  
2.383478274  
0.9103212839  
-1.053510955  
0.8925765271  
0.3304190889  
2.569415599  
1.795154551  
2.175808204  
0.6282463305  
-1.519379493  
0.06774992376  
0.4664761167  
-1.75906567  
1.038729685  
-1.447358034  
-0.3741936052  
-2.300297305  
1.562805538  
