-0.5165174816  
-0.07590105856  
1.279475246  
0.1255302988  
0.1521329761  
-0.8408777171  
0.5070909646  
0.7606034666  
-0.03410794904  
-0.5047926396  
-0.09045367966  
-0.07812932335  
1.227716614  
1.361068726  
-0.1699634428  
0.2413919526  
0.7778361278  
0.8427322925  
-0.3873759469  
-1.206877821  
-1.320993933  
-0.9681191071  
-0.03887711598  
-0.8827265637  
-1.255417724  
-0.5486725855  
0.438125659  
2.180322452  
1.204867018  
0.4571586161  
0.6870583041  
0.6938933415  
0.2076206618  
0.09133510087  
0.369941381  
-0.08270071679  
-1.029020688  
-0.5293143766  
-0.2908051639  
0.9900375547  
0.2088491918  
0.1398977238  
0.05127357637  
0.6117105132  
0.01530841338  
0.0002605203659  
-0.4193971876  
-0.7989028626  
-0.8583752395  
0.3756595673  
-0.5077184945  
-1.455274992  
-1.901107983  
-1.271454161  
-0.9126220174  
-0.6903710663  
-0.4772888473  
-0.9394505609  
-1.408952427  
-0.6837552539  
-0.1809411149  
-0.357177055  
-0.3359300385  
-1.009844552  
-0.7493244926  
-0.7233860183  
0.8699184915  
1.66134755  
0.8301218427  
-1.451972092  
-0.7394881504  
-0.2595120116  
-0.2371035952  
-0.5453788849  
-0.8287411936  
0.5701712107  
1.31845347  
1.47035302  
1.417032534  
1.646850304  
1.438873118  
0.3391727301  
0.3568968254  
1.1816118  
0.8393050623  
1.038416053  
0.9068461282  
1.38096446  
1.836854288  
1.801066095  
-0.2930339126  
1.236639904  
2.601077302e-05  
-0.9422440653  
-1.386522066  
-1.334926455  
-0.3827879499  
-1.393547162  
-0.5998902518  
0.3954080021  
-0.3852433435  
0.6163741569  
1.661781886  
0.596870629  
1.579658808  
0.887130107  
-0.1268928676  
-0.2984775648  
-0.2835809216  
-0.1942457003  
0.4985133441  
-1.096415133  
-0.6490145105  
-0.06028803564  
0.2334663422  
-0.4179076892  
-1.018858278  
-0.6807736466  
-0.01142736137  
-1.423772601  
0.2430228913  
4.483745607  
3.757353305  
2.375371573  
1.272356852  
0.3748839037  
1.824119895  
2.360541566  
3.962275724  
2.309446052  
2.052947483  
-1.943294093  
-6.03118515  
-6.847514442  
-4.380547462  
0.2910207044  
-0.2440168804  
1.282253286  
0.843436016  
0.05246275304  
-0.7684296623  
-0.02524468994  
1.295906482  
1.473386394  
-0.07960786535  
0.4610842268  
1.297100872  
0.6243038588  
-0.3390444728  
1.118124547  
-0.1613121413  
-0.2997916136  
-0.2851511185  
0.9964554228  
-0.5011466877  
0.4008796793  
1.100956274  
0.6230506266  
0.8210841864  
0.7290681429  
0.5287410163  
3.068708937  
3.389826396  
-0.2665772371  
-2.375021643  
-1.90818446  
-0.5857269378  
3.277949895  
1.500566941  
1.026224697  
-0.332896003  
-0.7794232868  
-0.9677738426  
-0.6191742465  
0.1118010682  
-0.7600756963  
-1.33043673  
-1.342447803  
-0.1050760445  
-0.5926338517  
-0.1236574751  
1.877389639  
1.793205593  
0.6626690318  
-1.386858748  
-2.140187685  
-3.805142571  
-4.130368536  
-4.343169434  
-2.325722255  
-2.682058391  
-0.8107712235  
-2.174994694  
-2.759358326  
-2.701609664  
-0.2398086077  
3.157228142  
2.220009648  
1.79964982  
2.735361965  
1.604954016  
1.569331891  
2.205727465  
0.7074503403  
-0.02352356003  
-0.07352933203  
-0.7460937037  
0.3858992387  
1.685643811  
0.07792300915  
0.1635002768  
1.149580742  
0.6052973568  
1.484872868  
1.58898499  
0.3644549415  
0.005304949072  
-0.2470716805  
-0.1462099329  
1.332207365  
0.4558188771  
2.230891804  
0.7307572319  
0.273652383  
-0.1357463447  
-1.104071762  
-1.60780537  
-0.7842703591  
-1.070951074  
-0.575131814  
-0.3800210513  
-0.8369285368  
-1.31282354  
-0.472871951  
1.272474044  
2.046346012  
2.415921553  
1.413766841  
1.401435697  
1.145007986  
0.1056420763  
-1.381735501  
-0.7666842433  
-0.8038453806  
1.71630333  
1.024272069  
-1.232268348  
-1.851430615  
-0.4023030283  
-0.7412524357  
-1.007744352  
-2.054603534  
-0.9805171049  
-1.975644126  
-2.224612067  
-2.313184037  
-2.456643678  
-2.263036069  
-1.364251349  
-0.6620947253  
-1.853484285  
-1.389953943  
-0.3040058966  
-0.3407810141  
1.665958518  
1.949989522  
-0.4542940876  
-0.8094352017  
-1.027056294  
0.7477428732  
0.4825259137  
-0.3091318567  
-2.077350391  
-2.286006996  
-2.606609635  
-2.969973129  
-2.001694132  
-2.193040553  
-1.241567474  
2.901807853  
3.85378743  
3.879998488  
2.426693812  
0.9093657157  
-0.4657577663  
-1.113588674  
-1.376435758  
-1.416818132  
-0.1649831248  
0.5365753224  
-0.1190245867  
1.516511517  
1.188568301  
1.734872335  
2.447485739  
2.416848926  
0.07606667244  
-1.188354863  
-1.123716445  
-0.3211152503  
-0.4127824525  
-0.3457811134  
0.1883651607  
-0.7582515886  
-1.422104239  
1.327187084  
2.8179911  
1.816423176  
0.1240523672  
0.5787411492  
0.705928493  
0.6723102647  
1.093342018  
0.2677418114  
-1.27543604  
-1.136659535  
-1.376399255  
-0.9618457362  
-1.817475162  
-1.537595581  
-0.4371045004  
-0.7925611258  
-1.089728256  
1.113080244  
1.626821409  
0.6912169418  
0.01149415634  
0.3319641918  
0.1042177215  
-0.62697919  
-0.4834259935  
0.857839907  
1.207070895  
2.082359148  
1.021170013  
1.080880221  
1.874987632  
2.73639896  
1.269772978  
2.598052382  
3.409051685  
0.4622217291  
-0.3422409127  
-1.440496351  
-0.1182298559  
1.197151095  
1.493445066  
0.791166875  
0.5750204907  
0.5099912853  
1.721838946  
1.33414476  
0.1638205997  
-0.09956861593  
-0.1585996975  
-0.7308706569  
-0.01749936539  
0.6187392437  
2.12007245  
2.435670399  
2.790819149  
2.207565093  
1.814884218  
4.07566035  
1.878828022  
-0.06223505597  
-2.084209082  
1.425491813  
1.459242908  
1.641686544  
2.974775058  
3.40435486  
5.168967093  
3.706981034  
1.745597207  
0.8905461774  
-5.342458869  
-6.1477193  
-8.688965893  
-7.785302814  
-5.298933185  
-4.174656788  
-4.375162977  
-2.685528326  
-3.127179969  
-4.776169656  
-2.234172845  
-3.065792326  
-2.880023192  
-2.213837952  
-3.015004274  
-3.607594617  
-0.8600011705  
-1.300141089  
0.8729300648  
-0.3951001786  
-1.30665104  
-0.1091115479  
-1.304727275  
-1.699187036  
-2.330446338  
-0.9258299615  
-0.8132543917  
0.01167272576  
0.7447382004  
1.452556347  
6.067409367  
4.972740772  
2.856030525  
2.71049625  
3.052752628  
2.931295742  
2.664571329  
1.643576126  
3.645437351  
5.862073355  
7.036475234  
5.423257391  
3.350035471  
2.28151899  
-2.106682858  
-5.972726482  
-7.172469431  
-3.927821296  
-1.455818458  
0.2945631331  
-0.970487572  
-1.153295691  
-2.700092226  
-1.020847405  
1.865339766  
2.614885208  
2.965198433  
3.536368947  
3.932075771  
3.398861044  
3.237967724  
-1.790089683  
-3.81924461  
-3.646903283  
-0.7483813662  
-1.721777051  
-4.589535425  
-4.942079209  
-6.88420856  
-5.239337112  
-5.684514295  
-6.260718735  
-6.815915261  
-5.162439492  
-4.89539078  
-3.645650547  
-2.873594048  
-1.200584856  
-0.5027245713  
0.1017200052  
1.654345403  
0.8017455447  
1.401340405  
4.035749804  
3.033694835  
2.958383385  
4.283728234  
4.033225331  
2.162366101  
0.717744179  
3.087448937  
2.692137649  
2.165253851  
2.254053537  
1.601533522  
3.0250609  
-0.5286242014  
-0.0965253187  
1.185291707  
0.01083903766  
0.5551959342  
1.366828727  
1.81152805  
1.488642764  
2.275521049  
0.2845594545  
-0.2243963646  
1.174577226  
1.171447356  
4.071810365  
1.908210754  
1.793443021  
-0.7347514857  
-3.392400866  
-1.27506153  
0.7961846078  
-0.3783462475  
1.329094473  
1.445575624  
2.227917168  
3.086778305  
1.941769458  
1.226964261  
1.639874338  
-0.5486046927  
0.5735691346  
2.534018523  
1.448507355  
-0.3865348115  
-1.252758649  
-0.7710178991  
-0.5806907615  
1.237191807  
0.3999792733  
0.9572417002  
0.9220025873  
0.4616129358  
4.029536823  
2.01022826  
3.821047025  
1.682103446  
1.682942478  
0.1937378969  
-0.0980859224  
-2.376481858  
-2.140385009  
0.4107089684  
-2.629256857  
-1.769452833  
-2.315415734  
-1.290065414  
-3.02612478  
-3.189227092  
-2.942027904  
-3.875488371  
-3.285205659  
-1.231128376  
-1.838750152  
-4.023206121  
-3.071668373  
-1.499753827  
-2.002860238  
-2.109330217  
-2.801533128  
-1.682930606  
-2.949123188  
-2.168731459  
-2.013678077  
-0.1266425653  
-0.8574567095  
0.491589511  
1.228537146  
-0.5662833626  
-0.766739867  
-2.269671054  
-2.348998275  
-1.036369677  
-0.9209009658  
1.321005758  
0.04970245689  
2.474446577  
1.012384493  
-0.4473981466  
-1.215440238  
-0.07925003373  
0.5884914964  
1.037672754  
-2.0341798  
0.286628527  
2.50255091  
5.541106329  
4.504294012  
4.943289868  
2.617251634  
0.2082695561  
0.3623726124  
0.8080748198  
0.4194795791  
1.104707663  
0.4541479479  
1.429331237  
-0.6404416866  
-0.2850130733  
-0.8905309695  
-2.724418769  
-1.928777819  
-2.952931759  
-3.550182994  
-1.25863902  
-1.120600139  
-0.844080805  
0.8723677117  
-0.8139158296  
4.147433628  
