0.4615835752  
-1.051566148  
-0.2074691333  
-0.4428876896  
-0.7081389558  
0.2164783562  
0.9964019834  
1.376520769  
0.2449605038  
-0.4644586472  
0.04864683426  
0.5639293606  
1.882088466  
0.383006152  
-0.09006501979  
-0.09981434847  
-1.712314456  
0.4231172664  
1.961164552  
2.094812734  
-0.1565131798  
-0.5374771111  
-1.105663806  
-0.312754615  
-0.3296290939  
-1.610785699  
-2.572757628  
-1.00532779  
0.1661382336  
1.082862113  
-0.4342975665  
-1.654679104  
0.3220774601  
0.7615455566  
1.325182056  
-0.7100190959  
-7.159208373e-05  
0.3233151751  
-1.737758277  
0.6609604277  
-1.563138674  
-0.3620321807  
-0.2901504562  
1.101393162  
-1.118410317  
0.8563723936  
0.08871883701  
0.1061565124  
-0.2808719945  
0.5274772912  
-0.5375762301  
-0.5276725869  
1.01222588  
-1.869252577  
-1.058993053  
0.2576150033  
2.481877668  
0.9958574626  
0.125683608  
-1.057029113  
0.06918055017  
1.570365242  
-0.3402245605  
1.271779617  
-0.7281807104  
-0.3736421292  
2.530847534  
0.9704160682  
-0.2595467832  
-0.2715894871  
0.2328253254  
0.6744767913  
-0.6247775199  
-0.5222506866  
-0.7623454118  
-0.3791539553  
1.339862407  
-0.222461888  
-1.944826087  
-0.6466761158  
-0.01248049504  
-0.9302308577  
-1.672357303  
-0.1067036394  
0.07526580277  
-0.6057903039  
-1.971783099  
1.848580018  
2.084795023  
-0.3131828403  
-0.6150161308  
0.1298208998  
0.366335014  
-0.01295761412  
-0.2252160169  
-0.2872996933  
-0.1581815528  
0.3540784732  
-2.240298218  
-0.9377697647  
0.01056022968  
1.867222558  
0.8377484741  
0.3232056182  
-0.5579204341  
1.890919837  
0.1350915991  
-0.8820827548  
0.04116808587  
-1.205281075  
-0.1115162213  
0.5308945742  
-0.1594852855  
0.4544036545  
0.1650283421  
0.97315683  
0.5004292309  
0.3107254775  
-0.3136875076  
0.1950950929  
-2.032459859  
0.5627174492  
0.6992327198  
2.841772374  
1.134748988  
0.8192516751  
2.950886598  
2.567047449  
1.902597331  
2.000975438  
2.561323112  
0.1570537672  
0.6802495264  
-0.1189901367  
-1.390386491  
-0.4786007969  
-0.6437221288  
0.5654481583  
0.03866586575  
-1.022460498  
-0.7305115038  
0.6510077888  
-0.3611588556  
-0.2431342263  
1.311689494  
1.508151357  
1.157922449  
-0.1337341735  
-0.5131178677  
-0.5831161975  
-0.8788760785  
0.6852782182  
0.2334371464  
-0.8522675373  
-1.642866963  
-1.128319686  
-0.4550542804  
-0.6429299376  
-1.519750178  
-1.350510399  
-0.6574669598  
-1.549521518  
-0.7767904402  
-1.828512399  
-1.060864765  
-1.008597297  
0.140815051  
0.9745790583  
-0.1995352391  
-0.5243668589  
-0.7953504867  
0.4119502814  
-1.554652573  
-1.837980331  
0.2126808582  
-0.05019426837  
-0.9704995702  
-0.8334096882  
1.44281986  
-0.5687346046  
-1.743453175  
2.422379442  
1.7125171  
1.157424668  
0.1321173744  
-2.021140239  
-0.7672139829  
-0.193562227  
-2.067586045  
-1.415625541  
-1.238382728  
-0.6516881544  
-1.695998663  
-1.342957002  
1.226567753  
2.526869862  
-0.6243371057  
0.798103963  
-0.08100854323  
1.28599073  
0.32466186  
0.5644336191  
-0.6559458388  
0.696131141  
-0.274050301  
0.2004473895  
1.615823326  
0.3568450286  
1.087330824  
2.589975337  
0.4863201638  
0.6868564452  
-0.228794632  
-0.9320775344  
0.07799231611  
-0.2369714879  
-0.8263900904  
-0.1206526104  
0.2200390812  
1.775429879  
1.863251893  
1.875231083  
-0.3145942679  
-0.7883943354  
-1.457178298  
-0.6557568294  
-0.3878771367  
1.025590481  
-0.9921548339  
-1.911620861  
-0.1093407268  
1.151369293  
-0.4739058518  
-1.560763833  
0.6388908421  
2.311345458  
2.563188928  
0.3786818317  
-0.3669055785  
1.38302641  
0.601759804  
0.8478719961  
-1.144196412  
2.919830152  
0.9121828684  
-1.003178663  
1.023299441  
-1.351667426  
-0.8494099646  
-0.4681891216  
0.01998818388  
-0.704086981  
-0.7270146562  
-1.520191725  
-1.481524776  
-2.12714392  
-0.3089114698  
-1.495785473  
-1.014270275  
-0.4732307633  
0.7045750203  
-1.620547616  
-1.922432843  
0.4427033653  
0.7523447302  
2.984174704  
-0.2619279074  
-1.223597946  
0.4214220444  
2.060881504  
0.08709531851  
0.2683064191  
0.4446191014  
-0.2917400477  
0.1341675566  
0.8507689955  
0.6656355285  
-0.8888323896  
0.3150409257  
-1.074674086  
-0.7587598471  
0.1985760678  
-0.8239014226  
1.951580989  
-0.5077043428  
-0.4722656922  
-0.3344050257  
0.001822200554  
0.2193566848  
1.541317489  
-0.7746298491  
0.2394465666  
-0.1633194191  
0.8250773871  
-0.5166227539  
-0.5929660361  
0.8629613935  
0.5855017341  
1.13168125  
0.5328596395  
-1.103163943  
-1.094908166  
-0.7335997259  
-0.09756080538  
-0.2593375704  
0.7901237891  
1.431720359  
2.260245544  
0.1784958645  
1.450649409  
1.643732189  
1.038691202  
0.8297218474  
0.9919646789  
-0.7014753102  
-1.382772475  
-2.139509739  
-1.898801832  
-0.05030518615  
-0.7373385734  
-0.9366981006  
0.3387360555  
0.007823150056  
-0.9088290263  
-0.3657320782  
-1.276779773  
-0.8244416183  
-2.233186144  
-2.769616535  
-1.630553893  
-1.529779218  
-1.462634631  
-0.08085573073  
1.786096309  
-0.6452634556  
-0.7841937348  
1.419867786  
0.3314182138  
-0.2649080903  
2.529772328  
0.07712444479  
0.8941962613  
2.111705539  
-0.1565256983  
-1.036528108  
0.7580739797  
0.9116032739  
2.480491352  
2.145603151  
-0.1374074641  
-0.4746036943  
0.6698995715  
1.148185053  
-0.3203071363  
1.330607713  
-0.4828031466  
1.353121583  
0.4264762533  
0.7402066593  
1.356007493  
1.147047742  
2.69441404  
2.389711865  
-0.3910428243  
1.294149125  
0.8390070944  
-1.062059937  
0.7665244232  
-0.1546951022  
-1.382556017  
1.212240128  
-0.8054698526  
1.948786142  
2.018753335  
3.124237807  
0.4568538459  
-0.9917286889  
-0.6072527526  
-2.936180171  
-2.841692696  
-2.08677245  
-2.762201788  
-1.471537828  
-0.8069340143  
-0.8437441291  
-2.191895958  
-1.441232256  
-1.28135986  
-1.029130727  
-0.3778538118  
-0.9345398486  
-0.8289243744  
-1.493662206  
-0.02690102431  
-0.06184427946  
0.3456389915  
-1.373805886  
-1.205588561  
-2.301086553  
-0.1562974998  
0.7268677178  
-0.7453704211  
-2.601487542  
-3.167792812  
-2.697987594  
1.767120885  
1.335460205  
1.637427656  
0.04984235572  
-0.07606959524  
-0.2100722049  
0.7185235573  
-0.2971378258  
1.648594476  
2.092473101  
1.954063567  
1.902453152  
2.812832324  
1.343644603  
0.1018693155  
-0.8158126678  
-0.9875177564  
1.055741469  
0.8388543468  
-1.238574045  
0.9887282525  
-1.084309924  
-0.6255837239  
-0.5489554302  
0.2795386531  
1.364174048  
0.2617728087  
0.3580930773  
2.178375542  
0.5052736553  
-0.7573783747  
2.140756956  
1.378479365  
-0.06014655846  
-2.172055036  
-0.2458049171  
0.7659055568  
-0.1073512166  
-1.692794574  
-2.160490622  
-0.3017515655  
-1.544437998  
-2.088167577  
-1.913458801  
-2.290350859  
-2.041859375  
-0.9237660545  
0.6165150977  
0.8439727224  
-0.3151404998  
-0.9974419241  
-0.7905727267  
0.2592853541  
-0.3889451028  
0.0477029106  
-0.1701531797  
1.715563812  
-0.4748011312  
-1.080664429  
-0.592828982  
1.071715359  
-0.7069881811  
1.387690964  
0.5363154408  
1.96788707  
-0.06769213305  
0.7436373723  
-1.070961926  
-0.6672122311  
0.007836123111  
-0.196840534  
-0.6267804873  
-0.01003681548  
1.39777469  
-1.320107023  
-0.6010141848  
0.2303331591  
-0.5548368113  
0.8763140153  
2.18002902  
0.09665199124  
-1.474862181  
-0.236144626  
-1.143068902  
-0.8545062026  
-2.518197858  
-4.509999527  
1.257488714  
1.323047556  
2.016256703  
3.006396351  
2.248559961  
0.3124540995  
0.259009242  
-0.1694193056  
0.9378484472  
1.861186627  
1.844968686  
2.019401648  
0.5223067425  
2.410875311  
0.02608599108  
-0.9062667406  
1.37660498  
0.3507627034  
0.08642301446  
0.6989229469  
1.410011708  
0.6406700205  
-0.5851784472  
1.438237108  
0.7344671722  
0.9812146377  
0.8494814699  
1.127591169  
1.668002795  
0.6547552411  
-0.6673877564  
-1.302326735  
-1.061763889  
0.2006636569  
1.622053141  
0.7482768821  
1.1701678  
0.2720407638  
0.822162646  
-0.05607580916  
-1.21426403  
-1.026154326  
-0.4422945494  
-1.625150631  
0.09218577438  
-1.405717377  
-1.452775924  
0.5064038098  
-0.8238315732  
-1.456952046  
-2.371752063  
0.171547527  
-0.02043367132  
0.7316491556  
-1.117559985  
0.5836859208  
-1.170824701  
-1.837209933  
-1.631087918  
-1.683216928  
-0.6124900786  
0.2292325534  
-0.4976456319  
0.6963137028  
0.05019575011  
1.573129515  
1.464505577  
-0.5846345455  
-1.054820246  
1.626360756  
0.9302545268  
-0.7754814409  
-1.393001985  
0.02584727208  
0.913253578  
-0.7048104057  
0.6694459728  
-1.524420976  
-0.9198973402  
1.13151368  
1.478779664  
0.7483816549  
0.940421002  
-1.426251261  
0.8625295826  
0.2915550805  
-0.6329513671  
1.169909607  
1.082958372  
-2.748697292  
0.04404916291  
0.5471748807  
-2.443533328  
1.202983881  
1.832533954  
3.641029284  
-1.928780772  
-2.102327073  
