-1.200501817  
1.880425358  
0.3699666471  
-1.226378777  
-0.2958073174  
0.6406918708  
1.124909368  
0.7277200927  
-2.571731801  
-1.787929205  
-0.007844144594  
1.756556776  
0.5014141642  
-1.180893832  
-1.256262287  
0.3659968303  
1.789830227  
0.6995312764  
-0.7915300384  
-1.767206279  
0.660858795  
1.915482506  
2.636449923  
-0.1362653926  
-1.845301728  
-0.7273613219  
2.327330047  
0.9046313967  
-1.445578394  
-1.989933142  
0.3989483485  
2.607524696  
0.3917528871  
-1.822018316  
-1.307753788  
-0.8462098756  
0.06604121433  
0.6332607015  
0.6425600754  
-0.5183445615  
-1.842119558  
0.1021711939  
1.195334094  
0.083542815  
-0.1182029656  
-0.8615767531  
0.3288622401  
1.664006851  
1.464982867  
0.7165998365  
-0.6403848711  
-0.6993285675  
0.5762158363  
2.024919946  
2.309723044  
1.191628378  
-2.251640027  
-1.071914261  
-0.3663196388  
0.2594356596  
1.294426503  
1.171021828  
0.3610535637  
-0.9026278933  
-1.598185005  
2.293911054  
1.560649198  
0.009957607035  
-0.2246583342  
1.226636619  
1.317054859  
0.1080679527  
-1.22774365  
-0.04972779843  
3.12253685  
1.179593296  
-0.659236697  
1.159571024  
2.254793352  
2.358419604  
-0.3653158657  
0.164280953  
2.51534268  
2.694316249  
-1.01071993  
0.6359225194  
3.002181169  
2.297550894  
-1.501199919  
-0.8596729283  
1.200050685  
0.3473220096  
-1.867054081  
-2.722230202  
-1.245806023  
2.136964004  
-0.7461272993  
-2.691186582  
-0.4126640748  
1.689133501  
-1.545744537  
-2.720180772  
-0.6539119356  
0.2814310862  
0.4230364744  
-2.378924969  
-2.113146724  
-1.810647853  
-0.5670996116  
0.6184024888  
-1.199515504  
-2.276791137  
-0.6726587436  
2.77913869  
0.4710420885  
-1.841129398  
-0.5864027997  
2.936555729  
0.1428615751  
-2.26599849  
0.5082756943  
1.361392034  
0.3333398795  
0.5537171461  
0.6154749595  
-0.1298947333  
0.1810475905  
3.834968314  
-0.05318479512  
-1.402172003  
-3.585046687  
-3.520760107  
-4.68501744  
-6.809662151  
-4.896710062  
-2.792018002  
-3.173156886  
-1.477129618  
-5.570373222  
-4.7043208  
-2.950628455  
-4.000650018  
-4.326957142  
-1.911454937  
-2.616664447  
-2.517025599  
-0.1421636805  
-1.613667518  
-0.1068908192  
1.194227742  
-0.3478260818  
-1.065609198  
1.42869821  
0.9745269075  
0.61619836  
2.2416985  
1.099615613  
0.7399629963  
1.803234368  
1.398011742  
2.681395931  
1.912042534  
1.909740389  
0.9616365275  
2.545458762  
2.32126867  
5.791846666  
4.590635352  
4.963784212  
5.195842248  
3.093851102  
1.945180756  
3.243668868  
4.099199698  
3.19283512  
1.85482939  
3.397543531  
4.047924447  
2.772502922  
2.008970503  
1.282717253  
3.805024736  
6.783307527  
3.198823037  
1.515872937  
4.055355319  
4.331305564  
1.86445891  
3.71623608  
2.944696213  
3.579581435  
4.907539827  
3.209705248  
2.89072461  
3.28016211  
6.214277432  
6.045555804  
-3.195103751  
-3.32239334  
-3.561383142  
-4.617913255  
-3.205778256  
-3.442410451  
-5.220860592  
-3.598193685  
-3.320254149  
-5.307268427  
-3.767127958  
-2.041009787  
-4.961029519  
-1.852210723  
-3.842118638  
-3.432522371  
-1.286203128  
-4.098065434  
-2.773048751  
-1.885440003  
-3.836687033  
-0.9076263716  
-1.517298511  
-3.961441704  
-2.670265508  
-1.577697744  
-1.145160177  
-0.6752717969  
-2.902662969  
-0.4565614246  
-2.429075218  
-2.846144805  
-0.8113119714  
-1.378953702  
-3.197038098  
-1.931672012  
-1.12322973  
-0.3314553978  
-0.5218698851  
0.8665890979  
-1.078872107  
0.8801092612  
3.316370388  
2.832701131  
2.772816652  
11.10703074  
7.646309551  
2.535535245  
-0.5262228866  
-0.5138021024  
-0.3993334892  
-1.165565376  
-2.005190096  
0.5136741232  
0.1598060378  
0.627298235  
-1.940573222  
0.1481610247  
0.7832750232  
-2.158398037  
-1.487786493  
2.118997114  
-0.9636665321  
-2.200676862  
0.7160969202  
1.099325836  
0.0951730851  
-0.8031459752  
-1.090313128  
-1.713820121  
0.03751112589  
-1.389164199  
-1.077326259  
-2.432697517  
-0.2243308518  
-1.967238521  
0.2102865276  
-1.678207723  
0.1859494804  
-1.597372565  
-2.552753495  
-1.724411542  
-1.315309619  
-0.3704475339  
0.7086319853  
-2.248790863  
-2.625394068  
-1.203002362  
0.4391409784  
-0.9137218032  
-1.566124742  
-1.061747156  
-3.980322299  
-0.7175816139  
4.470023457  
5.326773269  
4.898158965  
7.08853334  
-0.4442749568  
-0.9448913689  
-1.607843708  
-1.629883672  
-0.6592289562  
-0.2559367568  
-0.8422216194  
-0.2044271729  
-1.035778373  
0.5292895194  
0.6132306969  
0.5196220118  
0.2452731168  
0.971860356  
0.9071693448  
0.2477390155  
0.8261613504  
1.138938375  
1.592977482  
2.113416831  
0.9007094775  
-0.1935382032  
1.160899352  
1.941294198  
2.020871276  
1.170271479  
1.085897951  
2.709868758  
3.677521741  
2.362480785  
2.159444956  
1.485216671  
2.221181411  
2.999077317  
2.682891043  
0.8258454129  
2.218687876  
3.506424631  
3.678228962  
2.777038826  
2.049553816  
2.321509557  
-1.933623208  
-7.158831479  
-6.760432729  
-4.514834281  
-6.546191649  
-7.88637158  
-6.202080867  
-7.370967082  
-4.612251171  
-2.555883803  
-3.630105265  
-6.347436878  
-3.834526297  
-1.980065503  
-2.776127166  
-4.701896323  
-3.887378158  
-2.773851002  
-1.236210388  
-2.643173252  
-1.473017283  
-0.6279948699  
-2.376840717  
-1.928531167  
-0.1240179446  
0.9677630518  
-0.5654189891  
1.431036263  
-0.2373908639  
1.974988786  
1.129519382  
-1.597744348  
1.150231286  
1.907389831  
8.144038036  
4.367099593  
2.318930026  
3.365877462  
3.033892143  
3.8762957  
1.067905758  
0.09872133391  
-0.6068975612  
-0.5985740742  
-1.522135855  
1.069236903  
-0.7272462412  
1.050704335  
1.719338762  
0.9966765003  
-0.160241177  
0.3595765176  
-0.5705254059  
1.313776899  
0.6719212339  
2.16778137  
4.846759775  
1.262135151  
0.06372042369  
0.2899702691  
-0.0879835594  
1.440906541  
3.520869902  
6.542306502  
-0.7969749362  
0.1401216504  
1.672367903  
0.4694580902  
-4.128409073  
-0.9142967887  
-2.995632054  
-2.798982807  
-1.674300161  
-1.183204536  
-3.366303313  
-3.450284208  
-1.079266377  
-2.894843967  
1.6698497  
10.17134505  
4.731440853  
1.727136202  
1.688897214  
2.275694806  
0.2523591861  
-0.1196119813  
3.608097075  
1.699424026  
-0.2303079417  
-0.8131462748  
3.060639549  
3.152497987  
2.367962734  
0.3864351435  
-0.4823728772  
2.824729554  
1.645042402  
-2.889599589  
-2.845622757  
1.45845954  
-1.027279802  
-2.700254689  
2.353178442  
-2.717948724  
0.2587677743  
-1.700742208  
-2.769177669  
-0.2264824206  
-2.593939502  
-2.892316935  
-1.718336558  
-0.5298143467  
-1.95979125  
-3.085037427  
-1.59928718  
0.265899139  
-2.059754832  
-2.365925506  
-1.576022848  
2.726311371  
0.03742791743  
-0.79646055  
2.399966672  
5.983095675  
-0.0367698754  
0.7655673713  
0.9921595376  
1.534738459  
0.684108989  
1.153019765  
3.251823572  
1.281456623  
1.484811128  
4.964907394  
1.402052568  
0.8789129775  
1.45215906  
1.950602124  
2.571268561  
-0.2685199823  
1.027581581  
1.549337574  
0.5306942746  
0.9127996349  
0.1569189284  
0.1393113677  
2.055015838  
4.334150986  
7.669699018  
4.705608417  
2.593408788  
2.125762381  
2.432638041  
2.881930874  
7.500739241  
-4.432447349  
-1.611181737  
-2.708904406  
-1.749061619  
-2.012976286  
-0.6614667061  
1.870922998  
-0.60501751  
-0.5624740827  
-2.215907023  
-1.371516171  
-1.682755954  
-1.983977934  
-3.605792254  
-2.340087578  
-0.508353841  
-1.35932046  
-3.516662299  
-3.068648312  
-2.601330736  
-0.4575504033  
-0.9819680773  
1.607228146  
0.6724880544  
-0.3667586308  
-0.9500260618  
2.558662615  
-0.8479259368  
0.05298805481  
-1.55966346  
-2.292179361  
-0.4492665909  
-2.474732199  
-1.666101958  
-2.903805537  
-3.969937281  
0.9635340573  
-1.773917153  
-2.810556154  
-0.9535326325  
-1.739835589  
-2.636789645  
-2.684942332  
0.6132478536  
-2.504479662  
-2.759786151  
-3.135270443  
-1.126712167  
-1.507913586  
-2.148160891  
-2.593394488  
0.3684125787  
-2.576787188  
-2.669581144  
1.093646138  
-0.8671552759  
-0.9423465169  
-2.358359202  
-3.2807112  
-4.10477844  
2.073370456  
0.6569021368  
-3.346866834  
-3.511533149  
1.558533498  
5.058683824  
-0.7429796506  
0.2229127054  
-0.421904874  
-0.09780282216  
1.394912637  
1.67834798  
2.42197156  
7.855952026  
4.110056085  
5.703974192  
0.9486865897  
0.1112219096  
0.09479508688  
-0.4074311313  
1.210094876  
0.9189375469  
-2.706688609  
2.913032944  
1.995188474  
1.454944464  
4.924793635  
0.9565312881  
-3.947833998  
2.00658703  
1.24926923  
-0.8456776902  
4.756656343  
-3.343840085  
-6.417433219  
-8.534414132  
2.074269008  
2.707548599  
