-1.529417259  
-0.3605550043  
1.042761634  
1.056602373  
0.02618881403  
-0.6046110759  
-0.02498328016  
-0.707305398  
-0.3012009486  
0.3126863964  
0.4923117654  
0.5003921174  
-0.04109976345  
-0.4300175214  
0.239229464  
0.6502396288  
1.589644741  
1.832312149  
0.8933495559  
1.145301186  
0.2575657647  
-0.07904201208  
0.3445152289  
0.3219581305  
0.03763286599  
-0.1579122718  
-0.8031784142  
-0.5288760573  
0.01249711253  
-1.222378754  
-2.405550024  
-1.310132642  
-1.334233456  
-1.496095245  
-1.316970635  
-0.422113407  
-0.4547413997  
-1.651319227  
-0.4388931422  
0.07591147321  
-0.2760536031  
-0.3110620637  
-0.9719537303  
-1.267973423  
-0.6815321641  
-0.4514558145  
0.7202797355  
1.846597972  
1.01921987  
0.6894768463  
0.5395364979  
1.069634159  
1.445736347  
-0.4928904551  
-1.719567503  
0.3559283236  
1.202599772  
0.1671867776  
-1.134764414  
0.2050584663  
2.092644906  
1.790872928  
0.1014776685  
-0.6751143405  
-0.1867298641  
-0.2877920131  
-0.2751617876  
-0.7833968931  
-0.8937841434  
-0.372120064  
-1.367827415  
-1.969030233  
-0.8150059627  
-0.5630780801  
0.170788023  
1.040544413  
0.6814286458  
-0.08361891421  
0.379083395  
1.873197009  
2.51439099  
2.393061887  
2.429058554  
1.123048409  
0.2226841592  
0.1578058309  
0.6829295832  
0.4346384628  
0.7610294236  
-0.6500540179  
-1.602211618  
-1.438218334  
-1.029637883  
-1.120547055  
-1.301720706  
-1.179374972  
-1.627638982  
-1.217336427  
-1.320146557  
-0.3134554096  
0.1729362735  
1.086380292  
2.047035906  
0.08097303674  
-1.139269674  
-0.4861121901  
-0.9635455997  
0.264994553  
0.850760455  
-1.146733725  
-0.5360761839  
0.9359285476  
1.304273415  
0.4172418074  
-0.1308370703  
0.4307886642  
1.475048568  
0.7283839108  
-0.3133768716  
-0.2568584991  
-0.5898429939  
1.658845915  
1.443050247  
0.7639311885  
1.256976628  
0.6218870265  
-0.109343512  
-1.883686763  
-1.823377862  
-1.362329138  
-0.4762689148  
-1.605978053  
-2.394611553  
-1.688431226  
-0.7573926536  
-0.4251257886  
0.681383502  
1.156893699  
1.864029357  
2.518679899  
1.738990333  
0.6054706691  
0.2084985427  
0.1160247129  
0.8074711217  
0.4727656555  
0.6630590655  
1.290099063  
-0.03964779035  
-1.492741283  
-1.540634012  
0.1229689207  
-0.7899911803  
-1.518725125  
-1.437143545  
-2.606840848  
-2.361543985  
-1.332894151  
0.2525379614  
0.05093590695  
-0.3454632  
-0.5164083792  
-1.227908636  
-0.97855835  
-0.6142176681  
-0.8140582612  
1.317093117  
2.996252883  
2.440250984  
2.088522581  
2.116271837  
1.756577598  
1.428050727  
1.098186823  
0.5664481564  
0.6634107471  
1.567050835  
0.5899801144  
0.09147509253  
0.6061379152  
0.05313154874  
0.7897181186  
1.743941181  
0.3781031461  
-0.8269839253  
-0.9199140465  
-1.09275119  
-0.5724174036  
-1.111125334  
-1.379425819  
-1.258728099  
0.004158763108  
0.6424994709  
-0.893996221  
-1.0067807  
0.347095676  
0.6603039294  
-1.943934746  
-0.7755061301  
0.6859430814  
0.7248185479  
0.613494993  
1.30173636  
1.332403854  
-0.7994641092  
-1.011340132  
-0.695494868  
-2.23903904  
-1.1837295  
0.3726743047  
-1.127957098  
-1.898139322  
-1.592027727  
-0.8387486029  
1.610424834  
1.015630197  
0.6235106297  
1.994807768  
2.155375293  
0.4284995745  
-0.01902144909  
0.7493789482  
0.8156790569  
0.3112145886  
-0.2769795402  
1.226339097  
-0.1064874107  
-1.878934686  
-1.657615785  
-0.8378727872  
-0.1171236737  
0.9899864666  
0.9323618258  
0.4744204542  
-0.04344616437  
0.08167042925  
1.583784197  
2.617752558  
0.612221704  
0.2472766062  
-0.6700270915  
-0.6473300552  
-2.587543248  
-0.9868976047  
-0.07836662024  
-0.580830267  
-1.180715278  
-1.306196942  
-1.179626894  
0.4310336918  
-0.4484040443  
-0.1847121816  
-0.5917486323  
0.3256701082  
-0.1698562418  
-0.8030473614  
0.5906740129  
1.065268115  
0.525160273  
0.04382423307  
0.5594539558  
1.187635681  
1.661154151  
0.7479286717  
0.5636909042  
-0.02188047121  
0.8252579663  
-0.9038751734  
-0.6704702932  
0.6866584585  
-0.1013489137  
-0.1578153382  
0.2131152933  
-0.6287349054  
-0.6816071835  
-1.016684212  
-0.8616365127  
-0.8282296171  
0.33373086  
1.423864547  
0.860650172  
0.7817654017  
1.438046442  
0.451657756  
0.6250998023  
0.1557496899  
0.334896014  
0.8140833245  
-0.3609534595  
-1.049560634  
-1.313665648  
-0.1693832092  
0.5401969379  
-0.3515001138  
-1.318127253  
0.9164051066  
-0.1525957338  
-0.2937259754  
-0.9191629614  
-0.08898888336  
1.225122804  
0.8138305634  
0.5481044179  
0.4993228935  
0.4305001803  
0.9085419723  
1.322291755  
0.9633936615  
-0.1075603066  
0.1856590719  
0.8246558776  
0.8491773764  
-0.3747010932  
-1.540593161  
-1.634516263  
-1.11613853  
-0.8248504269  
0.1766615185  
0.6203992655  
0.9753984421  
0.7831152601  
-1.346251967  
-2.131245089  
-1.266991211  
-1.34342854  
-0.7195095738  
-0.9538527227  
-2.187699042  
-2.043732916  
-1.521258437  
-0.4654875596  
0.5062446604  
-0.5279806125  
-1.821737624  
-0.6864908273  
1.303793351  
1.09277991  
0.5656070791  
0.3266994954  
0.831785767  
-0.6523732735  
-1.537547756  
-1.236321478  
-1.786908888  
-1.790228492  
0.2972023299  
0.1314796822  
-1.768437381  
-1.152799804  
-0.03396390245  
0.6704854352  
1.672569407  
1.807258587  
1.824842882  
1.531574101  
2.026038059  
3.072890999  
3.277850954  
1.390009772  
0.8737472505  
1.40768723  
0.07025668335  
0.5226774897  
0.6403425844  
1.476635868  
0.8704381065  
0.527479937  
0.08087719131  
0.9634034351  
1.563774586  
1.89326334  
0.2702470454  
1.819516428  
1.592249335  
2.065508704  
-0.2640160438  
-1.655076764  
-1.590698592  
-2.60521842  
-1.539028754  
-1.976632538  
-1.527866581  
-0.7272743782  
-1.260764998  
-2.489488447  
-2.571230436  
-1.353133409  
-1.222178322  
0.05766308481  
-1.006881507  
-1.164567903  
0.5495523426  
-0.7030656205  
-0.7510851271  
0.3490596426  
-0.3671165384  
-0.1717217078  
0.3539441118  
-1.043178246  
-1.861784827  
-1.516187258  
-0.6133152345  
-0.5529188395  
-0.6376932432  
-0.6538320017  
-0.01363418689  
1.260538849  
-0.3474692079  
0.7632735251  
2.351348209  
2.219370494  
1.346270932  
1.115418878  
0.5246357051  
1.16656692  
2.883883032  
2.956914837  
1.57909208  
1.099738813  
0.9329817651  
-1.434982419  
-1.381234178  
-0.4027507729  
0.1558654918  
-0.3696269073  
1.452610528  
1.49900795  
-0.9978072524  
-0.6977028577  
1.236492231  
-0.573582269  
-0.7630221547  
1.120579881  
1.049087921  
0.8362917939  
1.992168681  
0.5569786203  
-2.311839647  
-3.224259215  
-1.997288725  
-1.23753353  
-2.5369029  
-2.155135298  
-2.843263681  
-3.489373074  
-2.685678168  
-3.073406052  
-2.494199657  
-1.910021245  
-2.997570477  
-3.916673596  
-2.194494745  
-1.697110477  
-0.6224644578  
-1.557755301  
-0.7155855732  
0.09501466827  
0.7431882683  
0.6103561999  
0.5534333694  
-0.1412826176  
-0.3389565882  
1.464643709  
1.871858913  
2.624109423  
1.97349179  
1.576836085  
1.732862578  
2.730286038  
2.632481984  
1.786221008  
2.01627615  
0.8158233374  
0.8735876146  
1.695432733  
0.7865168668  
1.301560483  
2.402529158  
1.174777652  
0.4424319808  
0.4235854376  
-0.6428951239  
-1.028919013  
-0.6834872341  
-0.05120950557  
0.2233239343  
-0.2271982336  
-0.2052848195  
0.1482370932  
0.8531398037  
1.167791688  
1.209785727  
-3.40593272  
-0.02210050765  
0.8854508405  
1.666395453  
1.833287601  
0.4805834124  
-1.259569224  
-1.906654103  
-1.501608565  
-0.3985674792  
0.5291005884  
-0.2560816657  
-0.9558020839  
-1.096071454  
-0.7846408567  
-1.012787754  
-0.1428261736  
-0.8967406122  
-2.216973701  
-1.850011142  
-0.891994231  
0.4094729815  
0.3584028655  
2.119035106  
1.301231292  
0.9433380368  
1.754065502  
2.378310464  
0.2044572715  
1.158524266  
1.802547406  
0.6413308039  
0.6946870783  
1.614757231  
0.9632185567  
0.5450704771  
0.7663128308  
0.9625493867  
-0.8109685248  
-1.573412545  
-0.7526677057  
-1.255664475  
-1.452526113  
-0.9956568609  
1.683189656  
0.6438537122  
-0.08096666973  
0.1668306561  
0.3879542491  
-1.446228085  
-1.582184519  
-0.3447546886  
1.556196958  
1.04957655  
2.935134107  
3.875065476  
0.5329445453  
-0.809835435  
-0.5240469683  
-1.278854447  
-1.52986489  
-0.8267502369  
0.1913929496  
0.2854791228  
-0.03763259165  
-0.3076285852  
-0.4186465971  
-1.344867973  
-1.069646498  
-0.6870788984  
0.1051051826  
-0.9427474579  
-1.192955159  
0.0142143249  
1.105681138  
0.2851373956  
1.576713541  
0.4920637539  
-0.4990771847  
-0.05620191337  
0.5125713693  
0.5977522717  
0.2624792481  
0.254106563  
0.3253650715  
-0.6487195408  
-0.09281195799  
0.9950628153  
0.07129944208  
0.2565763851  
0.5274116187  
-0.03586220385  
-2.553265295  
-1.643512785  
0.4355392206  
1.194494609  
-0.1193528462  
0.6473500064  
