-0.06359621526  
-0.7289182551  
-0.7673532098  
-0.2414872063  
0.4615395349  
0.4766114555  
0.779596407  
0.8798279118  
0.3971047836  
0.1054110519  
0.5762901385  
0.9278077863  
1.405706559  
0.6860399001  
0.2976158152  
0.165737167  
0.0659465728  
0.4654327775  
-0.00696362717  
-0.6562406147  
-1.538652736  
-1.372522246  
-0.6305747659  
-1.610126014  
-1.664010724  
-1.213968002  
-1.118723394  
-0.7724804372  
-0.4010007656  
-0.3823764724  
0.06116087456  
0.04262183894  
0.2203293171  
0.1678320415  
0.6633384627  
1.379773126  
1.680607269  
1.285422038  
0.5828090921  
0.5977573539  
0.284437492  
0.9101743396  
0.9458215628  
1.123846111  
-0.3017885268  
-0.7798953466  
-0.3718165889  
-0.03745695375  
-0.6437308577  
-0.9569124848  
-0.8653787085  
-1.44977254  
-1.544660905  
-1.661412122  
-0.8874646113  
-0.5790183085  
0.07271188687  
-0.4377235461  
-0.6376641227  
-0.5963166005  
-0.5149862745  
0.3570899261  
0.3122025046  
0.354864008  
-0.1240456017  
-0.4464098268  
-0.8353415811  
-0.797249892  
-0.7516365226  
-1.014176882  
-0.5927097962  
-1.343862338  
-1.239705445  
-1.427062996  
-1.458198627  
-1.063942154  
-0.8961893433  
0.1475561077  
0.01381472221  
-0.5198805502  
-0.9076258441  
-0.8394303637  
-0.530518273  
-0.1108467935  
0.6462405094  
0.7979959865  
0.3995455366  
0.01872659232  
0.4310145645  
1.598072355  
0.7972052793  
-0.4303736285  
-1.209602619  
-0.3208390614  
-0.3167664548  
-0.8562659667  
-1.186609799  
-0.5561901762  
-0.1374347322  
-0.5593325927  
-1.349899337  
-0.5155308728  
-0.1735557246  
0.341771974  
-0.3208791626  
-0.6532921027  
-0.7758898157  
-0.1463952429  
0.107304972  
-0.04966042909  
-0.28768498  
-0.3725247615  
-0.108653971  
-0.7759397784  
-0.5653043014  
-0.3296650888  
-0.4900708391  
-0.4085308823  
-1.10350111  
-0.3031472465  
3.22355579  
2.357693677  
2.247863769  
0.4463337621  
3.006829399  
1.036069583  
-0.8716347816  
-2.027470253  
2.51371131  
3.363842721  
3.708907788  
1.812962514  
0.9164760353  
0.06769292542  
-0.1702985637  
0.3030059977  
2.113208801  
2.656941801  
2.618487505  
3.095569597  
3.646304278  
3.698789921  
3.154035019  
2.886519897  
2.622046886  
2.586529667  
2.476677609  
2.891631221  
-0.02966549051  
-0.08903603637  
-0.3084698077  
-1.57493782  
-2.39149606  
-1.589774435  
-1.744378556  
-2.349478746  
-1.84872689  
-0.7120148713  
-1.126474881  
-1.599054503  
-1.675120463  
-1.685250836  
-0.8552614512  
-0.6006047963  
0.7174724612  
0.6801406352  
0.5460730482  
1.197118513  
1.90900866  
1.575834181  
1.488487527  
1.2894599  
1.218750356  
0.8003261552  
0.07482245442  
-0.7570983885  
-1.150329308  
-0.9220917265  
-1.030267004  
-1.704033861  
-0.8930340276  
-1.804495465  
-4.07510095  
-5.254344315  
-12.88670571  
-7.066785076  
-7.222221801  
-7.58155545  
-7.287294047  
-7.620293452  
-6.163358284  
-5.387787608  
-4.824116483  
-5.242051846  
-6.520632794  
-4.693621735  
7.71561877  
5.20726907  
2.861249448  
2.990641773  
3.734005816  
3.961724896  
3.156813855  
2.932679342  
2.452592559  
2.304178194  
2.995846874  
2.508230124  
2.782132891  
3.232783519  
2.822101661  
2.523243018  
2.672076976  
2.549697735  
2.817747386  
2.671767282  
2.595510299  
2.435416592  
2.303066374  
2.922962817  
2.851491656  
2.313308757  
0.7201047863  
0.2126158592  
0.2796766335  
0.07171531842  
0.9291973789  
0.8143070722  
-0.2800705874  
0.1361425375  
0.8498528842  
0.8517685472  
0.5281293926  
0.8128046622  
1.354492095  
0.807798608  
0.1316301427  
-0.4817573692  
-1.182377852  
-1.299575802  
-1.35448833  
1.81545043  
2.557336698  
-2.117870569  
-1.674488792  
-0.07891271533  
-0.7082832514  
-0.09931673791  
0.03141207316  
-0.7860220827  
-0.3417716846  
-0.1611241016  
-0.6488705454  
-0.9419254512  
-0.647553928  
-0.362277173  
-0.1717498349  
0.4655384885  
0.02047720266  
-0.1358926976  
0.512248895  
0.9344601489  
1.20185258  
3.151868751  
1.281650568  
-0.4259809774  
-1.700935086  
-2.325700691  
-1.715305707  
-1.79562249  
-1.359511948  
-0.7741609416  
-0.9459753819  
-0.6764616622  
0.8583487372  
2.716354565  
0.3907367469  
0.4890441592  
0.02766821732  
0.2297739126  
1.045212525  
1.629887176  
1.463792484  
0.9452342303  
0.10941271  
0.6763251906  
0.25685323  
0.4784365652  
-0.1783282498  
-0.009411866431  
0.8715707304  
-0.1550015676  
-2.22052525  
-2.483364829  
0.2571137272  
1.085886966  
0.9456023827  
0.697006017  
0.5742280196  
0.1907761205  
-0.4841557254  
-0.06073227346  
0.5818632277  
0.2609323323  
-0.1336281329  
0.04972939367  
0.5390169827  
0.7296717701  
0.06823254438  
0.3538948688  
0.09554159972  
0.004371902987  
-0.8167359106  
-1.694967977  
-1.695906958  
-1.491580997  
-1.695022585  
-1.884238878  
-1.74775858  
-2.032615047  
-2.547329682  
-1.984507634  
-1.996153237  
-2.295755617  
-2.231059573  
-1.835355935  
-1.751798761  
-1.171303341  
-0.8150505361  
-0.9697185722  
-0.8847968212  
-0.9787520759  
-0.5007681384  
-0.2287872699  
-0.5433830181  
-1.063663118  
0.8421568077  
14.82107946  
8.32041304  
3.670238774  
4.037064067  
3.996558254  
3.580139803  
3.073341144  
3.592426009  
2.787751191  
1.588518029  
1.760347209  
1.676821638  
2.128177958  
1.451372953  
1.464955239  
1.033681803  
1.078591494  
0.5943972372  
0.7098735219  
0.8223897163  
1.159839229  
1.229580702  
1.631546302  
1.361875979  
0.2202925287  
-0.2432339919  
2.432811186  
1.141944768  
-0.003630258781  
-0.8523140494  
-1.029444342  
0.2427662723  
1.085133549  
0.5711420866  
-0.7281369877  
1.587025872  
1.445959158  
0.3453235018  
0.1946955978  
-1.770939094  
-2.19234588  
-3.143763235  
-3.464773284  
-3.001664995  
-1.661783718  
-3.012598943  
-1.737383728  
-1.729001127  
-1.796974225  
-1.616584751  
-0.6595305346  
-0.9993887318  
-0.8625718359  
-1.708359779  
-1.470631129  
-1.264221756  
-2.029430657  
-0.9200112187  
-1.557536513  
-2.214970983  
-0.992157623  
-0.6498365628  
-2.036072477  
-4.212323096  
-3.674578693  
-3.560817711  
-1.105517006  
2.859361672  
2.067056399  
1.032030554  
1.079161574  
0.6802010766  
-0.01190943941  
0.9326263637  
1.405878528  
2.00040664  
2.01219968  
1.901792566  
1.758944658  
-0.8568017481  
0.2517860234  
0.6001407038  
0.02305002659  
-0.4587695633  
-0.7666985101  
-1.653735751  
-3.867377389  
-3.881733267  
-3.044485318  
-3.315423545  
-2.689074494  
-2.183926926  
-0.02875310251  
0.4717491127  
0.6177448748  
1.341022424  
2.534137094  
2.303279339  
3.382240389  
1.52474262  
0.897722744  
-0.7753764739  
-1.725754635  
0.5453662205  
0.03355619165  
-0.993199982  
-0.2134300142  
-1.853765028  
-0.6432134596  
-1.565017341  
-2.354218298  
-2.275646143  
-1.673738317  
-1.342093807  
-1.113670697  
-0.7489013244  
1.139437696  
0.2531681292  
-2.455968278  
-3.108418225  
-1.800139367  
-0.1951952453  
-0.8745653827  
0.3985563549  
16.60807345  
0.3565399466  
-3.204176283  
-1.184332715  
-0.2734237208  
-0.4475376344  
-2.197287517  
-1.813716721  
-0.454377509  
-0.783707432  
-0.03745172677  
-0.5370748158  
-1.995102494  
-2.215513219  
-1.469029207  
-0.8800042846  
-1.093071672  
-0.379529593  
-0.6606446289  
-0.2503342386  
0.210755656  
-0.3316930805  
-0.8044574783  
-1.72878936  
-2.331484397  
-4.535407502  
-5.064645382  
-6.148099721  
-7.056357032  
-4.964685782  
15.6869303  
-4.787064067  
5.910261116  
3.969368364  
2.389226906  
1.712935506  
2.030809571  
5.066071328  
5.221144073  
3.42000231  
3.5437364  
2.588339051  
1.931682605  
1.967329156  
1.547354021  
0.786585089  
0.7859409348  
2.183131385  
0.6835823637  
0.5606913834  
1.334370373  
1.204014952  
2.127834814  
2.275264676  
3.143220127  
3.823653218  
2.967483612  
1.07753998  
1.108970133  
1.164370479  
0.5658149025  
0.8997253527  
0.4596182806  
-0.4961313915  
-0.5856182663  
0.8290434963  
0.4539880564  
-0.4441571621  
-0.4955011362  
0.2571401852  
-0.3369535947  
-0.7599942169  
-0.5675766018  
-1.622861443  
-0.782778463  
0.7969636706  
1.393147475  
0.2116700645  
0.01774883543  
0.9080190612  
0.9567310943  
1.180072621  
1.980780558  
3.242154488  
3.232405021  
1.862441651  
1.749872367  
1.111947587  
0.7139935202  
0.5034092058  
0.3205741054  
2.0629052  
0.9907843979  
1.396909006  
1.907290749  
3.741599002  
3.476632688  
3.941887639  
2.676843703  
4.594201267  
24.97639051  
-14.4485268  
-20.40619633  
-15.81134259  
-13.5858586  
-10.67172453  
-10.03599489  
-8.767181603  
-7.976137929  
-6.40252802  
-5.202009575  
-4.481736603  
-3.131869976  
-3.182506274  
-1.452862506  
-0.5173132035  
-0.2202217387  
1.662584179  
2.094650538  
2.622912377  
0.7704577898  
-1.700303865  
-4.539491428  
6.151123089  
8.192392888  
4.14131414  
8.711320687  
3.465968554  
9.646445188  
