-1.842260351  
2.307941576  
2.056542382  
-0.6802462852  
-1.653389391  
-1.027428329  
-0.1665164724  
1.921726093  
1.28844842  
-0.3678580104  
-0.2804962145  
0.2775022847  
-0.5160536545  
-0.906819762  
0.262646691  
0.8259248571  
1.483082486  
0.6737850037  
-1.146870514  
-1.751689414  
0.9858666517  
1.143082409  
0.9082469694  
-0.09932289631  
-1.997203543  
-2.559003157  
0.7325138113  
1.656597243  
-1.342548344  
-2.048954339  
0.04263217099  
0.470801173  
-0.5055583275  
-0.8459508285  
0.8357443952  
-0.5980119562  
-0.6021965008  
-0.8826239141  
1.245327855  
2.067117446  
0.8787113918  
-0.6920450954  
-0.3115113111  
-0.5602315323  
0.2145892962  
1.165295799  
-0.02439680717  
-0.6891955474  
-0.3747429183  
1.757785562  
1.154581494  
-0.2827349844  
-1.252295442  
0.590845727  
1.661385017  
-0.2718925727  
-1.184738711  
1.379559678  
1.324797713  
1.730591719  
0.281759083  
-0.4911082886  
-0.05015882054  
0.7333030125  
0.3797001002  
-0.5224021597  
0.1153260252  
1.409727805  
0.2579356141  
-1.394111267  
-1.009843563  
0.3657610837  
-2.844476249  
-2.468509317  
1.545109808  
-0.3215493001  
-1.881439099  
1.038340828  
1.389196878  
0.5957411389  
-0.2886035566  
0.268574031  
-0.7337200048  
-0.7933046771  
-2.241972651  
-0.327863572  
0.3956789955  
1.063132943  
0.3528796308  
-1.263491911  
-0.2446743851  
-0.2536831133  
1.255047329  
-1.272585917  
-1.859031096  
1.333310864  
0.3411883544  
-1.416842482  
-0.6662515236  
1.938298387  
-0.3601475783  
-2.154205522  
0.6096675035  
0.1427083593  
0.7948428675  
0.55263163  
1.797857046  
0.05463126762  
-0.7035418076  
1.715021816  
2.01690629  
-0.6117790955  
-1.00253769  
1.978316514  
0.5483945801  
-0.838199858  
-1.33478067  
0.8391335859  
0.4819550685  
-0.822792933  
-1.050647948  
-0.1764419712  
-1.012441315  
-0.1623866296  
-0.4677899725  
0.5975138225  
1.59205716  
2.60788782  
2.974757449  
0.2249765686  
-0.9954404275  
1.163204953  
0.9905748431  
-0.5751537322  
-0.07981758382  
0.1161079317  
-0.4227803421  
0.6930102224  
-0.1153756031  
-0.4209685884  
-0.4034563441  
-0.05753124643  
0.5732383209  
1.084823109  
-0.7245902619  
-1.689408484  
1.296938128  
-0.0883929868  
-0.2808764559  
0.2457355481  
-1.801056144  
-1.670861729  
1.011161629  
0.1494506823  
-0.3425600116  
1.462520706  
0.8517301272  
1.080901366  
-0.5966989075  
-0.8191500262  
0.3739835005  
1.118503967  
1.58232987  
0.8878158372  
-1.145946639  
-1.505776123  
0.6115640099  
1.287665457  
0.3371174299  
1.50110171  
0.5263625526  
-0.7057362876  
-0.1747850863  
1.873742948  
0.3054330421  
-1.818133483  
0.2351855426  
-0.2616566195  
-1.002401441  
1.291989319  
1.301633903  
2.196181418  
2.003995696  
-3.425519137  
-3.709572166  
-0.5824256692  
1.166876635  
-0.9337896943  
0.644487166  
0.2161001922  
-1.507281995  
1.3457998  
-0.6073438143  
-0.9298518028  
-1.126008626  
-0.693709267  
-0.3174454602  
1.139672534  
0.872519319  
0.721483542  
-0.4773693218  
0.2278714854  
1.277729552  
-0.1531773133  
-0.06386304342  
0.4748225672  
-1.326691537  
-0.09524686454  
0.7687309266  
-1.510760542  
0.1215166151  
0.8875821848  
-0.9210764793  
0.2208214022  
0.9627270462  
-0.3649322449  
0.543783503  
-0.5622565717  
-0.3596406102  
-0.7345217965  
-2.329814834  
-2.021998242  
-1.202347505  
-1.735527555  
0.1416069958  
0.2110736765  
-1.519448261  
-1.975765826  
-0.3810987913  
0.9645914813  
-0.5633308601  
-2.233050058  
0.06020377022  
-0.5027719498  
0.532119855  
2.045037553  
2.853060742  
0.6554751776  
-0.9126258562  
1.490039103  
0.708995266  
-0.9871559516  
0.8148622748  
2.504859025  
2.079158584  
-0.4444328709  
0.9630425293  
0.9860647899  
-0.1371015502  
-2.076672329  
1.312495713  
0.2397827529  
-0.1421419277  
-1.303168446  
-0.1851925558  
-0.04680230585  
-1.822818835  
-2.37037412  
0.4134694005  
-0.919696036  
-1.80875418  
-0.2330393341  
1.000958379  
-1.571748317  
-1.85422382  
1.334513732  
-0.4825122163  
-2.413329862  
0.2966839761  
0.4602896347  
-0.5156272124  
1.957225196  
-0.4569884508  
-0.5879040217  
0.533430318  
-0.611842328  
2.531450196  
-0.3491982898  
-0.5728005417  
1.6186651  
0.441649481  
0.6730356325  
0.2089604206  
-1.880297815  
-1.016947871  
-0.6180773454  
-0.5818914785  
-1.664898361  
-1.334302836  
-2.726424544  
-0.5081970321  
1.474790415  
4.093613577  
1.126128751  
2.104677791  
1.249425105  
-0.1702074865  
0.1161522235  
-0.06177158052  
0.9050760989  
-0.8497768772  
-0.5426720386  
-0.6649233307  
-1.128888511  
1.27464294  
-0.02733052774  
0.8753305164  
-0.4668469936  
1.172466712  
0.08985321653  
0.1245088132  
0.6044815211  
1.436906592  
-0.2183384368  
0.1546336272  
-1.120086535  
-1.37873648  
0.8320698088  
-0.3417089224  
0.8267095365  
-1.205149862  
-1.667671798  
0.4009065839  
-0.3814150968  
-0.5618179746  
1.773774147  
0.2257204475  
0.2081211707  
1.406781578  
0.4106571882  
0.3042106532  
1.566288642  
-0.6169977733  
0.002156162278  
1.69415126  
-0.1019392561  
-1.227920015  
-0.1496083197  
-0.8377639306  
-0.5777827087  
1.07429695  
-1.510030844  
-2.97346576  
0.2736145546  
0.2461400131  
-0.5522347379  
-1.034613391  
-0.7220940422  
0.001244855331  
0.3618912978  
-0.5160670367  
-0.618008834  
-1.886835314  
-1.061450736  
-1.478976712  
1.620962596  
-0.954332084  
0.5105175071  
0.5550240282  
0.1906912443  
1.773285063  
0.2374571617  
1.77095079  
2.12996734  
1.248676234  
-2.270001406  
-0.3841849315  
0.7886736903  
-1.875843884  
-0.3149031704  
-0.6488853228  
4.302487283  
4.98480305  
1.682770499  
2.027871259  
2.411054211  
-0.1267147071  
-2.800464917  
-1.318084457  
-0.3656272996  
-1.61550225  
-0.2687540467  
-1.255521326  
0.1875023008  
-1.153964324  
-1.032415091  
-0.7989213319  
-1.230519649  
-1.04821992  
-0.0182312193  
-0.01489242047  
-0.5238078468  
-0.4543382039  
0.4361044515  
-0.3554603118  
-2.989193991  
-1.44687224  
-2.447298167  
0.1195558586  
0.6845110743  
1.663132463  
-0.7575910469  
-1.738113907  
-0.9996563187  
-0.1026402825  
-0.5284668187  
1.208696962  
1.971562915  
1.427823353  
0.4564858091  
-1.008181598  
-0.8756910986  
0.8500975883  
0.6705704916  
1.505867342  
1.434739014  
1.762940488  
1.581035269  
-0.08567444404  
0.9692869305  
1.931684056  
-0.3355020433  
-0.6896529787  
1.036665777  
-1.047339283  
-0.2132260047  
-1.510881291  
0.4926902362  
-0.5529204532  
-0.9019792565  
-2.225758587  
0.01077067325  
1.731984968  
2.926944273  
0.5438679295  
-1.47865863  
2.698655307  
1.996848431  
0.6305185573  
1.146534319  
-1.690091995  
1.936501326  
0.0347766157  
-0.8865360939  
0.04952937857  
-2.871983026  
-0.3506603387  
0.04125631442  
-1.077519353  
-0.5126435313  
-0.602956553  
-0.7340512558  
0.2153770332  
-0.803078035  
-2.323218829  
-2.155465926  
0.9741178969  
1.598864679  
-0.745486551  
1.266426861  
3.099633621  
-3.357551559  
-0.9645001774  
1.032655234  
-1.389846237  
-1.365882374  
2.37938816  
2.392720057  
0.9343159823  
0.3334896158  
2.198952267  
-0.7036284559  
-1.224136479  
0.4562203386  
1.152022832  
1.458660065  
-0.816124531  
-0.8070892429  
0.630017213  
0.09905653932  
-0.481428073  
-1.50805963  
-0.3063364014  
2.682877855  
2.547685703  
1.673354525  
-0.5285745175  
1.135841503  
1.662022617  
1.771648976  
0.51978753  
-4.771346834  
1.348782866  
-0.1271972404  
-0.4009067132  
0.319593101  
0.2898678405  
-0.3223588805  
-1.700443847  
1.348979372  
0.7485452251  
1.068293071  
2.368457139  
2.137685114  
0.3187344527  
-0.4363521562  
1.714441101  
0.7892733493  
-0.3495337437  
-1.374328554  
-0.7152050047  
0.1836089343  
-0.7510279058  
0.5239803694  
-1.543414294  
0.1172023275  
-0.1470116683  
0.06692613202  
0.8950534156  
-0.2262450702  
-0.5435173179  
0.4827710276  
0.8560528243  
-0.7224671807  
-0.9485278987  
-1.848270057  
-2.514233297  
-3.91590453  
-1.960271873  
0.3665578152  
-0.2305090708  
0.1061781733  
0.7982747026  
0.6694036275  
-0.211703915  
0.8083138886  
-1.391750111  
-2.324276533  
-2.155713626  
-1.212270686  
0.1658065999  
-0.8269781424  
-0.2133775215  
0.4405013767  
1.502254518  
0.3441984063  
1.088721848  
-1.574597698  
-0.5849865853  
0.3209462297  
-1.557585939  
-0.4021849373  
1.612365362  
-0.4351705705  
-2.615839686  
-2.314974139  
2.829788623  
2.585478564  
-2.351409359  
-0.4153219396  
-0.3070438431  
-3.524725311  
-1.462204012  
-1.940683403  
-1.908753462  
0.7914943535  
2.422987839  
0.3438886726  
0.7045887766  
0.7416847916  
-1.02341722  
0.392148408  
2.546045218  
2.998285009  
-1.08914643  
0.8512196703  
2.418409159  
2.63408731  
3.309480002  
0.9958665343  
-1.095130255  
1.95459211  
-0.4521444829  
-4.533910096  
-1.30193773  
0.8004440026  
2.455622941  
-1.660582852  
-1.557742853  
-2.16005788  
