0.7428933625  
0.8449410985  
0.2990557749  
-1.21203186  
-0.4950178913  
0.2616676389  
0.06106411863  
0.1241507447  
0.8270626704  
0.6652148275  
-0.9236053136  
-2.326894289  
-0.8187810823  
0.5795844737  
1.4953645  
1.410383363  
0.8135989748  
-0.1529800843  
-0.5159022679  
-0.5283963577  
0.2367118374  
0.3734465597  
-0.9023522205  
-2.358065  
-1.38615341  
0.7576241749  
1.70263074  
1.323582248  
0.8259483022  
1.509016197  
1.113073333  
0.1087772924  
0.5708392234  
-0.7173436457  
-1.383119964  
-1.55577916  
-0.09199901382  
0.6828639583  
0.1841863507  
-0.5514104422  
-0.9000134255  
-0.8358051667  
-1.059654978  
-1.406395096  
-0.3791729375  
0.4894174473  
0.6554093067  
-0.1475185762  
-1.681231926  
-2.965979149  
-2.087657472  
0.2610292672  
-0.1272479598  
-0.3223678373  
-0.5087614413  
-0.6437399271  
1.212628024  
1.760091859  
1.383599036  
-0.168381858  
-0.6173650993  
0.02670823835  
0.9135212309  
0.2561664749  
-0.2931312023  
-0.2103006101  
-1.309050295  
-2.219572422  
-3.489050349  
-2.827371636  
-2.849479833  
-3.281275463  
-0.1706769336  
2.108735147  
1.755226592  
0.7795434618  
1.172660619  
2.141143193  
2.188945754  
3.108702376  
3.533590982  
2.408496511  
0.2857261831  
1.096487237  
1.747321182  
1.282065575  
-0.4230722563  
-0.3941564247  
0.1236391335  
0.289518473  
-0.6621307345  
-0.8394335881  
-0.7069969795  
-1.211194415  
-2.024782168  
-1.755753758  
-2.726614971  
-1.507542932  
0.305053095  
1.259878203  
0.07305132468  
0.9284332181  
2.407834866  
1.814262095  
1.071787286  
-0.05750712174  
-1.127944809  
-0.7969056949  
0.8474894306  
1.367244789  
0.9209017822  
0.6864262171  
0.6494617684  
-0.2252708855  
-0.4456420132  
0.4515730029  
0.9694316198  
0.7063857445  
-0.430447686  
-1.914456874  
-0.3622525391  
2.825413493  
1.974598641  
1.241732981  
0.4437772704  
-0.8689869284  
-0.05185280567  
0.8134197425  
0.3253255358  
-0.3434128565  
-1.820623667  
-2.556373027  
-3.490316278  
-3.446198324  
-2.152205525  
-0.668431776  
-1.618417765  
-1.676779524  
-1.447981814  
-0.4173549377  
-0.7791726981  
-1.366405229  
-0.4170985648  
0.6472901936  
-0.6406403361  
-0.07039557323  
0.8417461162  
0.813321446  
0.3853872099  
-0.3583971867  
-0.5722471631  
-0.7173785091  
0.3400662408  
0.2309800098  
-1.309362364  
-1.786022513  
-1.814531878  
-1.16256733  
-0.3110523453  
0.1373647547  
0.5999403256  
-0.4639278477  
-0.2036837335  
0.4697759448  
1.362813021  
0.5348181536  
0.7485527848  
2.842632748  
2.633047892  
2.309488536  
1.835787359  
1.143593525  
1.327702794  
2.319829635  
2.386489038  
0.8944773145  
1.778020097  
2.121267245  
-0.408097052  
-0.5021885486  
-0.4266486042  
-0.03177067985  
-0.477157317  
-2.23321647  
-3.507090365  
-0.1120452401  
-1.109589354  
-2.237786506  
-0.5949015858  
0.6778610072  
1.31095905  
0.6388974064  
-0.4223385303  
0.6055658827  
0.9583729792  
1.264038429  
2.037706991  
0.3864515211  
0.06295575039  
1.092819363  
0.5586061964  
-1.078170143  
-2.283080379  
-2.997266828  
-1.870002267  
-0.9082101188  
-0.6737189576  
-0.9045276435  
-0.7748874347  
0.2622093604  
1.118527921  
-0.7126655624  
-1.105198517  
1.566295289  
2.868519669  
1.840063931  
-0.1597449441  
-1.160866477  
1.372828599  
2.394849457  
1.152463817  
1.447693794  
2.789070801  
0.1012058466  
-2.94879456  
-3.676405061  
-2.488442  
-3.505152954  
-1.234895003  
0.5449756922  
1.511472085  
1.865158401  
1.450935862  
0.5678412245  
1.747330459  
2.578094115  
3.130231542  
1.918468421  
1.769107732  
1.604548516  
1.54459659  
1.955040627  
2.653653647  
0.3720934295  
-0.8591452712  
-1.215349673  
-0.3633075019  
-0.6801658631  
-2.287109299  
-2.099258749  
-1.844529038  
-1.414627151  
-1.684212302  
-1.731423021  
-1.430090284  
-0.8541217224  
-0.9705078413  
-0.08304226349  
-0.008469697976  
-1.04158428  
-0.6858902356  
1.201926036  
1.387870786  
1.118192432  
0.2804662362  
0.3387437658  
-1.653903612  
-0.6363300605  
-0.138463147  
-0.1772047646  
-0.9504904864  
-1.034730714  
-0.1578330926  
2.258621675  
2.007256633  
1.272968376  
0.2859113676  
-0.1268224805  
0.7466156607  
0.9528499753  
1.023379823  
-0.3954750624  
-0.6540353583  
-0.2246213319  
-0.2851245402  
-0.3661595198  
-0.5836435304  
-0.7855396053  
-0.5471484659  
-1.093542265  
-0.1205661137  
-0.08852944149  
-0.002410014743  
0.178058239  
2.32892288  
1.019475891  
-0.1754745973  
-1.563948848  
-2.05615297  
-1.694519525  
-0.8814838324  
0.2697511359  
0.04773329309  
-0.3933060304  
-0.3821479683  
0.5136856271  
0.8082993303  
-0.00816670296  
-0.7056438038  
-0.4903754969  
-0.6901021054  
-0.5080220432  
-0.495949819  
-0.7944591226  
-1.351523104  
-1.870721305  
-0.232651784  
1.784674377  
2.980497262  
2.210109538  
2.029517389  
2.439058154  
2.122863881  
1.844465078  
1.857310406  
1.606570049  
1.159955964  
0.1348319857  
-0.513604117  
0.5701004193  
-0.1325827596  
-0.8134405212  
0.08350230805  
-0.04408095749  
-0.5118712921  
-0.04636180227  
0.9278076268  
1.22136872  
-0.6369906268  
-0.3322815308  
1.185845135  
1.935816841  
0.9781667009  
1.972435177  
2.880217695  
1.911679493  
1.269952846  
1.203900669  
1.400785342  
1.295335234  
1.695085679  
1.070542354  
0.3683344187  
0.4945786039  
1.047324784  
-0.3248342087  
0.468105377  
1.497551029  
1.156362319  
-0.292164032  
-1.295478573  
-1.066216288  
-0.9978149463  
-0.8589847905  
-2.631493302  
-1.630890627  
-1.050781616  
-0.8043750492  
0.07116947654  
-0.1763251198  
-0.6992269467  
0.3118822736  
0.8227905673  
-0.993099571  
-0.3718481171  
-0.3202983504  
-1.507889607  
-2.630721054  
-2.50707402  
-2.443576205  
0.1880600791  
-1.35293042  
-2.530525154  
-1.231084524  
-1.187110291  
-2.109988255  
-0.5260099101  
-0.6675465627  
-0.8070024873  
-0.5385015788  
-0.6525091356  
-1.29764264  
-0.7614122287  
0.1170881043  
-0.1419250682  
-1.71811975  
-2.302927162  
-0.3077697627  
-0.9358694588  
-1.814104307  
0.9416798958  
0.8177180706  
-0.5804802969  
0.3370384172  
0.6948715179  
-0.2409449005  
1.973467046  
3.170754019  
1.150284015  
0.2016726855  
1.171097425  
1.739055106  
0.1907280852  
-0.4138176945  
-0.2421280031  
1.699213654  
2.31275389  
-0.4554712453  
-1.472597885  
-0.4556299976  
0.4913970328  
-2.155289815  
-2.670976191  
-1.22370217  
-0.5480727119  
-0.5687046836  
-1.271740978  
-0.6667160921  
-0.9328362397  
-2.064883654  
-1.676104409  
-1.780033167  
0.3351246273  
4.212473145  
1.450717607  
1.362348898  
3.396910458  
2.816009763  
-0.9506325612  
-0.3404028894  
1.229335545  
1.477308432  
-0.1292573895  
-0.7339062846  
-1.357651204  
0.08563774778  
0.5393372127  
-1.44667285  
-0.9960596151  
-0.4819689171  
-1.784949255  
-1.196441807  
0.1297604301  
-0.2479836077  
0.2430881334  
0.331765093  
0.1683147048  
-1.446060559  
-1.962996962  
-1.094960877  
-0.8246510714  
0.3276276857  
-1.173592783  
-1.226534435  
0.6343621065  
1.889949222  
2.220847691  
0.5584005632  
0.2594413603  
0.3662154238  
-0.04504907481  
-0.04213473153  
-0.05870883824  
-0.7972250353  
0.7786407891  
0.7890405376  
-0.02533755663  
1.153687184  
1.664358691  
1.442280346  
2.010813701  
2.036884856  
0.781339936  
1.010446316  
1.180336154  
-1.136544742  
-3.38642073  
-2.706280802  
-2.368300022  
-3.459502594  
-2.491263836  
0.359815135  
-1.722668205  
-0.2268936419  
-0.5088271076  
-0.830799037  
-0.9146702235  
-0.4175988137  
2.446385781  
2.205629304  
-0.1233861151  
-2.018203712  
0.006191324258  
0.2117092729  
0.2833371892  
-0.2190113387  
-0.5107206828  
-0.5320233237  
0.06782362792  
-1.443391025  
-1.03498608  
-0.07316216164  
1.370947225  
0.6679601964  
1.388566836  
2.627385391  
3.346319443  
2.349679251  
4.615295368  
3.851432537  
2.912537849  
2.219223992  
1.789725121  
-0.1551400984  
-1.516993939  
-0.3475602295  
-0.05494187865  
-2.442889031  
-1.379772349  
0.5346469502  
1.165304933  
1.154160314  
2.326991816  
0.8739424744  
-1.751498023  
-0.004559580095  
0.6968301211  
-0.6827453083  
-1.471096781  
0.2334456673  
0.2990880604  
0.09984429971  
0.8577288009  
2.377975736  
1.602270867  
0.4480884216  
2.410792141  
2.573090818  
1.276802199  
-2.309766858  
-2.474776788  
-3.025107311  
-1.721569059  
-1.739921965  
-1.920472736  
-2.900309587  
-1.274232174  
-0.2371968474  
-2.607971164  
-3.266546588  
-1.335889962  
1.213394623  
-1.668765882  
-2.955793157  
-0.8018406646  
0.3123541564  
-0.3986042931  
-0.3665813835  
-0.2926443428  
0.09717451718  
-0.06097622193  
0.9459201236  
1.986312057  
1.854902876  
-0.004480095387  
0.4674282581  
0.7727504842  
-1.252272423  
0.8103000199  
2.577164804  
-0.4157957318  
-1.688164392  
-0.493469824  
-0.1586449704  
-1.318153122  
-0.6924056957  
0.7829711492  
1.216175174  
0.7176513682  
1.754854949  
