-1.184265738  
-0.5075519548  
1.050766774  
0.6997565828  
0.01552498641  
-0.0894363155  
0.9343802019  
1.618866563  
0.5283276658  
-0.5679915178  
-0.5417319166  
-0.07223079896  
0.5655602027  
1.584208706  
0.1471614319  
-0.374355012  
-0.1943702712  
-0.3619995405  
0.1282215566  
-0.4489791802  
-0.7079828961  
-0.8750404944  
-1.840991407  
-1.692401911  
-1.138408814  
-1.138886683  
-1.853664755  
-0.8601977782  
0.003566725864  
-0.1325047377  
-0.1829706441  
0.1626694619  
0.7230710239  
1.686428189  
2.451935793  
1.279503249  
0.680314  
1.093371286  
1.222133866  
1.834005424  
1.602833056  
1.420845949  
0.1102645883  
-0.2362712049  
1.120297769  
2.194972597  
1.011395152  
-0.6235235225  
-0.2755876465  
0.9413712719  
1.274624478  
0.6425711898  
-1.466364715  
-1.562035111  
-0.7131680738  
-0.8916485474  
-0.129292592  
0.6231305843  
0.4717639464  
0.558698477  
-0.4896417301  
-1.834903203  
-0.9022366897  
-1.163562207  
-1.987316925  
-1.199617626  
1.523599104  
3.671852789  
2.009128107  
-0.5252977787  
-0.320982853  
1.373606777  
0.1822828177  
-1.467729377  
-1.653597421  
-0.2109054744  
0.3324356581  
-0.8535942391  
-1.249241881  
-0.8731674657  
0.02641805634  
-0.427466241  
-0.9308183017  
-0.5440308642  
0.2081912491  
0.2087948588  
0.2510964879  
1.43489833  
2.47139667  
1.194320611  
-0.6086278055  
0.2635331326  
0.8157465718  
-0.8734736766  
-2.314567151  
-2.228840264  
-1.329605041  
-1.279281013  
-0.8986415458  
-1.484330538  
-0.6924192096  
0.7340184415  
1.670193957  
1.457052447  
-0.6471253172  
-0.4146719812  
-0.6540213958  
-0.8774718868  
-1.825785882  
-1.080955025  
-0.1235846356  
-0.1557006645  
-0.5805387237  
0.4093658788  
1.675104241  
1.187967213  
-0.1416751621  
-1.459019395  
-0.9402716985  
-0.5113166893  
-1.716443243  
-0.4554511313  
-0.3281827082  
-0.7320940527  
-0.5464404077  
0.7914770772  
3.198399146  
1.834952858  
3.940722635  
1.737198459  
0.3079985901  
-2.053151547  
-3.983721226  
-3.450754435  
-2.677231532  
0.902864336  
0.6993446251  
0.1991082315  
-0.3160059823  
-1.901637063  
-2.513220419  
-1.794679957  
-0.6532697333  
-0.4079330551  
1.391629188  
0.5454051378  
0.7027974318  
-0.32517573  
0.02330963583  
0.9947743608  
0.4411785099  
1.594134786  
1.637960171  
1.335607517  
1.12965149  
1.791839918  
2.877430917  
2.863925967  
2.114270475  
1.22571639  
0.5076933477  
3.157396663  
1.491706818  
0.6109147851  
1.01340849  
1.196640726  
2.019717074  
4.082625451  
1.99642708  
1.851455649  
1.593471779  
1.73267665  
0.437700655  
-0.1898754506  
0.3864388598  
0.01608311528  
-1.135327926  
-1.383671652  
-1.042457933  
-0.1350947981  
-0.1895732415  
0.2633841649  
1.203743959  
0.5749382436  
-0.8791081831  
-1.022872742  
-2.228355591  
-3.354112498  
-4.349192488  
-2.076445754  
-1.13960369  
-0.2786982879  
-1.552700034  
-0.6435707763  
1.331870074  
2.463764338  
3.583613961  
0.2654367048  
-1.670598054  
-0.05185205206  
0.3845219983  
0.3909856302  
-0.1013860768  
0.3089238685  
-0.4671801165  
-0.1611657783  
0.1172263122  
0.5816336452  
1.292201987  
1.474842985  
-0.09889503118  
0.1540521387  
0.425956204  
0.05611856897  
-0.3353321051  
-1.76279937  
-1.518830509  
-0.04711637732  
-0.1190129034  
0.01664653469  
-1.285116697  
-1.284258062  
-1.043908423  
0.203899697  
0.1423971503  
0.8063442126  
-0.5060658224  
-0.9757093798  
-1.313448905  
-0.9565040484  
-1.299727845  
-1.938888057  
-1.666089541  
-1.383093183  
-0.434688892  
-1.090909399  
0.175406883  
-0.001464186742  
-1.866291741  
-0.09390151385  
-0.1003571159  
0.9842015672  
0.3731679158  
1.179278637  
1.440790446  
0.8150450666  
0.03978133433  
-0.1446775055  
0.3310700865  
0.0683901098  
0.2656827682  
0.8408541721  
0.6530432317  
0.2486456012  
-0.774521521  
-1.724735508  
-0.5207237049  
-1.202137551  
-0.6663454141  
0.09585367916  
-0.379608461  
-1.835737913  
-1.655409753  
-1.6519721  
0.6622942861  
1.758944076  
-0.006947551711  
-1.837592434  
0.683963994  
1.770298623  
2.290954674  
2.471906481  
1.598443427  
-0.8925153284  
-0.5391228514  
-1.180567881  
-1.20868238  
-2.561986718  
-1.119691207  
2.399829375  
1.227860125  
0.7077455787  
0.4577394732  
-1.059940607  
-2.051531471  
-3.080195575  
-2.163854024  
-1.486909706  
-1.344127164  
-0.2706705457  
1.173544653  
2.145922824  
1.6162057  
2.178944758  
2.252825017  
0.6194293334  
0.6486218497  
0.6464439702  
-0.09298127833  
-0.1576707952  
-0.7573395001  
-0.4427590517  
0.6029797163  
0.6530933036  
0.3237358933  
0.7272611315  
0.8456927135  
0.09954443234  
0.1466637683  
-0.01033355621  
0.6220365716  
0.6289579477  
0.3391142268  
0.5241618859  
0.3130119582  
0.6526221688  
-0.4178055748  
-0.8869308342  
-1.667096573  
-2.130433163  
-0.8317279679  
-0.9993006383  
-1.578864855  
-1.078142794  
-0.7733448932  
-0.8385574787  
-0.4297509476  
-0.3538135288  
0.06763252462  
0.294176858  
0.8313795338  
1.111492914  
1.338843183  
0.7883081168  
-0.187098499  
0.3173639075  
1.229590751  
5.932477113  
0.423384923  
1.60396028  
0.9942235767  
-0.7512947311  
-1.176457385  
-2.026289549  
-2.900773812  
-0.0656207153  
0.2962906899  
-0.7386785777  
-1.301911121  
-0.7231257417  
0.1447774065  
-0.1264232808  
-1.28706286  
-1.697250232  
-1.425744496  
-1.97195175  
-0.6556633794  
0.1716618424  
0.05294761885  
1.287072925  
2.979872565  
3.683376512  
4.218307999  
3.360364578  
2.076299448  
0.9947681463  
0.2735955369  
2.569022768  
2.70783232  
2.046862758  
2.633503137  
1.950790101  
5.234557996  
4.57174917  
3.377122924  
1.80024098  
-3.262764871  
-3.806896718  
-5.067948938  
-4.377551898  
-2.440074355  
-1.431201759  
-1.24684367  
-1.158909074  
-0.3089387742  
-1.788707582  
0.2158135764  
-2.142647717  
-1.777565157  
-1.807724839  
-1.65455422  
-2.883158206  
-1.281571337  
-1.598748022  
0.4339680255  
-1.397875701  
-1.914823617  
-1.111639016  
-1.356440573  
0.07509673884  
-1.187995005  
-0.5157263153  
-0.3499543788  
-0.8674338989  
-1.731419165  
-0.7243369994  
1.543350244  
1.313730865  
0.6828960399  
1.359944013  
1.904600665  
2.077103969  
1.837637677  
1.331977638  
2.920783676  
5.04629848  
4.752330063  
3.979596837  
3.674820533  
2.339853732  
-1.518729337  
-3.995528419  
-3.40497451  
-0.6289863321  
2.103345431  
3.236385724  
1.287643132  
0.9773467992  
-0.2003304512  
0.03686946385  
-1.705560398  
-0.7847850044  
-0.3548162867  
2.765830404  
1.261592656  
0.5392965565  
1.249623195  
-2.074507637  
-2.761562621  
-3.163505617  
-0.7233223944  
-2.514845414  
-3.083817344  
-3.973722256  
-4.431138642  
-2.904595847  
-4.514598524  
-3.218970446  
-3.036432587  
-3.614367035  
-3.292099889  
-1.278890145  
-1.066694798  
-0.6481006019  
-2.115342961  
-0.1088899425  
1.875226933  
1.209817097  
0.9931151574  
2.883167417  
1.939877133  
-2.994904602  
1.646229131  
3.915182274  
1.995118013  
0.8654922732  
1.746272241  
1.257757935  
1.732882397  
2.493030837  
2.138053626  
2.81511646  
0.06008520761  
-0.3543930881  
0.7739876324  
-0.5338381834  
-1.092023827  
-0.5110309147  
-0.3894087459  
-1.326932976  
-1.351548998  
-1.864078819  
-1.249040927  
-0.6125484994  
0.02712684481  
2.857737418  
0.7874317488  
0.06272327681  
-0.6779641938  
-1.609893395  
-1.608784963  
0.1857567289  
-3.001927952  
-1.116399495  
1.436610285  
3.230731222  
5.097604751  
3.206565591  
1.588293749  
0.1824607727  
-0.3351580948  
0.8641992705  
2.66591869  
2.459167893  
0.1624487234  
-0.01050049762  
2.154192398  
1.555110098  
1.707801392  
1.079476777  
1.654385179  
2.457003392  
2.694742181  
5.213407302  
3.205639656  
4.712042458  
2.578573891  
3.18544063  
0.562177498  
1.197526652  
-0.6012346992  
-0.8866047391  
0.01626169896  
-3.548389062  
-1.77932183  
-2.646219202  
-1.48366462  
-2.641598506  
-2.529804843  
-1.880188745  
-2.537562563  
-2.045033514  
-1.105708168  
-2.861575755  
-2.153586518  
-1.504752296  
-0.8085236045  
-2.555091921  
-2.096975351  
-2.154916118  
-1.266768009  
-2.925058657  
-1.65946466  
-1.794638902  
-0.7228167337  
-0.859103013  
-1.22102169  
-0.9446852621  
-2.510954615  
-0.8347726758  
-0.7651160534  
-0.5289410243  
-0.446257139  
1.05559857  
1.813095571  
2.094656842  
3.266394084  
2.036921505  
1.632838127  
1.31073868  
1.270472384  
-8.166024538  
-2.500784171  
-1.501662471  
0.8231996926  
2.625979895  
3.653841602  
0.3385265656  
1.117631209  
-0.9318951569  
-1.575214005  
-1.706500189  
0.7150974363  
-1.302051237  
0.6167173675  
-0.6836729629  
0.3476148032  
-1.612764648  
-1.555005628  
-0.3592535934  
-1.078668789  
0.04005382374  
-0.5694003212  
-1.250671403  
0.6332295936  
1.188569284  
1.218512333  
1.631181722  
-0.5599873932  
3.824252843  
