-0.402195711  
0.5162838275  
0.499112239  
0.6835457139  
0.1018532896  
-0.3790352362  
0.3541331822  
0.5264592086  
0.271862193  
0.2360332385  
-0.1214762188  
-0.541009148  
-0.7601275732  
0.1183106218  
0.1873021473  
-0.8715015882  
0.8837320804  
0.8852404508  
-0.7338848324  
-1.196151618  
-0.132837181  
0.3503856249  
-0.6348750601  
-1.434898828  
-0.844640515  
-0.4299654413  
0.5767358005  
0.8164554316  
0.5834681583  
-0.003453122522  
0.239343231  
2.031935604  
0.8888304702  
-0.02995613878  
-0.8961812308  
-0.9058208676  
-0.4710665756  
-0.8341107889  
-1.063329691  
-0.7999813389  
-0.3048951401  
-0.2301073602  
-0.09318277825  
0.1839261153  
1.060049682  
0.5574233683  
0.3771133078  
-0.08527813175  
0.2491868527  
-0.2590254198  
0.2047831788  
0.5533680729  
-0.1666291592  
-0.1865412971  
-0.9202771483  
-0.8443558169  
1.089848533  
0.8391921043  
-1.014518253  
-1.485151981  
-0.3765762319  
-0.2014003571  
0.01763471088  
0.5154777872  
1.344253708  
1.18468602  
0.8576484408  
0.5869061041  
-0.826986311  
-2.099786743  
-2.397405011  
-1.994043961  
-0.6765496003  
-0.5257624652  
-1.405439256  
-0.2180909267  
0.7639787439  
1.548346694  
1.705585071  
1.815087497  
2.69392436  
1.934618005  
0.1718981926  
0.3916170468  
1.236564449  
1.897786102  
2.971686173  
4.467419549  
4.59459029  
1.737435651  
-1.378425851  
-1.989304578  
-3.17708916  
-3.767542886  
-2.901864242  
-2.219180347  
-1.656055678  
-0.5139426711  
1.065808404  
1.616034865  
0.2049841911  
0.5687598966  
1.957991186  
-0.5555128461  
-1.974819964  
-2.447823715  
-2.302711413  
-1.873759808  
-2.821577304  
-1.881877049  
-0.6189312229  
-0.7416734907  
-0.001926210012  
0.6012549408  
0.4482226671  
0.9151896334  
-0.2027929727  
-1.009121197  
-0.8576978924  
-1.863201175  
-1.261318457  
0.6683705886  
0.4977912203  
0.7647889942  
0.3492196403  
0.874562874  
3.155835634  
5.44545251  
3.757719363  
1.895714534  
1.611925229  
0.6805662674  
-2.678045557  
-3.871319724  
-2.822654122  
-1.671697908  
-0.1176470926  
-0.8301440932  
-1.462043389  
-0.876577868  
0.2753884708  
-0.414014434  
0.9571495172  
1.690753276  
-1.007498548  
-0.9324360213  
-0.1174317014  
-1.0308957  
-1.250766551  
-1.850444381  
-2.105263209  
-1.004935663  
1.268215068  
0.9265296267  
-1.111557408  
-1.367796331  
-0.9517654856  
-1.071684781  
-1.056169381  
-0.4028189958  
0.5613620016  
-0.02046543403  
-1.251905201  
-1.012339786  
-0.1774452075  
0.8291186533  
1.986985013  
3.414132685  
2.487645715  
2.410292397  
3.07929367  
1.96653846  
0.9590380698  
1.294300631  
1.879629714  
1.520404198  
1.1318081  
1.004210862  
0.5301918171  
0.6755738435  
1.030565842  
1.141665684  
1.292274176  
1.311318341  
-0.6092381141  
-0.02778005883  
-0.1083422528  
-0.7914355593  
-1.562565739  
-0.8458999023  
0.01385399873  
0.5892618076  
0.23178662  
0.2874638947  
0.6995992875  
0.7243938472  
-0.4584287644  
-1.512851945  
-0.3602553497  
0.3908903198  
0.6439290957  
0.01225233531  
-0.3489041452  
-0.9671285146  
-1.763736348  
-1.09301885  
-0.7293625554  
-0.4173751747  
-0.4822614164  
-0.5155167949  
-1.121517225  
-2.069932171  
-1.756261239  
-0.3371351276  
0.136174234  
-0.6049802585  
-1.322105998  
-1.194006138  
-0.2426415861  
-0.1652557735  
-1.337920515  
-0.4521520993  
0.63018463  
-0.7879633587  
-1.061466027  
-1.086757583  
-1.173866013  
-1.624957249  
0.01279046215  
0.1462964712  
0.09290582251  
0.2504290647  
0.3176115027  
0.4656069907  
1.502714376  
2.395753888  
2.460693633  
2.091401793  
1.821889251  
1.704965465  
1.221725165  
0.5833705791  
0.8066406743  
-1.720868559  
-1.467948554  
0.1064073551  
0.7787076617  
-0.2077819686  
-0.882031815  
-1.187679749  
-1.411020438  
-1.528946926  
-0.321787366  
0.319540526  
-0.2949611501  
-0.7477513471  
-0.937580972  
-0.1655337186  
-0.5091097692  
-1.587041639  
-0.8212512104  
-0.1301315598  
-0.03455844657  
0.1536663744  
2.617313252  
4.214720685  
3.688725243  
2.728034383  
1.487461593  
1.024842557  
1.118843015  
-0.5675352951  
-1.332673857  
-0.3299005897  
-0.5040797917  
-0.1995790594  
-2.083728622  
-2.447784757  
-0.9153618048  
1.603724849  
3.346896369  
2.721891512  
1.060829104  
0.2130928341  
-0.1278143544  
-0.9762781626  
-2.001443273  
-1.365234415  
-0.1701747352  
-0.5247657118  
-1.056588681  
-0.6728738541  
-0.9777630525  
-0.3022039726  
1.30228587  
0.9954993543  
-0.08036199533  
-0.4347387852  
-0.3947576271  
-0.05235416764  
-0.03667656389  
-0.4299035347  
-0.0987022169  
-0.6121025859  
-1.365642352  
0.2847002816  
1.822570477  
0.4649587053  
-0.5919494429  
-0.7976482791  
0.1191587977  
-0.1517047962  
0.2653348356  
0.4775626468  
-0.7228415963  
-1.185022842  
-0.2632145766  
0.4063812538  
-0.3916998395  
-1.011462119  
0.3272144132  
1.292240732  
0.8780904224  
1.352729087  
1.044373903  
0.5179365348  
0.1216314171  
0.0219347575  
0.2878976218  
0.4793532666  
0.9352744583  
2.351159052  
2.206140757  
1.499536847  
-0.2743503919  
-0.2296105894  
0.9108926915  
0.4106764534  
-0.7471861407  
-1.139599944  
-0.8533324703  
-0.8688859663  
-1.261297651  
-1.644779514  
-1.953724129  
-1.483587839  
0.3394555184  
-0.5810778719  
0.1764321326  
-0.4525107862  
0.02518153836  
-0.7707980666  
-1.143786102  
-0.06214819126  
-0.1376831691  
-0.7205912066  
-0.01905607192  
0.2835798608  
0.371589973  
1.255264406  
0.8062393756  
-0.3276385595  
1.397718213  
3.134106859  
1.696316239  
0.7574096733  
0.6163598365  
0.4813388293  
0.04072506942  
0.7158094069  
1.808954193  
2.97730541  
2.75719651  
2.851537106  
2.986064773  
1.804776977  
-1.075231026  
-3.309624822  
-3.554684712  
-3.712572023  
-1.500210943  
0.2337525489  
0.6116206165  
-0.2336541026  
-0.6361408181  
-0.8731511882  
-0.9611161112  
-1.40381028  
-1.871953516  
-0.9841465761  
-1.280053677  
-2.131285542  
-1.363659701  
0.6056890123  
0.9314576667  
-0.9330085186  
-1.752058097  
-1.402502985  
-1.103868581  
-1.546140238  
-1.042201993  
-1.411565625  
-1.055562463  
-0.3222034625  
-0.06572584978  
-2.411965053  
-0.9749138469  
0.00229212529  
0.6053982329  
0.6947412395  
1.470845815  
1.070609399  
-0.4368558649  
-0.2112720984  
0.700513224  
3.171115164  
2.544942747  
0.6059180186  
0.7054173626  
1.599264076  
2.848309876  
-0.4331021686  
-2.946062288  
-1.934481817  
0.2429700338  
0.6719223415  
0.2195246583  
0.3409257203  
-0.1885671759  
-1.314962631  
-1.184429538  
-0.1446561602  
0.3132850962  
1.129051414  
2.720367375  
5.399715453  
5.179987516  
1.664592309  
-1.745131272  
-1.187851549  
-0.8357678527  
-0.3322859125  
-1.300766222  
-2.259693029  
-3.233085396  
-2.150984953  
-2.766856345  
-3.817649886  
-2.770881529  
-2.661159239  
-3.894626824  
-3.34001096  
-1.020108719  
-1.042320899  
-1.281942135  
-1.723815603  
-0.8160556681  
-1.29776742  
-2.231283969  
-1.588261313  
-0.0914565645  
2.066078194  
-0.141934815  
1.020069445  
2.83179787  
1.638821823  
0.688613077  
1.018483457  
1.975140514  
0.5164150581  
0.4889354124  
1.265909236  
0.6027693025  
-0.9883907751  
0.168408562  
-0.2111683345  
-0.08693208653  
0.4461430615  
0.1120870274  
0.1176619732  
-0.06420710499  
-0.5527518446  
-0.2214171365  
0.6712470525  
-0.3245518091  
-1.376442667  
-1.306333204  
-1.487788072  
-1.292033525  
-2.207142616  
-1.739497187  
0.9255929147  
1.259500205  
4.140406546  
3.069119303  
3.430022973  
4.05186142  
3.703713981  
3.556284686  
2.96146589  
0.4144873378  
-0.5867512204  
0.8405481218  
1.000401118  
0.1719556729  
-1.052458794  
-0.0777753586  
1.444339124  
-0.4189300502  
-2.405685944  
-0.5161072646  
1.425906747  
2.34458274  
2.057835513  
1.885476288  
2.512383373  
2.312012609  
1.28628405  
1.487938584  
1.214000442  
0.6527593089  
-0.6096409234  
-0.5382613367  
-2.814093789  
-2.521523003  
-0.8527003945  
-0.01042854405  
-1.360987141  
-2.489908754  
-1.954656471  
-2.443111571  
-2.974316519  
-1.104670266  
-0.1284487098  
-2.696203835  
-2.040619373  
0.3229988724  
0.2927173315  
-1.5326928  
-0.9289243149  
0.1640460629  
-1.165064288  
-1.16418348  
-0.3365321399  
1.013763001  
0.2305149528  
0.7250934999  
1.897316651  
0.9084593971  
-1.468659231  
-2.238648568  
-1.853805645  
-1.911494045  
-1.080300378  
0.8127402477  
1.250164661  
3.029189698  
3.130438899  
2.112799206  
-0.1677256183  
0.3459457922  
3.278391401  
2.252343935  
-0.0002293985246  
0.455383381  
3.247621228  
3.465120344  
2.240524612  
2.125043503  
0.4626848973  
-0.6976991866  
-0.2576851718  
0.2948314328  
-0.790373253  
-1.083826699  
-0.5074930966  
-0.06077466709  
-1.124873916  
-1.378727119  
0.6148014096  
-0.4653129347  
-0.1177834662  
0.1621288584  
-0.6545104886  
-2.849080606  
-2.614194141  
-0.4231683754  
1.56242097  
0.4362014686  
-0.7907592384  
