0.1822604088  
-0.8602322289  
-1.147440982  
0.4628449467  
1.874845997  
0.2779298001  
-0.985156122  
0.03955703217  
0.5657233014  
-0.1328157604  
0.8767519017  
-0.148811104  
0.7996054908  
0.3979116927  
1.709190465  
0.1177903563  
-0.9022909858  
-0.516825641  
-1.179962533  
-0.945340884  
-0.71109833  
-0.7781285669  
0.2207140672  
1.187962111  
0.8088636115  
-0.7899806266  
-1.607497328  
-1.651470273  
0.4600228486  
0.6693739338  
-0.03018194594  
0.5227453571  
0.07172253575  
-1.121740359  
-0.3673608922  
-0.121628862  
0.7236955747  
0.6701206586  
0.4347923148  
1.09260057  
-0.4390943145  
-0.6703341666  
-0.1598972238  
0.896716833  
0.8189499367  
-0.6869061519  
0.06086395109  
-0.04177543545  
-1.060449004  
0.5419066345  
1.187635788  
1.960040801  
0.8872956784  
-1.51608089  
-1.080697209  
0.07595456367  
1.190416593  
0.8960484193  
-0.3302884398  
-2.051354549  
-1.486086531  
-0.4417736413  
0.02008018886  
0.8171757527  
0.02598826591  
0.02996016001  
0.195343487  
-0.5530696203  
-0.669872931  
0.4793326686  
0.9280908752  
0.3748550673  
0.3882537325  
-0.1159348444  
0.4933367763  
0.6533469085  
-0.1190321998  
0.5045297992  
-0.3004902791  
1.397891359  
0.9090765207  
0.9659615152  
1.34351626  
0.1976540951  
-0.266570104  
0.8407425456  
0.7812557636  
0.6390794485  
-0.5636383426  
1.427955181  
1.310394977  
0.2326526509  
-0.995304222  
-1.216364611  
-0.9768812045  
-0.1639782027  
-0.6079479475  
-0.7214168732  
-0.4950197884  
-0.4705843376  
-0.2610807729  
0.3054977948  
0.1195362007  
1.592798565  
1.092014816  
0.4133502764  
-1.384166554  
-1.655927748  
-0.06111111117  
0.02338730731  
0.6081900774  
0.9950664634  
0.3409609418  
-1.23357177  
-0.4316774623  
0.8998421721  
0.5957185785  
0.6091658158  
0.3114045765  
0.21841251  
-2.035101881  
-0.5865112488  
-0.1079910978  
0.4968038186  
-0.3838071346  
-0.182510806  
-0.8468786979  
2.17209905  
-0.8330583787  
-0.7598303661  
0.2134473975  
-0.1261613822  
-1.346755285  
-1.82379646  
-2.641471735  
-1.594438429  
-0.780121529  
0.2154467825  
0.2854141513  
-1.726102393  
-2.180678262  
-1.127017923  
-1.831283806  
0.3016410479  
0.357883776  
0.3755528143  
-0.1834855037  
-0.729686615  
-0.4619666776  
-0.1012013876  
0.3773699076  
-0.008579012501  
-0.8301474253  
-0.5995497236  
-1.260157955  
-0.1592550988  
-0.5539967148  
-1.319675353  
0.004067566208  
1.046440765  
3.02476676  
-0.3340223107  
-0.3979056431  
-0.6805266042  
0.09740388749  
0.8064979642  
0.3917678675  
1.274196877  
4.302688697  
3.194138362  
1.726256328  
0.2064018702  
-0.8008557743  
-1.241473743  
0.03321369893  
1.093127481  
1.096266842  
0.4582086329  
0.4987956038  
-0.3049657061  
-0.09513771273  
3.382944743  
3.24477711  
0.9723176213  
2.184797344  
0.7452025196  
0.1590810198  
0.5268588066  
1.402732822  
1.384617733  
2.362715328  
1.38125024  
0.7602711594  
1.26584504  
1.924402473  
1.379478168  
1.431979012  
-1.038829871  
-0.1818599626  
-1.191001235  
-0.7534315729  
-0.2619034347  
-1.432656029  
-1.0696377  
-0.6266575631  
-1.574523035  
-1.277559533  
-1.141857161  
-0.96408125  
0.05736581578  
0.148858849  
-0.8573460721  
0.1307656453  
-0.0006879714866  
-0.3978017109  
-0.6272515027  
-0.6361216982  
-2.143297042  
-2.8931502  
-1.360784961  
1.699514991  
0.8577754832  
-0.908751245  
-1.887002999  
-2.158044989  
-2.602358397  
-1.349210853  
0.8626694059  
2.212945222  
0.7357894863  
-1.135073289  
-3.148837307  
-2.163084972  
-0.9689866815  
0.827490323  
-0.6803294371  
2.187870789  
1.628970753  
0.7667209014  
0.1150223932  
-0.3597929059  
-0.6469801354  
2.284782313  
-0.5530632678  
-0.7608044515  
-1.332013871  
0.08349308812  
-0.6429472407  
0.07978817856  
0.8999659648  
-0.3953776816  
-0.373827158  
-1.012508234  
-0.4950063889  
0.6873479288  
1.530536549  
0.08517015447  
-0.007730784907  
0.1367685815  
-0.8411158315  
-0.2018519371  
0.06694281663  
1.255635394  
0.006684697491  
-0.7987684616  
1.105020039  
0.749213226  
0.739059617  
-1.438605034  
-1.807531893  
0.4175803282  
0.373649892  
-0.04730719996  
1.473257524  
-0.4855492211  
0.08527582019  
-2.035463732  
-1.327141543  
-0.3963680628  
-0.5667230049  
-0.03314418025  
2.805907012  
2.507363994  
1.575641978  
-0.03412819263  
-0.1887045033  
-2.04101978  
-0.3944018297  
-0.9127420886  
-0.3363601545  
2.338434466  
0.6018501264  
-0.266844205  
-1.762670126  
-0.3139126438  
1.816408184  
0.7985151128  
0.07024554275  
-0.3765481755  
-1.564557682  
-1.8750889  
0.2874577484  
0.2275676614  
0.2045036189  
0.238170635  
1.023097794  
-0.8299577194  
-0.5554285561  
0.291289659  
0.8527290768  
-0.6767656613  
-1.012607481  
-0.6278614983  
0.5529269693  
1.317967014  
0.8498632706  
0.1385787785  
-1.212419108  
-1.424754619  
-0.8128076412  
1.160781385  
2.148404224  
0.8368742447  
0.4649671081  
-0.6315036484  
-0.9850549496  
-0.1322512761  
0.2935263851  
0.5260152725  
0.1475887782  
-0.6833413427  
0.5415948518  
1.552220639  
1.862448284  
1.627315173  
0.9113134398  
0.6836182678  
1.109443813  
0.6109259058  
-0.08556488898  
-1.832047679  
-1.438548739  
-2.026401701  
-1.599603787  
-0.4713177236  
0.573138927  
1.924469781  
1.512189746  
0.1922623846  
-0.2276148628  
-0.8985842147  
-0.9194407859  
0.1618978009  
1.088018246  
0.2507468235  
-0.7366554368  
-0.3052861944  
-0.9708769232  
-0.4949829344  
0.9038556927  
0.8127958543  
1.63550947  
-0.3890942044  
-0.9948342144  
0.8533023301  
0.6338034731  
0.357052455  
-0.5296267987  
0.3565781323  
0.5347877251  
-0.03390252505  
1.652685332  
-0.1927758121  
-0.03648431028  
1.633438245  
-1.203077195  
0.1081614864  
-2.368293009  
-2.246596655  
-1.190334858  
-0.2539135112  
-1.312022018  
0.9414493861  
0.1980176598  
-1.189294097  
0.3199602842  
-1.557313664  
-1.16007204  
0.6709477928  
0.05013787996  
-0.08512174739  
0.08459229008  
-1.419068381  
-0.1581474017  
-0.6482679946  
-0.257676221  
0.2304632891  
-2.264948375  
-1.218809425  
1.400865794  
0.4138629261  
-0.5156744371  
0.1202256077  
0.2083581745  
1.090928558  
-0.396149234  
2.12218883  
1.967114064  
1.189720416  
0.8250468089  
-0.5089724528  
-0.9021694084  
-0.002921768283  
1.82594598  
0.155162896  
2.55585118  
1.387906017  
-1.886331034  
-0.3934695882  
-0.3628474989  
-0.8366355205  
-0.5045639971  
0.4601055405  
0.5324790368  
-1.842972018  
-1.766778772  
-0.2175357761  
-1.477440772  
-1.764531242  
-0.2264973505  
1.898605531  
0.7107488049  
2.308380134  
0.1164846114  
-0.8692752865  
1.790095718  
0.4773993656  
-1.064838636  
-1.808444838  
1.279390872  
-0.920391141  
-1.435127884  
0.2703505978  
0.6973604326  
0.7853999168  
-0.3371504487  
-1.555684172  
-1.142341538  
-1.573922538  
-2.060986912  
-1.167671083  
0.172947949  
-0.641566513  
-0.3664260883  
1.00429988  
-0.2635826601  
-1.919966376  
-2.629427413  
0.08097703502  
1.986091961  
4.272387023  
4.005797289  
1.165038044  
-2.85773178  
-3.274931393  
-2.056847932  
0.717830385  
2.357095525  
1.548606686  
0.7608255495  
-0.419179842  
-1.396052965  
-0.979224513  
-0.1224951256  
0.359045185  
-0.6559054895  
0.4467532095  
2.167058989  
0.7018347797  
0.78294781  
-0.5002205839  
-0.4806719985  
-0.3897192945  
1.307679648  
3.188573921  
0.2027558863  
-1.260556966  
-1.150961686  
-1.876438553  
-2.388117936  
-0.531168362  
2.794839562  
0.5707626786  
0.3915027924  
0.4909466029  
0.5986935479  
-1.866193902  
-1.965842098  
-0.1052253354  
0.5878359319  
1.148552625  
0.4920779183  
1.344437769  
-0.7035221622  
-1.508639224  
-1.027681377  
0.02050287438  
1.12006957  
0.9616677151  
0.2630980531  
-0.1080175378  
-1.200595381  
-0.277406612  
-1.151566986  
0.9603588651  
1.538670224  
1.559933139  
0.1093208447  
0.83344682  
-0.4783664387  
-0.7200194361  
-0.3363806489  
-0.6708037791  
1.022218023  
0.3209839779  
1.323205565  
-0.8324075584  
-1.027895391  
0.259534521  
-0.83655322  
-1.824399387  
0.4038986687  
1.163703824  
0.09056891833  
0.4170584997  
0.3512552255  
-0.8007264878  
-0.7993691605  
0.8366359344  
1.633321837  
-0.5967036098  
-1.069099232  
-0.3289093913  
1.205011936  
0.1357930427  
-0.09246275527  
1.499400335  
-1.10757021  
-1.41818599  
-1.081600824  
-1.38827564  
-1.295433993  
0.1282188964  
-1.538764683  
-0.2368520773  
-0.6596904833  
0.7517953241  
-0.2881411931  
-0.9136850842  
-0.3963565461  
-0.4865714454  
1.943184512  
1.87006468  
2.662785658  
3.517523187  
2.794993696  
-0.7938744927  
0.3253633199  
-0.4010129041  
-0.2629319854  
0.2384012523  
0.6051352239  
-0.6448678549  
0.1231928019  
-0.4105069472  
0.02288649991  
-1.570576176  
-1.587226198  
-2.638600285  
-1.066409407  
1.10692341  
2.613083369  
3.812842587  
2.258847325  
-1.503462023  
-4.177808373  
-3.742604361  
0.8644952679  
1.296715622  
1.728957325  
