-0.9164953765  
-0.08042386296  
-0.561845296  
-0.794454765  
-0.3348283415  
1.045086779  
1.714426157  
0.4524778404  
-1.451473366  
-0.9445155188  
1.220895921  
2.472826488  
1.945065781  
1.468917531  
1.371387015  
1.161586674  
1.477957568  
0.7821489673  
-0.8700336588  
-1.406964449  
-1.449903578  
-1.293387346  
-2.311183222  
-2.882660166  
-3.005415002  
-2.052536324  
-1.055918228  
-1.336807679  
-1.75727195  
-1.191576709  
0.9559984011  
2.793028041  
3.22738797  
1.467806867  
1.262836576  
1.467854288  
0.3967029753  
-0.6736616591  
0.468494013  
0.9733660165  
-0.9476314544  
-0.4848065329  
0.5112522269  
0.7791126141  
0.23335081  
-0.01184254074  
0.6236227208  
1.062193786  
1.21181492  
1.102493873  
-0.6421150425  
-2.18442407  
-2.060555696  
-1.944039079  
-1.136345338  
-0.9500067747  
-1.115077625  
-1.364817905  
-0.8683720497  
0.0159827328  
1.036022629  
1.583486534  
0.9876076158  
0.03025485089  
-1.129232137  
-1.984936397  
-1.235931763  
-0.9302068729  
-1.008482672  
-0.4446890295  
0.4951145845  
-0.3793314138  
-2.334669666  
-2.14018735  
-1.272425103  
-0.2659278884  
-1.284088731  
-1.513425043  
0.1319681928  
1.71435394  
2.269271896  
2.787751104  
2.966318025  
2.561531388  
1.105363926  
0.03607887705  
1.683124767  
3.312820979  
4.812677263  
4.740953261  
1.63458077  
-0.5227631798  
-1.037580227  
-2.042500868  
-3.279965984  
-2.616141692  
-3.177418375  
-4.071475923  
-2.723382767  
-0.6565206371  
0.1023635022  
0.9650564185  
1.394852675  
-0.4484071998  
-1.130308335  
-0.08801260072  
1.368065252  
2.432623099  
0.4409416352  
-0.06565447624  
0.7941016182  
1.570312048  
2.457328944  
3.036033576  
1.788265198  
1.268521304  
1.55687709  
1.803419835  
0.1359070341  
-1.581296891  
-0.8443577024  
1.16721639  
1.505141031  
1.205826217  
-1.037060326  
-1.861959642  
-0.7473941281  
-0.6626532974  
-0.08703232395  
-0.2118992936  
-0.6042415998  
-3.513755333  
-4.494101991  
-3.811188415  
-1.621087068  
1.066606178  
2.714236087  
3.686140091  
2.335940768  
0.8520603889  
1.58315028  
2.425255024  
2.009940836  
1.442429324  
0.7892224427  
0.8895444955  
1.685311075  
0.9278198451  
-0.6366374755  
0.8485324542  
0.2559104351  
-1.442025574  
-2.939870945  
-2.453580331  
-1.772176131  
-0.9787381996  
-0.06795743705  
0.7250815551  
-0.2685608349  
-2.190344621  
-0.2574621929  
1.07698533  
-1.268646514  
-2.939370386  
-2.685183184  
-2.002284402  
0.9636056495  
3.348868792  
2.821836733  
1.992437373  
0.960192214  
0.8629124778  
1.777838387  
1.368133932  
-2.188273629  
-3.779261511  
-1.567401449  
-0.2247593503  
-0.2039507556  
0.5732310242  
0.7938966312  
0.6973825625  
0.7832867619  
0.3338278472  
-0.5166464701  
-3.083802098  
-5.547140415  
-5.342889067  
-4.70401506  
-3.672676218  
-2.267613412  
-1.002431213  
-1.561157099  
-3.80755302  
-4.627932449  
-2.178374421  
3.689787199  
0.7958426124  
1.224065769  
3.59908481  
3.845507327  
2.326429285  
2.282699998  
2.508994278  
0.9898835977  
0.4275616041  
-0.1839615786  
-0.3434594893  
-0.00114958653  
1.774271287  
2.967437744  
2.283550155  
2.199175418  
1.434427217  
1.607833951  
0.5325494236  
-0.6833903136  
-0.1344791503  
1.499098006  
1.994231972  
1.847366484  
1.37258207  
1.249504448  
0.5807579362  
-0.9870506958  
-1.184243215  
-1.460710444  
-1.927108921  
-2.904457568  
-0.8930137167  
-0.1842762987  
-0.8245785468  
-1.029269637  
-0.2574132738  
0.7059161373  
1.298555099  
1.572113091  
1.671909888  
1.289711346  
1.038892284  
-0.9159451933  
-1.615882119  
-0.8287440331  
-1.648632294  
-1.586543453  
0.3932393655  
1.142166986  
1.592181792  
-0.5357813455  
-1.095459731  
-1.786812359  
-1.890596632  
-2.105113629  
-1.203565596  
-0.8376531262  
-1.743618215  
-1.838811527  
-0.9227790004  
0.2819175182  
1.299596812  
1.483370163  
1.14433276  
0.4320663195  
1.040622908  
1.102866175  
0.3702561809  
-0.8671200255  
-0.6624863628  
0.2326779528  
-0.192464223  
0.9831045978  
2.123140233  
1.007381213  
1.191427897  
2.441693356  
3.286633528  
1.799654172  
-0.9824685658  
-1.85626886  
-0.02976210893  
1.876828959  
0.5756904621  
-0.6268436401  
-0.1228686762  
1.416278986  
1.059126108  
-0.3605978336  
-1.360277931  
-1.843173657  
-1.63430279  
-0.966290491  
-1.369639474  
-0.8720516951  
-0.4674434209  
0.8645403594  
1.509188056  
1.32823112  
1.827654979  
0.4656988406  
0.2751954708  
1.312554174  
1.080267147  
0.4224745837  
1.41600133  
1.694162786  
0.0003547230738  
-1.861845202  
-2.361086886  
-0.5141604337  
-1.347170691  
-2.586994247  
-1.524460666  
-1.984252192  
-2.063489257  
-0.8150298347  
-0.4938043097  
-0.9985832055  
0.4191088548  
1.895445507  
1.670080034  
0.1897519267  
-1.416679046  
-2.981790134  
-2.247995163  
-0.529025203  
0.0538422877  
-0.4050883019  
-1.533872398  
-0.9143989858  
-0.2308669062  
0.6510294837  
1.670263026  
1.999939007  
2.183207708  
2.491593993  
2.42186401  
1.89757732  
2.880630638  
0.6982171564  
1.087841524  
1.659432887  
0.7646294568  
0.3475707884  
1.042341943  
0.5871163039  
1.121160838  
0.6255955862  
0.7795310143  
0.9649323777  
0.4179373459  
0.2672222398  
0.935943631  
-0.1007908627  
-0.4135711852  
0.1924082409  
0.7824313306  
1.747383625  
2.917423213  
3.22302223  
2.31466335  
2.382737206  
2.383966849  
1.393145828  
0.9831969805  
0.9298399913  
-2.278244203  
-2.948630492  
-0.9130578135  
-0.2252624548  
0.2769759314  
0.9130926027  
1.986241023  
2.502373658  
1.872337234  
1.9803863  
0.1880068383  
-4.768958715  
-6.082354393  
-8.096369845  
-6.576232735  
-3.455832417  
-2.686200951  
-2.183494452  
-0.2179113815  
-1.58759308  
-2.632078951  
-0.4858909158  
-1.082476112  
-2.057037998  
-2.488474889  
-0.6238440825  
0.2656544367  
-1.71944032  
-2.664514958  
-0.3031395301  
-1.030172471  
-1.319434947  
-0.03337167583  
-2.433538897  
-3.337484603  
-2.677524811  
-2.21893526  
-1.018158539  
1.21788759  
4.376526469  
2.983797448  
3.790421817  
3.741753544  
2.762705264  
3.521773925  
4.187353453  
4.545113336  
4.223657777  
1.831590664  
2.087914497  
2.377509746  
4.602137421  
3.497499766  
0.03753150519  
-1.068542007  
-3.368463577  
-5.294944681  
-4.712262912  
-2.873237364  
-0.8267698201  
0.01313953476  
-0.0173653464  
-0.6757531691  
-1.555851898  
-1.417121746  
-1.751411847  
-1.492286342  
0.08452714885  
3.199334561  
2.80835555  
3.3908267  
1.926376815  
-1.445820704  
-4.029554069  
-3.200894612  
0.8534070969  
-1.687189311  
-2.909621414  
-2.716171404  
-4.005570728  
-2.02900323  
-4.512684865  
-5.716282799  
-3.71661536  
-0.8451483224  
-1.738674591  
-1.330811425  
1.262708828  
2.474400348  
0.05554031482  
0.1574897452  
1.078503052  
0.6795795554  
-0.02208556876  
-0.725007098  
0.469678914  
0.2466653465  
-0.3401846827  
0.4724272539  
2.201692728  
1.717862602  
-0.5381066143  
-1.799016708  
-0.4009272081  
0.2888022309  
0.7753757034  
1.691719784  
-0.889473974  
-1.480929601  
-0.2043520951  
0.9506953709  
2.569693341  
4.29196646  
2.492159512  
1.395120297  
2.455280434  
1.107344438  
-1.172514474  
-1.504534809  
-0.6745539889  
-0.4298211387  
-1.017645095  
-0.8944585982  
-0.0172412411  
0.4192940047  
1.259960675  
6.658261575  
-0.3955683791  
-0.6391506889  
0.5134841716  
0.2419520551  
1.191813895  
-1.12567996  
-0.7880402065  
0.02358478466  
-0.1580614248  
0.01624210548  
1.103781728  
1.752247253  
0.142944429  
0.03316746006  
0.4208297947  
-0.5861027743  
1.553157321  
1.712556713  
0.5075138891  
0.8672145991  
2.486463197  
4.929955179  
4.766712211  
5.052283434  
5.272233617  
4.06148804  
0.7808870486  
0.05808149418  
-1.089628464  
0.5618190752  
-0.4049050606  
-2.934357417  
-1.829474786  
-0.1968194137  
0.291024037  
-0.234111144  
-0.9787903397  
-2.032067277  
-3.210830645  
-2.078212639  
-0.8829720733  
-2.021555631  
-3.06745156  
-2.196024077  
0.3388467901  
0.02627310951  
-0.7044156426  
-0.4214727608  
0.9557010605  
-0.1446044224  
-0.4417638442  
0.9963938052  
1.00404823  
-0.2906707452  
1.919639603  
2.208017688  
-1.79365822  
-3.104623233  
-3.029769694  
-3.815279432  
-3.535717449  
-1.832349747  
-0.38371563  
-0.3087237048  
0.6333841854  
1.276373108  
1.408565027  
0.5982088694  
0.6511468968  
0.810102818  
0.3448198328  
-1.948855223  
-4.130348914  
-0.5321334296  
1.078598618  
1.047660604  
1.998673533  
-0.08829096329  
-0.236348733  
1.086244445  
0.9744263025  
0.1542047984  
-1.193347824  
-0.9879471431  
0.8065110954  
-1.57467385  
-0.3700865531  
2.250891523  
0.6250507547  
-2.645215668  
-4.554440631  
-5.94988326  
0.431713625  
1.332211136  
2.038497607  
2.56918877  
0.2911342674  
5.665457377  
