-0.8648242508  
1.138047592  
-0.1942313529  
-1.148344991  
-0.5181437684  
0.7507500755  
0.6340650225  
-0.1802322296  
-0.9990399661  
-0.7258162706  
-0.2007763406  
0.8678192815  
0.5009431656  
1.485790834  
1.402406551  
0.6938403073  
0.96268209  
-0.251771663  
-1.07925713  
-0.2045231762  
0.9782747263  
1.183784337  
-0.4624405862  
-1.916580091  
-1.294617225  
-1.619162215  
-1.94760454  
-2.161913619  
-1.696515497  
-0.6862657488  
0.2574769921  
1.307256086  
1.065043347  
1.560070463  
2.149645735  
2.292250844  
1.864783869  
0.802930591  
-1.305291291  
-2.166893057  
-0.4273659245  
0.6984923709  
1.533268176  
0.4482522651  
0.7439074754  
1.289331448  
1.470213483  
1.158893494  
0.7818647328  
-0.4007866773  
-0.24837688  
-0.4681929557  
-2.398654342  
-1.390981993  
-0.3586475478  
-0.7228640931  
0.2607251083  
1.167335236  
-1.098382446  
-2.460262009  
-1.091429686  
-0.7855227823  
-0.9261483562  
0.1800136228  
1.008725736  
2.184428799  
-0.259871229  
-1.40162174  
-2.202102926  
-1.84291003  
-1.236970895  
-1.624789147  
-2.07074592  
-0.3017387401  
1.602397593  
0.7610917193  
0.5679006864  
0.8415796823  
0.2438861742  
-0.188720995  
-0.8686512547  
-0.03436824276  
0.607329867  
0.707210585  
0.2371782226  
0.8619237634  
1.758141127  
0.910093247  
0.983985442  
2.26789422  
1.100898818  
-0.4606987991  
-0.6719941294  
-1.220803937  
-1.914620162  
-0.5860366805  
-0.9140893478  
-0.6876499305  
-0.1894739567  
0.6865470983  
0.8432966062  
0.789064041  
0.7137786931  
1.299829457  
-0.002500092138  
-0.3869586219  
1.401815652  
1.318654794  
0.6248381351  
-0.214357237  
-0.9022613504  
0.3359239592  
1.975538392  
3.747274433  
4.06695945  
3.610199717  
3.074398676  
2.836350883  
1.218971449  
-0.4872820182  
-0.6450550304  
0.4125434276  
1.86393246  
0.6996673328  
-1.021020678  
-1.152979365  
-1.204047065  
-0.9223363101  
-0.4742331922  
-1.342046558  
-2.19468492  
-3.249592721  
-5.199325056  
-4.865964354  
-2.693603753  
-1.47367146  
-0.493196705  
-0.1583571185  
-0.4157707394  
1.195640284  
1.150712325  
-0.3061280564  
1.255210261  
1.765810504  
-1.323773365  
-1.276457765  
-0.7669205419  
-1.205514602  
-0.9608076415  
-0.4826337958  
-1.053102064  
-1.980731055  
-1.029989289  
-0.8779038925  
-0.5547192875  
0.2296717899  
0.1580745235  
1.130625571  
1.401454619  
0.8940746947  
2.243342229  
1.649198284  
0.7043508068  
-1.28624627  
-1.199320677  
-0.8719917434  
0.116376868  
1.242502494  
2.597999699  
1.325482413  
0.2957572792  
-0.2805499025  
-0.04983036943  
0.34554793  
-1.171028875  
-1.288786446  
-0.04468277574  
-0.291946865  
-0.3371604599  
-0.1206998778  
0.6004206144  
0.05471017885  
0.8238177705  
0.3699204392  
-0.3230465735  
-0.315248222  
-2.231015851  
-2.244511409  
-1.114784294  
-1.617725771  
0.003777216991  
1.419998003  
1.14865678  
-0.3592753139  
-1.136561848  
0.02171692774  
3.542567052  
-0.8060516557  
-0.657423885  
-0.5170376821  
0.1489391465  
0.9955596508  
1.240962909  
0.8206535109  
0.3280957411  
-0.4674334455  
-1.830815524  
-1.559933151  
-0.8961075953  
-1.229044832  
0.07359452148  
-1.086603316  
-0.8241971578  
1.116683793  
1.68196149  
1.936672654  
0.4960994472  
-0.6116575635  
0.8882398661  
0.9146665333  
0.8455981317  
-0.3705687069  
-0.614150289  
-1.146292194  
-1.516740851  
-0.7564635074  
-1.497891794  
-3.184024562  
-1.185677456  
1.11117054  
1.004697572  
0.6005689542  
0.8437286329  
1.592777237  
1.687372333  
1.527264293  
2.907244395  
1.927968556  
1.14719461  
2.070845773  
1.391707843  
-0.7788432462  
0.6743132918  
-1.354714301  
-0.6746981834  
-1.646990419  
-3.219626961  
-1.201968941  
-2.238475618  
-2.29837985  
-1.44534763  
-1.572012225  
-0.4629524889  
0.2926106676  
2.103263942  
1.484469783  
0.4437561712  
0.617599954  
1.776574142  
1.391155267  
2.22724953  
2.379206705  
0.983185665  
0.7974490195  
1.887055756  
-0.7743786586  
-1.738633809  
-0.6717651206  
-0.5297143063  
-2.368360064  
-0.9486725407  
-0.8379147133  
-1.865786218  
0.6905245175  
1.010853872  
0.5970362382  
0.7759745175  
0.9601794295  
0.5355275055  
0.7775252978  
1.141454583  
1.333713802  
0.5225830469  
-0.6062180038  
-0.1229621792  
-0.7375161382  
-1.297547699  
-0.4733741574  
1.192117383  
0.1590400853  
1.550557757  
-0.8857420665  
-2.0159919  
-2.101699131  
1.223386463  
2.850575428  
0.2009763195  
-1.555506356  
-1.427316444  
-1.001587807  
-0.419197304  
-0.5284734118  
-0.4985988908  
0.1891838161  
0.8459357662  
2.073079588  
1.766389351  
-0.4892154622  
-0.5841794557  
-0.512650627  
-0.376608964  
0.07070786447  
-0.2949308361  
-0.244230161  
-0.221806071  
-1.210339311  
-0.06807346327  
1.009784493  
1.70194462  
1.430063679  
0.4545930601  
0.2266068824  
0.3086724895  
-0.8621612243  
-1.322892729  
-1.015531264  
-1.049223134  
-0.820094805  
-0.1800975472  
-0.2688612723  
1.02423353  
1.954857564  
0.9320754879  
-0.5008885458  
0.2272650261  
1.126272775  
1.324392058  
1.029385937  
-0.6950962338  
-1.30456716  
0.5541531274  
-0.7136705348  
-0.9749753444  
-1.238993562  
-0.9233078612  
0.2734347085  
1.730888993  
0.7967984215  
-0.1645570645  
0.3213335884  
2.86852783  
2.123685911  
0.07874945258  
0.3685446925  
1.932409639  
1.97600417  
1.132760883  
1.286630986  
0.7652393234  
1.108853696  
1.157268135  
-0.8226880879  
-0.04087414922  
1.174052561  
-0.464480415  
-1.522606731  
-1.932055431  
-1.418954965  
-0.293075484  
1.030928745  
0.4038736108  
1.719292009  
2.871974628  
1.317275137  
0.1735434316  
-0.2454513415  
-3.961458186  
-4.696084809  
-4.924705787  
-3.867951477  
-1.756891016  
-1.13615991  
-1.919952321  
-1.522989645  
-2.453936447  
-1.21772968  
-0.9162248365  
-0.7526838866  
-0.69916995  
-1.245141788  
-2.011814785  
-1.581236505  
-1.504010698  
-1.510196775  
-0.6128233724  
-0.7526171485  
-0.889868061  
-0.9724129702  
-1.398627145  
-1.345967375  
1.828330357  
2.422637944  
3.162422535  
3.736122784  
4.245642925  
0.4619302384  
2.290225609  
3.763363338  
3.369371858  
2.972542162  
2.492857478  
1.216017126  
1.580640567  
1.882839261  
1.266214646  
2.348560635  
3.597499074  
1.341111238  
0.6756441522  
-0.3669615279  
-0.8954495174  
-2.930875283  
-3.517080453  
-2.183135067  
-0.9144733802  
-1.642611728  
-0.6062367765  
0.2681453359  
-2.375457427  
-2.623014398  
-1.393870526  
-0.9790259914  
-0.03507568152  
1.522766206  
1.084565249  
1.423519182  
1.374594531  
-0.7384750596  
-4.196896907  
-3.286683724  
-0.3278810023  
-1.041583366  
-2.980010743  
-2.313793977  
-2.872577586  
-2.08479199  
-3.345880093  
-4.019376102  
-2.84034958  
-2.429183237  
-3.030467517  
-2.472887173  
-1.286845261  
-0.8427749714  
1.688172852  
0.05584737412  
-2.366358936  
-2.62651034  
-0.8326104848  
0.1980748847  
0.7245913942  
2.421257392  
0.5472619401  
0.4796964379  
0.4667699395  
0.02800162624  
2.228442933  
1.317238959  
1.33247616  
1.117518686  
1.774634035  
1.590267385  
1.773872566  
0.5595359911  
0.6115929231  
0.8301990105  
0.9232959105  
1.53338694  
1.815324519  
2.1640705  
2.138008576  
2.189955133  
1.731878336  
1.396567004  
2.154038284  
1.437126152  
-0.7740390008  
-1.237542753  
-1.184371617  
-2.365088157  
-0.8151061933  
4.587836893  
0.1608105805  
1.178126412  
1.337576176  
1.068251652  
0.2536258762  
0.09833955964  
0.1905437886  
0.3661382829  
-0.9249859364  
-1.047997912  
-0.1101782702  
-0.5862732746  
-1.328641399  
-1.596373727  
-0.04094685912  
-1.250973003  
-0.3159497052  
-0.5842736922  
-0.4378833658  
-1.027368882  
-0.9555225334  
0.8055312508  
3.007947866  
3.432189394  
2.838658489  
2.430197154  
3.46489917  
3.613418136  
2.659797364  
2.789068093  
3.144599052  
1.432682073  
-0.2890204617  
0.4126558127  
0.9931290124  
0.5338646161  
-0.9858656501  
-1.341124616  
-1.301007283  
-1.438146092  
-0.03550536732  
0.3752431502  
-2.242002225  
-2.244654877  
-1.044312228  
0.1591825917  
-0.2092126087  
-1.489901635  
-2.100649482  
-2.047655979  
-1.135054809  
-0.9973878666  
-0.8714305134  
-0.9216396738  
0.9673782256  
0.986209386  
-0.8861700521  
-2.08539318  
-2.713998173  
-2.295381842  
-1.91192783  
-1.386268879  
1.005911768  
0.1246587042  
1.704722614  
1.543921469  
0.6439479159  
0.01956712912  
0.9068335368  
1.659725701  
-2.215479957  
-1.693666579  
-0.5561298075  
2.287814295  
2.007328501  
1.553428723  
1.378378596  
0.2447688911  
-0.7057434778  
-1.03564522  
-0.5568327257  
-0.2232678335  
-0.7862750962  
1.252100899  
1.942194273  
-0.518348617  
-1.451236159  
0.1340893388  
-0.9208646616  
-1.538376585  
-2.492637175  
-2.114764572  
1.219229672  
-0.2353238556  
0.5321580146  
0.4621978992  
-0.242561538  
4.721295609  
