1.741378225  
0.1013427605  
0.2190920117  
-1.939650231  
-1.337366441  
1.160342002  
2.392677278  
-0.08007076989  
-0.937401315  
-2.558731835  
-0.3692564595  
0.4913920812  
0.3056972729  
-1.030133108  
-1.016832715  
-0.5944356217  
0.001060010458  
1.147060238  
0.5263609675  
0.06989201852  
-1.368490223  
1.27898172  
1.412650488  
0.807760553  
-0.9782899764  
-0.08055562737  
0.6248873589  
2.179885611  
-0.6348095632  
-1.639852844  
-1.223023232  
0.6380018517  
1.539419014  
1.190670084  
-1.162332322  
-2.578012506  
-0.6190522197  
1.841221848  
0.552237336  
-0.05106362669  
-0.9169518872  
-0.1828714705  
-0.3128836011  
1.657152233  
0.1522593636  
-0.9277255528  
-1.926927939  
0.4280907617  
1.84471623  
1.119330307  
-0.5956113612  
-1.478162812  
-0.9473125106  
0.1448068072  
2.464598498  
2.069165381  
0.3461817719  
-1.655132078  
-1.723134741  
-0.1994549324  
1.665279847  
1.843987857  
0.8229503516  
-0.4370040931  
-1.901298081  
0.1445001625  
1.950698933  
-0.6310409009  
-1.855921473  
0.9415850394  
2.861683539  
-0.01511922232  
-1.081171276  
-0.3557126091  
1.349008034  
1.095914115  
-0.6567161931  
-3.086174737  
-2.265910785  
-0.9948287881  
-1.656337298  
-1.745483517  
0.2620400438  
0.308022713  
-1.209972633  
-1.669863484  
-0.4816043264  
0.104811815  
-1.449558973  
-0.4659103122  
1.719058491  
3.771641811  
1.372947845  
-0.7016482236  
1.091966701  
2.641837605  
0.3713805258  
-1.385871651  
-0.9246198155  
2.318764578  
-0.465968493  
-2.371248882  
-1.887876393  
1.063698346  
2.174587946  
1.52648162  
-1.036906102  
-2.18896403  
-0.1527496529  
1.007347566  
0.7403796305  
-1.241075837  
0.5903166928  
1.141023685  
-0.5621988772  
-2.288877506  
-1.340640658  
0.5930293296  
1.03924131  
0.6506353015  
0.570415908  
0.4588506833  
-0.2258720047  
-0.5309060451  
0.9702355197  
1.139634073  
0.6866154613  
1.802241585  
-0.3522199741  
0.04524806043  
1.542499642  
2.853754931  
2.527055236  
-0.06210676582  
2.419605536  
1.226452704  
-0.5381904679  
-0.3264092208  
-0.335215892  
1.248249653  
1.189638365  
2.203207811  
-0.8548950154  
0.2091190252  
-1.174453613  
1.049629518  
1.478853385  
0.8085898431  
0.01699530631  
-0.7459530052  
0.8280403817  
0.5406939014  
1.118373295  
1.683378941  
-0.04875468913  
0.8068431938  
0.142005377  
-0.8630837192  
0.4611674338  
-1.389330594  
0.4492625972  
-1.750221885  
-2.1739411  
1.388795785  
1.455927106  
-2.853964423  
-1.321412417  
-4.92810757  
-2.986590459  
-0.4609864517  
0.1194807186  
-1.17689167  
-1.396969353  
-0.892323987  
-0.8278667146  
-1.827424335  
-0.5643222471  
0.9615981164  
2.16561373  
-1.613850155  
-3.353638991  
-4.350354418  
-2.947572204  
-2.718463712  
-2.576306629  
-0.7589004581  
0.8450158859  
-2.387446941  
-1.375204045  
-2.890629058  
-1.616244501  
-0.323025185  
-1.994684906  
-1.591546347  
-1.777213988  
0.2492964056  
0.7563475484  
1.677461657  
1.477152708  
0.186375517  
-0.7273545313  
0.4872467601  
0.6321700823  
0.0612613093  
1.803000946  
1.627024268  
0.007037864458  
0.9116519372  
0.5467437144  
0.6016437912  
1.116450119  
2.48138534  
1.407755905  
0.3965820286  
0.6212715907  
1.464327573  
0.8614720822  
-0.4414484473  
0.5391504665  
0.3378717287  
0.5628042071  
1.225093781  
1.088969721  
1.926472614  
1.802550614  
1.128287641  
1.367498984  
0.3229345927  
-1.159502666  
-0.8077392188  
0.1227610836  
0.1293282587  
-0.003114873875  
-0.8451309581  
-1.255441709  
-0.4768945695  
-0.8687805697  
-1.752755066  
-0.07212575106  
0.7419838978  
0.09130231907  
-0.4299842712  
-1.453829598  
0.03031540026  
0.4486375548  
0.1294111082  
0.990218256  
1.074226178  
1.779585757  
2.085497033  
0.2270127865  
0.7875204589  
1.103061753  
0.1860306195  
0.7704261716  
0.3277063739  
-1.213543428  
0.1341849101  
1.040516532  
-1.459486556  
-1.913726899  
-1.441543908  
-0.9184401005  
-0.1445509509  
0.8955742512  
-0.273703953  
-0.9832870876  
1.069517841  
1.854861303  
0.9088515166  
-0.8811670718  
0.7015106908  
0.4380567618  
1.482041321  
-0.1157465587  
0.3251796073  
0.220621055  
0.2355900767  
1.04764578  
-1.974345728  
-0.7631903391  
0.2884113742  
-1.704742532  
0.144073274  
0.6652354405  
1.844607815  
0.9785184143  
-0.3023829549  
0.1476748825  
-0.1374380095  
0.07991560233  
-0.5647352948  
-1.33575557  
-1.701381175  
0.3514406682  
-1.134837636  
-0.1084103571  
0.7770583237  
0.5650022308  
1.164301794  
0.7652148991  
-1.06369302  
-1.437837946  
-0.8606748418  
-0.1740926303  
0.5726679182  
-0.8135280461  
-0.194098377  
-0.8107505435  
0.7251168979  
0.8888778023  
-1.327468701  
-0.5462671756  
0.3004555263  
1.517344321  
1.93703069  
-0.4073737356  
-2.144195177  
-0.3831223026  
0.642734494  
-0.1619403327  
0.08915047739  
0.6214102046  
0.7735748485  
0.6242184874  
-0.857298609  
-1.111064149  
-0.2949687551  
-0.2613779376  
0.5558814814  
-1.323791477  
-1.568335068  
-0.5487146359  
1.533712055  
-0.03872005253  
-2.001987728  
-0.289889656  
-0.5032232033  
1.045280921  
-0.02380996603  
0.8930826276  
1.722312865  
1.505039685  
-0.2863173419  
-0.3683684364  
-2.499131073  
0.06049139062  
2.575590526  
-0.8613699772  
-0.8522027213  
0.6081932919  
0.6214242667  
0.2506317492  
-0.356102682  
1.426524509  
1.313357561  
-0.226154534  
-0.4040120201  
1.179667156  
0.006832983999  
-1.091621758  
0.5536854776  
0.1996120925  
-0.6784960483  
-1.192404295  
-1.220619116  
1.117525385  
0.4997911945  
-2.612036663  
-1.483128903  
-0.2615999395  
0.918386715  
-0.8230939519  
-0.7988807958  
0.4574056894  
-0.7697821169  
2.07745448  
3.65073919  
1.416238746  
-0.2017405287  
0.9537890394  
1.737840596  
0.3556411945  
0.5357199061  
0.3538212545  
1.824782629  
-0.1130277524  
0.1093968301  
0.5890520239  
1.186177373  
-0.9468382052  
1.255758893  
0.219033122  
0.2175072921  
-0.02792511035  
0.6782947385  
-0.8911895073  
-0.3253785951  
0.4639096524  
-0.1862589533  
0.3742893364  
-0.1954150284  
-1.661718961  
-0.6008155148  
0.2416120545  
1.207184565  
-0.04935969047  
-0.8497509605  
-0.6670451926  
-1.567754295  
-0.4854795215  
-0.07848978476  
-1.120113561  
0.2065374328  
-1.121874725  
-4.587889346  
-3.016527835  
-0.5048227113  
-0.5303853372  
0.1122098424  
2.256505991  
2.516172137  
1.554790511  
-1.384178102  
-0.2456277971  
-0.8387694274  
0.6849198523  
1.836691797  
1.473520464  
1.528815889  
0.658882046  
-0.5608599015  
-0.5225343419  
-0.8778207568  
-0.4894270997  
-0.978054413  
-0.4812795621  
3.160607656  
1.121779202  
1.146657455  
0.9731191206  
-0.874331332  
-1.424092332  
-0.1891535569  
1.394329239  
2.190648176  
0.673175332  
0.8348341492  
0.8685099301  
0.6679677866  
2.483400708  
0.56399193  
-0.48533033  
-0.8093023724  
0.1235316569  
1.064412512  
-0.01635009843  
1.710361006  
0.8656553085  
-2.346656873  
-1.75182452  
0.2379372044  
0.4014914474  
0.4829697158  
0.8321557624  
1.258113379  
-0.7430616459  
0.06731800365  
0.1368056581  
0.09474796903  
-0.1617293913  
0.02574405182  
1.590479878  
0.1582751448  
-1.067279371  
1.860726543  
-0.6490267333  
-1.203297344  
-0.9351546639  
-0.01543707892  
-0.2755514456  
0.214195158  
1.074636833  
0.5483231236  
0.4731328316  
0.4771989147  
1.306072619  
1.363931785  
0.7299945422  
2.22682052  
-0.866996235  
-3.28599147  
0.0353029296  
-1.150791728  
-1.859377724  
-1.318130703  
-3.143040815  
-3.233362348  
0.1115087035  
-0.122280781  
1.570653235  
-0.08080887011  
-0.6786636272  
-0.4947442147  
-0.2237871147  
0.9833769049  
-0.6447696335  
0.9877968633  
0.2621373688  
0.7011765309  
-1.070484851  
-3.254454506  
-0.3673858474  
-2.13299614  
-1.199688162  
-2.609150624  
-0.4760864761  
-0.5721818328  
1.163530621  
-0.3572841881  
-0.8815531341  
0.2570738482  
-0.8217996882  
1.22004357  
-1.365286571  
-0.1360944808  
-0.4032043858  
-1.511274518  
1.617317592  
0.5541175008  
0.2152250001  
-0.6874600129  
0.7638069452  
0.9721485201  
-0.689337717  
-0.5752200332  
-0.8101959442  
0.6071511268  
0.09240344802  
1.300560495  
1.41093753  
0.4914798671  
-1.20714946  
1.31521926  
-0.5061185154  
-2.790590859  
-0.641699478  
1.128085861  
2.983882895  
2.619796732  
2.496786885  
0.7319279489  
-0.08842461975  
-0.08946078952  
-0.3635323733  
1.319675452  
-1.960993472  
-1.640072129  
-0.2901498306  
-0.4993522926  
-1.534047514  
-0.8350505092  
2.185849381  
0.9510750183  
-1.005494343  
0.9252275006  
-2.55710418  
-0.6021315343  
0.1464947126  
-0.4789613948  
1.175653303  
1.54265809  
-0.5701600949  
-0.120690776  
-1.591999568  
0.4911351196  
0.7024645463  
-0.0426676645  
2.604006717  
-0.3624571948  
-1.906238929  
-3.816068644  
-4.291502683  
-3.684368465  
2.897950952  
3.974334633  
3.365984812  
-1.609369273  
-0.327193261  
1.103772182  
