1.011869348  
0.3325161795  
-1.237585853  
-0.5326140179  
1.158467064  
0.6978736151  
-0.07193714756  
-0.6844437537  
-1.165544081  
0.1107567713  
1.183954451  
0.6557047982  
-0.02908261472  
-0.2428561126  
0.7469549755  
0.9730597351  
0.213546108  
-0.8661606557  
-1.271555395  
-0.2331415056  
1.063757129  
1.383122018  
-0.8667072382  
-1.577284719  
-0.7688423284  
1.429579513  
1.597289096  
0.2728289736  
-0.2704532438  
0.5100451556  
0.5006870406  
-0.3606379323  
-0.4393392274  
-1.377829077  
-1.728076061  
-0.2253951062  
-0.005448259816  
0.5234424325  
-1.098019932  
-2.495404123  
-0.502216304  
0.1856081868  
-0.6042867877  
-1.391308507  
-1.861985542  
-0.8601990983  
-0.148267848  
0.4404275784  
0.5705469684  
-0.7617441091  
-0.6294803628  
0.3379256482  
0.9105694949  
1.116351552  
0.6768650736  
-0.5207834514  
-0.09413688656  
0.6483707663  
0.9920262993  
1.230231154  
0.5967643513  
0.2875802854  
0.05058089758  
0.06951105978  
0.1491912449  
-0.4682032054  
-0.5450141429  
-0.8977850407  
0.235148081  
-0.3357762174  
-0.6845725156  
-1.807190536  
-0.4652637164  
0.683445691  
0.2208480604  
-0.5535521903  
0.9260095723  
1.36325744  
0.9573136311  
-0.0007041071802  
-0.1579638848  
0.2540471993  
0.1362623325  
-1.287060979  
-0.5999678547  
1.424942279  
1.521005522  
0.2221358606  
2.263707744  
3.593910907  
1.39387676  
-1.767828149  
-1.994313097  
-0.9622971076  
0.2748030433  
-0.4496223791  
-1.301822221  
-0.1389547083  
0.7015887128  
1.101457574  
0.3080055136  
0.5474469716  
2.506186561  
3.895197942  
-0.1816880689  
-1.51523293  
-0.3203384345  
1.258401715  
1.588240115  
1.021344891  
-0.465830194  
-0.5000481755  
0.8068358668  
0.6070492267  
-0.6289319234  
-0.1860683412  
1.537285368  
0.727713176  
-0.3897211234  
0.7662106433  
1.696715581  
-0.5751350781  
1.787714417  
0.198608247  
1.261078384  
0.2096789988  
-1.689282872  
-2.795889645  
5.256369075  
4.281187147  
3.032813823  
2.959499199  
2.110711381  
0.1621701721  
-0.4664607222  
-1.348766267  
0.1899918531  
0.2316750435  
0.2450635841  
0.6384718562  
1.061501777  
-0.9676709211  
0.01179869045  
-0.72943758  
0.1993311401  
-0.6870387593  
-0.7858242197  
-0.4982718487  
0.3066911892  
1.553650949  
-0.4327966726  
-0.3627338267  
-0.4923230026  
-0.7170680793  
-0.4160811082  
-1.258561548  
-2.191117969  
-1.135684152  
-0.9511533011  
-1.674810595  
-1.943429867  
1.347001436  
0.4718981547  
-0.4203761372  
0.1756279722  
-0.9199355545  
-0.2246506227  
1.052767751  
1.05305525  
0.2432769507  
-0.48136475  
0.4819687241  
0.6880364482  
0.9470127162  
-0.08926100891  
-0.3320425437  
0.6694832429  
0.5378900519  
0.03332657321  
-0.004463388612  
0.1796055222  
-3.39533207  
-4.656702707  
-2.848728478  
-5.529944246  
-4.650657765  
-3.842453139  
-5.044202821  
-5.491273254  
-5.838228955  
-4.641790036  
-4.10673778  
-4.098947389  
-3.235010542  
-3.752866119  
-2.888506396  
4.500894101  
5.708523495  
2.358479498  
0.5475852153  
2.360423324  
2.953212692  
3.270477126  
3.0959548  
2.210555624  
1.64906145  
1.728805784  
1.920855461  
0.4981028154  
2.050949129  
2.188996268  
1.571369414  
1.565431276  
1.038786011  
2.007920903  
1.95488264  
1.261439734  
1.217891302  
1.444283183  
2.135379139  
2.107314967  
-0.4748647778  
-0.3546257663  
1.026294775  
0.7634243099  
1.441202806  
0.4621166601  
-0.0407980659  
0.1613304605  
1.318038267  
0.838085435  
1.59176287  
2.1924604  
1.937722493  
1.193817516  
1.691380543  
1.334610273  
0.9242321543  
-2.298895248  
-1.435886162  
-1.730705557  
-0.2857980243  
1.236085315  
1.06470831  
-0.4748447376  
-0.4505267814  
-2.870516453  
0.3461300658  
-0.9317762025  
-2.741417484  
-2.36649574  
-1.270087345  
-1.895820966  
-1.943648657  
-1.192661707  
-1.001410741  
-0.7236418779  
-0.7310328078  
-1.659775321  
-0.8022218762  
0.1008967513  
0.7044503481  
-0.08960753359  
0.09283919072  
0.2309396816  
-1.462257207  
-1.079478431  
0.4671838783  
2.894731336  
-0.9196024458  
-0.9237667449  
-1.511168939  
-0.06559654084  
-1.531524479  
-0.3646918878  
0.03407651021  
-0.3865808133  
-1.6237997  
-3.117290427  
-2.252097048  
-0.2689600213  
-0.2820683743  
-1.853260583  
-2.42536876  
-2.276077566  
-3.181069241  
-2.570919295  
-2.925429269  
-3.076407854  
-1.281555974  
3.0477575  
6.890418625  
8.47781835  
6.692950925  
2.035165924  
0.3316130793  
-1.016504011  
-0.7537532285  
-0.7167806546  
-0.678741953  
-1.004430822  
-1.418255487  
-0.5273886323  
0.03691736818  
-0.06127109701  
-0.612424452  
-0.06604780224  
0.7802474017  
0.1513580278  
-0.7760573346  
0.03957414374  
0.1512096402  
0.1444553145  
-0.3426914427  
-0.8950207341  
-1.11571128  
-0.4898937827  
0.7672848016  
1.246869442  
1.031312966  
1.528132258  
1.643126999  
1.80681467  
1.361261615  
0.5866163003  
0.6203006354  
1.005035117  
0.9870329356  
1.905522274  
1.341531138  
2.23247074  
4.019854214  
4.31643556  
2.806449548  
0.9148766852  
2.063906465  
3.245309411  
3.143309442  
-0.4831192607  
-0.5900876868  
0.2978029507  
-0.874305861  
-1.003977444  
0.2448139665  
0.1825515554  
-0.07398068249  
-0.3354592679  
-1.092795782  
-2.295774033  
-0.8672727682  
-0.5103041244  
-1.156122745  
-1.898295804  
-0.7361218572  
0.355819585  
-0.4285926917  
-0.8224317859  
0.6961378399  
1.215195951  
-1.168880665  
-0.1848786578  
-2.067461455  
-0.7007674489  
-1.407336604  
-0.3829009809  
-1.417473565  
-1.980294741  
-2.427804533  
-0.3848598968  
0.05968676232  
-0.3048470133  
-3.634741477  
3.200040908  
2.836536049  
0.3074965539  
2.484966606  
0.7918281856  
-0.6713953624  
-1.788126367  
-3.173436647  
-3.287265658  
1.869575462  
-2.131976269  
-1.223276202  
0.4800206287  
-1.49323776  
-1.659183884  
-0.3590012814  
-1.783671846  
-0.9043528003  
-1.527568259  
-1.950362457  
-0.7351179743  
-1.844738777  
0.3667394792  
-1.094722322  
-2.271250568  
0.8055587242  
0.8968422327  
-2.834469292  
-2.853156226  
-1.757000788  
-2.731190053  
-1.68011287  
2.744172119  
3.300329516  
-1.076805537  
1.400713906  
0.6034190258  
-1.054956234  
0.3761891436  
2.320414449  
2.24596517  
0.2732194194  
1.506689698  
-4.194637599  
-0.2019760165  
4.73247422  
3.626931102  
2.055925905  
2.937143905  
2.854276294  
-0.09608237005  
-4.834769646  
-2.526037237  
-1.08727108  
-3.280077177  
-0.7055477986  
1.552111286  
2.697622118  
1.364699838  
0.6596980707  
-1.730128444  
2.611188241  
5.102690706  
1.74397167  
-0.7678484972  
3.707287397  
2.993952855  
-3.366434758  
3.727246226  
1.436085387  
-1.20301327  
1.337351833  
-1.562065353  
0.7101180568  
0.8615984127  
-1.502233653  
-2.063795991  
0.341838549  
-0.1690326233  
-2.749244988  
-2.239318719  
0.8563451105  
-1.085832202  
-2.870502168  
-2.394039578  
-0.1502778542  
0.4483530799  
-2.091991801  
-2.147664919  
0.2646374929  
-0.07981005621  
0.8457987513  
1.307621498  
3.394409073  
2.532842129  
-1.85269454  
0.3185520015  
0.8108162247  
-0.1751672416  
1.538620647  
0.8807890393  
-0.2086908178  
-0.7703206765  
0.2082573117  
0.7204498815  
0.8148882508  
1.867845303  
0.08144377194  
0.5899093487  
1.188572729  
1.961025042  
-0.3478424613  
-2.133393476  
0.01340688355  
-0.2105448902  
-2.408615036  
-2.072468347  
-2.667985808  
-2.703022907  
-6.478581442  
-7.748062485  
-0.5741683087  
0.4209628191  
-2.524907768  
-0.2568311341  
0.4701861769  
2.065831128  
5.413308637  
1.276678343  
3.40476106  
-0.1028658959  
0.2599086738  
1.563134877  
1.131829893  
-0.4772958362  
-2.014568943  
1.542592756  
2.555642244  
1.906435291  
1.8412865  
0.6922396124  
1.962987273  
0.7679509991  
0.8267382737  
0.9976785165  
2.215876059  
-0.1068378424  
1.885437565  
0.5261426378  
0.6804392325  
2.230022852  
1.011277141  
-0.2520777288  
-0.8288348103  
2.355322902  
1.284681091  
-2.509812662  
-1.191937683  
1.627893922  
-0.2933644706  
-0.8984479031  
0.7158463024  
-0.2699936013  
-3.034663033  
-0.6512987535  
1.20324241  
-1.079472086  
-1.994522895  
0.0446710238  
-0.09585925275  
-1.051411384  
-2.995756165  
1.927979761  
1.816937276  
-2.353157021  
0.8769389626  
2.435027429  
1.414349916  
0.4306146495  
0.7435127425  
-3.743694307  
-2.060904684  
2.283138579  
1.563584412  
0.3178042264  
-1.149999861  
1.811726788  
0.2438722782  
-0.5993259562  
-1.720752495  
-3.632336162  
-2.010826353  
-4.310518831  
-3.665794654  
0.4407905291  
-2.046265279  
-0.6861253785  
-0.4135536032  
-1.215522238  
0.4178200775  
-0.02712630547  
-0.7778120013  
-0.622925385  
-1.265314406  
0.580634556  
1.146648857  
1.23352442  
-0.1835063269  
-0.1195638707  
-4.439079478  
-3.649856569  
-5.264096756  
1.18205825  
8.419342416  
3.886365857  
1.534983654  
-3.201986065  
9.475221482  
