0.8173864781  
0.2431602183  
0.2391156157  
-0.2036041081  
-0.4059940101  
-0.1390542041  
0.3637460488  
-0.2587420132  
0.1746754028  
0.2558957327  
0.4707324298  
-0.4717094617  
-0.4356467855  
-1.072754859  
-0.7545260601  
1.213178764  
0.4533252839  
-0.7736673591  
0.1737890186  
-0.5366443108  
0.5620547402  
0.7693333522  
-2.035512445  
-2.190423674  
-0.6782049452  
1.006490199  
1.251068258  
1.201366786  
-1.200254491  
-0.6140811493  
0.9077381574  
0.2177174874  
1.106438337  
-0.1602195465  
0.04445994594  
-1.166780596  
0.2819363906  
0.4250425795  
0.5259847533  
0.5568398029  
0.4896629958  
-0.4112863256  
0.5164554057  
-0.469511881  
-0.2504705839  
0.008364159268  
-1.181578088  
0.1066897906  
-0.2365007571  
-0.6826634345  
-1.161288859  
-1.40934549  
-0.3873670162  
0.8778269864  
1.364437192  
0.231848741  
-2.207333355  
-1.419670996  
0.05018530753  
1.425916918  
1.404193247  
-0.4550396859  
-0.3457966955  
-0.6980152988  
-0.8259957465  
0.898801034  
0.3767554267  
-0.05641336037  
-0.9495920106  
0.4355540018  
0.3640701282  
0.1349891337  
0.4706288599  
1.45206085  
1.623995261  
0.3316272264  
0.01301705404  
0.7697503872  
0.180283823  
0.8033084718  
0.2404185779  
0.3509202448  
0.1564365602  
0.1660431307  
-0.5712323945  
0.6431777008  
-1.262199112  
-0.4485619343  
-0.4492547938  
-1.47236197  
-0.07149676336  
0.07914500704  
-0.2165918068  
0.8570067668  
1.571939992  
1.905646736  
-1.07381319  
-1.089177498  
0.6697997379  
1.521518413  
-1.138927783  
0.1403328231  
0.6805899183  
1.047564067  
-0.6330386333  
-0.107973757  
0.2592840141  
-0.3032343049  
0.3293306701  
0.9460493922  
0.2884616817  
0.7912727149  
1.600469855  
1.420327787  
-0.7346169241  
-0.4311956966  
0.0171010229  
0.05579681819  
-1.130216132  
0.02670586973  
1.815737028  
-0.361294728  
-1.518278397  
-1.920466014  
1.119039345  
-0.4531654572  
-0.3149497041  
0.6658343207  
-1.461425736  
-0.3607879953  
-0.8150757801  
-0.2190398252  
0.4496437794  
0.7385220077  
1.97417984  
0.4578740595  
0.755660161  
-0.5761313386  
-0.1930354759  
1.348695358  
-0.1242636426  
1.491958665  
0.8534352296  
0.2300013343  
0.002479286044  
1.125927227  
1.792418577  
0.6155413695  
0.7473965173  
-1.496066093  
0.6979192578  
-0.2908131418  
1.866830502  
0.543200289  
-0.02859410861  
0.4672646268  
0.8763639196  
0.3608680798  
-0.1971797954  
-0.2325524482  
0.3311764059  
-1.76839495  
-0.4253190714  
0.8135508385  
1.293480522  
1.134060824  
0.2688187747  
-4.26151817  
-3.645606813  
-4.116941402  
-2.321281368  
-0.3960144661  
1.083012357  
-0.333113772  
-0.1563308378  
-0.6469403803  
-0.699111021  
0.5822449772  
0.4042060334  
0.09111664836  
-0.3651680633  
-3.133728121  
-4.387606123  
-4.468359983  
-3.255673201  
-0.546726904  
-0.1350171986  
-0.9635571664  
-0.3733984276  
-3.281272199  
-0.3504871432  
-0.3702140493  
-2.242830563  
-0.2966386368  
-0.8159891331  
-1.19673118  
0.9409586243  
-0.9232895498  
-0.6892940396  
0.9905766681  
1.836862164  
1.782962714  
0.5285177219  
-0.00356899247  
0.05461321738  
-1.505471686  
-0.5634120075  
1.179931815  
-0.0650740197  
0.4974748117  
0.4990672975  
0.4465166752  
1.099245255  
0.197321187  
-0.3453016581  
0.5669980584  
-0.4626840946  
-0.2339003719  
1.232124248  
-0.4416341921  
-0.8277618091  
-1.202497609  
1.114123242  
1.900624289  
2.431291414  
1.731971743  
-0.1207846926  
-1.748935935  
-0.1975637579  
0.7796854999  
2.448193499  
2.122233884  
2.501800504  
0.1218003858  
-0.3781177732  
1.083087848  
-0.7741055672  
-0.5350055752  
1.331681839  
0.9063982604  
1.599733399  
0.4063082226  
-1.499203514  
-0.6981157048  
0.7857568664  
-0.6497317216  
-1.273526096  
-1.250482904  
-1.920371917  
0.2336680568  
0.4200005597  
2.134594275  
1.513582362  
0.648854529  
0.8984752184  
-1.384629354  
-0.2421472498  
2.22093442  
3.301655264  
0.4171108668  
0.1660691234  
0.6175775253  
-0.3490646475  
0.3280114607  
-0.05455174661  
0.2372382483  
-1.190091218  
0.8438597867  
-0.2602794889  
-0.3054960987  
0.03794852282  
-1.210018127  
-0.3978415109  
-0.204527274  
-0.5841541557  
0.034526761  
0.4257991967  
0.152010061  
1.28919856  
-0.6338917746  
0.5644941456  
-1.780602857  
-2.347403497  
-1.008322586  
1.144714366  
1.560522621  
2.971126265  
1.503999381  
0.5976164072  
-1.065594222  
-1.056815172  
-1.909835847  
-2.108081736  
0.003302649207  
1.559408244  
-1.329348449  
-0.8197794808  
1.073757939  
0.7129302847  
0.9322244416  
0.9151661946  
-0.6670523658  
-1.434031303  
-0.3307135612  
0.1220110401  
-0.3776369858  
-0.571869255  
-1.080130819  
-1.166822944  
-1.427105023  
0.6791287708  
-0.06470223569  
-0.4663233949  
-1.404072453  
-0.3438185303  
0.2234376451  
1.036378268  
0.3231159201  
0.4224927351  
-0.2254301787  
-0.7256996954  
-0.5707694846  
0.1359780862  
0.9931701102  
1.691407238  
0.9046590011  
0.84617303  
1.264430423  
0.6164499517  
1.057302927  
0.5150456425  
0.1000506986  
0.5431527599  
1.014129421  
0.5034497829  
0.494978811  
1.17551739  
-0.9551021102  
-1.154874639  
-0.5599520547  
1.543374394  
2.418228425  
1.821919649  
1.890352516  
1.022909379  
-0.6279777249  
-0.6014705932  
-0.3153554682  
0.20519305  
-0.09680319887  
0.8808265768  
-0.5753426503  
-0.5578382976  
0.113385671  
1.063639635  
0.7506393455  
0.638628765  
0.8118535413  
0.09729475484  
-1.261994878  
-0.4148637595  
-0.2823861884  
0.2591992161  
-1.39549376  
-2.742327452  
-1.548158726  
0.6492320257  
-0.219531962  
-0.07781832708  
-1.060305484  
-1.53472356  
-1.337564731  
-2.975187659  
-1.944467487  
-0.7371599844  
-1.397053715  
0.4268415507  
0.08307223975  
1.47153158  
1.721245469  
1.780013678  
-1.128050415  
-1.313902801  
0.4223206095  
-0.66552681  
0.5299590428  
0.6294400252  
1.425882347  
1.083032073  
1.412981299  
-0.109142446  
1.206594623  
0.2668915296  
1.233245483  
0.2840839135  
-1.297727984  
-0.3377427456  
0.3382156559  
0.2242030166  
-1.534684131  
-2.528828802  
-0.9127266774  
-1.694231308  
2.031237693  
1.517471612  
-0.4387843328  
-0.2466361104  
-0.916229507  
-1.24637491  
-0.7021775036  
2.897322831  
2.154855256  
0.9163732077  
0.760400963  
-0.7632251942  
-2.139740554  
-1.79746904  
-1.826962766  
-0.05227286572  
-0.01822753916  
0.1711068532  
-0.970416932  
-0.9126685634  
-1.338678126  
0.5193394664  
0.04287679865  
0.6955122297  
-0.008158933149  
-0.403868043  
-0.8551278042  
-0.4793056691  
0.09889717205  
0.7564082174  
-0.9358628973  
-2.395804234  
-2.564425758  
-1.029896864  
0.868941989  
-0.3013558939  
2.116665721  
1.351705925  
-0.5221291294  
0.1529061201  
-0.3921270409  
-0.05224314245  
1.49317321  
1.177715025  
2.656505907  
3.057786581  
2.076423838  
1.505816358  
1.457941006  
1.008998995  
-0.4130349044  
1.02945987  
0.7863664775  
1.116380177  
1.907878575  
-0.5884183347  
-1.99675389  
1.484205511  
4.669938072  
0.8107845379  
1.517090098  
1.892541094  
0.8442449801  
-0.1781126557  
-1.424451912  
-0.4491568627  
-0.06622414863  
1.215910158  
1.184426608  
1.674720497  
1.144128071  
1.796543314  
2.619396873  
0.1289357512  
0.4726022482  
-0.7662028973  
0.3941257375  
0.3305938873  
1.882112165  
2.030743969  
2.11632236  
0.9989463233  
0.216449083  
1.138985663  
2.180613673  
2.894909738  
4.412772907  
3.208186987  
-3.235521375  
-4.973047719  
-3.51493432  
-2.899630056  
-1.654249497  
-1.421675411  
-1.573586158  
0.397589355  
-3.827435514  
-3.064889191  
-3.907967444  
-3.196852908  
-1.881471691  
-2.415167192  
-1.371463622  
-2.179763951  
0.06322798832  
-2.403912666  
-2.824432151  
-2.222779233  
-2.637381233  
-0.7854206015  
-2.83061087  
-1.794924789  
-2.068489421  
-1.604493009  
-2.46099347  
-0.8887267859  
-0.4130052683  
-0.4055349346  
-0.06898649888  
-0.3535264561  
-0.007928154411  
-2.074004663  
-0.3413891584  
-0.08723064116  
-1.240569724  
0.1800107873  
2.040861831  
1.627141516  
0.5528767458  
1.106313713  
1.114482685  
0.4737567828  
0.3133916241  
0.3833955832  
-0.3527922859  
-0.9756401309  
1.10368864  
1.766200691  
1.708727241  
-0.08266040129  
0.4326484966  
0.1392125638  
-1.119211961  
-0.3059798844  
0.7142880711  
0.3740552396  
-0.08335941784  
1.207482758  
0.3586350575  
-0.1618394629  
1.431385371  
0.1227307968  
-1.171408384  
-0.8787723317  
-0.6076978913  
0.06778076889  
0.5721210614  
2.314282362  
7.33376995  
1.364361751  
-0.7572518253  
-0.304025451  
1.973118142  
1.150942725  
1.810152944  
0.06731749225  
-0.6006332446  
0.415598961  
0.1959047224  
0.3550873178  
0.474555055  
0.3055025426  
2.021637179  
0.2815945702  
-0.7882426633  
1.532950564  
0.4284298028  
-0.01804677064  
-1.400410745  
-3.081452099  
-2.073208713  
2.358894843  
-1.41588142  
-3.73969263  
-2.715172111  
1.146092736  
-1.01214175  
