-1.034969357  
0.2433388872  
-0.8889899109  
-0.7714476595  
-0.6794256891  
-0.2306408826  
-0.1109656136  
-0.3285604016  
-0.5516178097  
-0.2070739476  
0.1385262447  
0.3929320123  
-0.9478985548  
-0.9171971003  
-0.5077127811  
0.7141944297  
1.585305967  
-0.3274559476  
-1.35277755  
-1.021118701  
-0.09580171061  
2.150953506  
2.118352768  
-0.1445931903  
-1.028562239  
0.8187552217  
1.970452984  
1.400890868  
0.746457865  
0.6898863758  
2.141363138  
2.843621058  
0.4142326012  
-0.5631768241  
-0.2564915541  
0.7707446587  
0.8669454684  
1.324792057  
0.3425404839  
-0.5827124245  
-0.1628523922  
1.161237004  
1.480622581  
1.080244836  
-0.102607903  
-1.015576726  
0.5054546505  
1.382066422  
0.5082799184  
-0.6748009062  
-0.9920809618  
-1.418873542  
-0.1626393688  
0.2330933835  
-0.32845968  
-1.124942156  
-1.28035489  
-1.178913436  
-1.079165902  
0.1538906988  
-0.3600920945  
-1.177922739  
-1.725522904  
-1.993897446  
-0.08714690292  
1.886764808  
-0.4674899219  
-0.9507354473  
-0.2439019239  
0.3318840803  
-0.2159564605  
-1.631707996  
-0.5247386369  
0.6870722595  
1.04488081  
-0.3254752265  
-0.1417319167  
2.505511951  
3.759135904  
2.007742386  
0.4446654811  
1.422267769  
1.778826419  
-0.3553846436  
-1.089570025  
1.363636024  
2.312283724  
-0.3184880079  
-0.2591631466  
2.50363508  
1.602766976  
-1.204325071  
-2.546266015  
-1.712140285  
-0.7180777966  
-0.07004465031  
-1.321654645  
-1.630490034  
0.3359338851  
1.226657479  
0.2368176755  
-0.5996736443  
-0.7151724264  
-0.0487047907  
-1.161985463  
-2.897727789  
-2.579662922  
-2.540893113  
-1.881879929  
-2.167525919  
-3.025238051  
-2.390531654  
-0.3932291003  
-0.6466057015  
-1.926604862  
-2.036820116  
-0.4685599008  
-0.06331050854  
-1.790726964  
-3.506738082  
-2.456646305  
-0.6777926826  
-2.201666906  
-1.298469113  
-0.9030031651  
-1.086127239  
-0.9396865524  
-0.09430948232  
-2.05010133  
-1.091870366  
-1.277355158  
-1.522921204  
-2.631949289  
-2.940257214  
-1.761242478  
-1.722067602  
0.5261686958  
1.039519287  
-0.1806242539  
1.378103347  
1.833217984  
0.3238723518  
0.6835782976  
1.616702949  
0.302034372  
1.321767869  
1.298583127  
0.001793848301  
-0.01054684952  
1.32094652  
0.3813800852  
-0.1280815316  
0.4710319309  
0.157811146  
0.6391889681  
1.11296202  
1.243391416  
1.282837835  
1.44329422  
1.022458235  
0.8091499077  
-0.286188959  
1.54812062  
0.9254816235  
0.03331270611  
0.706631667  
2.003806716  
2.624023795  
4.407547923  
2.82879087  
2.304217906  
2.204558925  
2.905248112  
1.873627976  
1.051493957  
1.414944514  
2.806990908  
2.924070358  
2.014697929  
1.629366894  
0.3606173806  
-2.272939336  
0.8990288161  
1.503687484  
-0.229038661  
0.03883990061  
-0.512345385  
-1.183547363  
-1.119417697  
-1.293978436  
0.1433714305  
0.6233910513  
1.02132056  
0.3146992901  
0.01510100773  
5.441018617  
3.900141783  
-4.39652783  
-1.07575492  
-1.414751095  
-1.177168946  
-0.5060853416  
-1.382415489  
-2.015099175  
-0.8423668732  
-1.365627592  
-2.091227666  
-1.01564472  
-1.211062171  
-1.13130109  
-0.1844170168  
-1.66495778  
-0.53534364  
-0.1639930326  
-0.8175763034  
0.299213045  
-0.945900762  
-1.000951866  
0.5062901226  
0.7527328034  
0.5989524023  
0.2007059097  
-0.4441101187  
-0.3716007426  
-0.7971049324  
-1.163367071  
-0.01511955678  
-0.3777048824  
-0.4078595106  
0.3900049012  
0.3771056868  
0.08089763343  
0.5886128929  
1.31585954  
1.029307227  
1.793585127  
2.917337434  
0.8390897581  
0.1148873135  
0.4668940245  
0.3680765483  
-1.274902895  
-0.9694258046  
-0.8401236325  
-0.9663717236  
-0.9966884879  
-1.237024046  
0.02674993042  
-0.7993071973  
-1.165917967  
-1.464870051  
-0.5992759541  
-0.3451391507  
-1.16886555  
-0.2764287604  
0.1099943749  
-0.2533384309  
0.3913491579  
0.1797216567  
-0.5329022233  
0.775584378  
1.917057822  
1.549753151  
0.7879781869  
2.230682701  
1.65891534  
0.9721412948  
0.9108565495  
-0.9570062922  
-0.4529468725  
-0.04565395036  
0.110637824  
-0.07977980107  
0.8945960284  
0.6520269061  
0.3193508986  
-0.1222966645  
0.2440561909  
-0.3347796443  
-0.5142691141  
0.8336760042  
2.238486811  
1.841029655  
0.5231794055  
0.7214925271  
0.7477283124  
-0.3040873927  
0.08300028488  
1.088656419  
0.8109803289  
-0.716511102  
-4.461442781  
-3.870721521  
-2.484490177  
2.038916018  
0.7949178903  
0.1581989794  
-0.3321232749  
-0.1025170593  
-0.2369567182  
-0.09984197337  
0.09212416851  
0.5273653075  
0.1942371827  
0.1573784282  
-0.009536032558  
0.4872559188  
0.9786151049  
-0.0560089792  
-0.2782661399  
-0.3729855426  
-0.103461686  
0.344130488  
1.03301582  
0.1015886364  
-1.04071857  
-0.836716698  
-0.4012163402  
-0.2907764499  
-0.6226506276  
-0.4237247387  
0.4574549882  
0.1794354963  
0.2154779922  
-0.3112410604  
-0.5342324495  
-1.005211385  
-0.508228264  
0.07071412926  
-0.3721696728  
-0.8492540624  
0.4410445843  
1.548543913  
1.021947229  
0.1472249042  
-0.5700206414  
-0.7627958632  
0.1997096432  
0.09078280047  
-2.382077705  
-1.031542869  
-1.536003348  
-2.464931593  
-2.174126029  
-0.6690894503  
-1.186398149  
0.2593355683  
-1.54640087  
-2.40265196  
-0.6902053932  
0.1392624618  
-0.4575040626  
-1.099208561  
-0.9713995344  
-0.5190980112  
-0.8672775803  
-1.108332787  
-0.7349202531  
0.2595811857  
0.2527674061  
0.1236483399  
0.2949223532  
-0.4013519456  
1.11678615  
2.263135654  
1.912010876  
1.658485611  
0.542257392  
0.3932298679  
1.850778423  
2.315547643  
3.057383598  
0.3745459018  
2.074746535  
1.664816039  
1.109650288  
1.566652681  
-0.6191074747  
-1.188724303  
-1.003217656  
-0.7248709515  
-1.342397881  
-0.5129689087  
-0.8033250438  
0.7241350627  
1.356078922  
-0.3243520408  
1.688118619  
0.7239752804  
0.06271303839  
0.9268397068  
0.8919929971  
0.671159764  
1.924787666  
1.612653382  
1.654639452  
1.209269503  
0.4466065073  
1.22358593  
0.767104919  
0.294047843  
1.072211141  
1.21599915  
0.9201185567  
-0.9469735307  
-4.460815944  
-2.855962305  
-2.346915293  
-0.4279029232  
-0.2008005621  
-0.6946967366  
-1.608843725  
-0.7894267234  
-0.6006914931  
-1.959117455  
3.575230489  
6.65911959  
0.2839405448  
-0.6121062783  
-0.3909390506  
-0.1998555403  
-0.8662072249  
-2.011492338  
0.175957074  
-0.1398884389  
-0.5687925875  
0.2626519533  
-1.340464747  
-1.868431514  
-2.243482424  
-3.907629055  
-3.634005095  
-1.334808553  
-0.405842212  
0.4669853231  
0.7251557448  
0.6860111185  
0.8640344965  
-0.989388948  
-1.206344427  
-4.284153923  
-0.05955936604  
1.517602404  
-0.180140461  
-0.9135002081  
-2.480110455  
-2.503098711  
-1.790015514  
-1.029923181  
-1.590055967  
-2.211560181  
-2.147376916  
-1.016802591  
-0.1529566726  
-0.8638353567  
-2.242084774  
-2.698036295  
-2.288450088  
-1.498005141  
-1.31310609  
1.299079569  
2.563091791  
1.670924336  
-0.05642633716  
1.643166305  
1.954900601  
1.863123806  
1.868301424  
1.1045354  
1.432701649  
2.392334191  
2.159787463  
2.682349066  
1.769535011  
1.522070325  
1.498309735  
1.494313284  
1.798820052  
1.592348702  
1.804752152  
1.152742826  
0.1719766881  
0.3738890185  
0.5199497251  
-0.339979179  
-0.3324280419  
-0.1966015606  
-1.212668722  
-1.438187788  
-1.375463  
-3.288275163  
-4.5273153  
-0.9094880112  
1.775218137  
-0.03510533872  
0.5149159103  
1.141933879  
2.297237901  
2.899549863  
0.1917363323  
-0.4988185462  
-0.6297518607  
0.411644311  
-0.1156210432  
0.95619915  
-0.5305448064  
-0.83694134  
1.602218108  
1.42456558  
0.7112965688  
-0.6870913061  
-0.5089505289  
0.4289878267  
1.118328219  
2.301330833  
0.9463582862  
2.27782832  
1.09339693  
1.843231783  
1.217975226  
0.2470784603  
0.5591394403  
0.3673849431  
0.7163252173  
-1.257854989  
0.5297883578  
1.549453623  
-0.3087009419  
-1.550360773  
-0.06703512648  
0.01955641067  
-1.300759486  
-0.4384397021  
0.108143039  
-1.097543344  
-0.6229315476  
0.6860863269  
1.545957973  
-1.041263724  
-1.316926272  
-0.5102583624  
-0.1430062667  
-0.7272790841  
0.5911362474  
2.144175694  
0.9084143593  
1.063253693  
1.774518635  
1.642001993  
-0.184540536  
-0.3177298495  
-1.735261831  
-1.341476337  
0.5119737029  
0.8549075685  
-0.5090882457  
-1.16850038  
0.9026535403  
1.558107689  
0.2906545206  
-0.5223107253  
-0.2630215372  
-1.293653469  
-3.862988025  
-3.911546722  
-0.484909915  
-1.043456661  
1.256752754  
1.304793939  
0.84695115  
0.8973503411  
0.3435337932  
-0.3630356925  
0.52091915  
-0.5644375883  
2.22525002  
1.865827285  
1.936042137  
2.045286962  
0.08216405872  
-2.336039323  
-5.23680545  
-6.666200797  
-1.613422246  
6.22895748  
-3.118758027  
-0.3978701865  
-1.367370329  
2.332297494  
5.943948934  
