-1.10809159  
-0.07484470274  
0.5360677223  
-0.5719897681  
-1.092392562  
-0.7817240869  
0.6336675288  
0.4357317618  
-0.6243212761  
-0.8474181624  
-0.99346109  
0.450868434  
0.9237795591  
0.147533859  
-0.7443496758  
-0.4895601967  
-0.04495242274  
0.09984456819  
-0.1775019799  
-0.3762870072  
-0.7496339152  
0.1649971046  
1.044862302  
0.9802343461  
-0.1872588425  
0.3464592005  
1.157487806  
1.677307458  
1.169668171  
0.1998019679  
0.4107134276  
0.9237759294  
0.6955904152  
0.522953568  
0.04822376014  
-0.2950085466  
0.2174315394  
0.5513600441  
0.3839971063  
0.5711146146  
-0.1706798161  
-0.1481845876  
0.2043839978  
0.9458535513  
1.258428878  
0.2450836637  
-0.08073731116  
0.3774898632  
1.108911555  
1.105104355  
-0.1101966836  
-1.188855792  
-0.309789186  
0.1453963226  
0.9064029724  
0.754133333  
-1.06076556  
-1.888760745  
-1.586737298  
-1.09554658  
-0.370958704  
0.2669320413  
0.04131568017  
-0.8136484085  
-1.162485113  
0.6770544088  
1.157086977  
-0.4564197201  
-0.8128679114  
0.03433285197  
1.005751069  
0.68327219  
-0.4151996191  
0.08003617247  
1.212370122  
1.319205826  
0.8048053617  
0.5518831559  
0.9252034428  
1.624972238  
1.176678615  
-0.07298773733  
0.412787985  
1.572026076  
0.8237049327  
0.3596133794  
1.401614275  
2.278722591  
0.526645227  
-0.8837753533  
-0.8461678179  
-0.1776053826  
-1.197817983  
-1.821544912  
-1.112883072  
-0.1141349642  
-0.06316409289  
-1.072491362  
-0.9524531298  
0.7340354597  
0.7167447233  
-0.9478757746  
-0.9574651186  
-1.602195917  
-1.094973141  
-1.430211761  
-1.925086327  
-1.998624082  
-1.615552921  
-0.9196697934  
-0.7371696582  
-1.301303143  
-1.213163592  
-0.275433704  
-0.3314363113  
-1.170309718  
-1.450618191  
-0.09801901712  
-0.6537185295  
-1.412863983  
-3.193091719  
0.05821464371  
-0.7488270942  
-0.1727235872  
-0.8333714647  
-0.5700129188  
1.122325363  
2.830690976  
-0.335430039  
-1.424831439  
-1.123948011  
-1.007913698  
-0.4800066937  
-0.9971498073  
-0.3464162137  
1.347054337  
0.8212082536  
1.635313621  
1.175718392  
0.98355354  
1.82611492  
2.567844363  
1.792348476  
2.587002092  
2.334579363  
2.733775212  
3.20702427  
3.889233596  
2.793517463  
2.883139675  
3.03867589  
2.158896517  
1.771766519  
1.909498393  
1.386513498  
0.9785181019  
1.687391381  
1.958873182  
1.183754976  
1.185940726  
1.492837257  
2.478858124  
1.823826613  
0.9867543603  
0.7949498766  
-1.222544633  
-0.7195710608  
0.2692390362  
-0.8837894221  
-0.8650731647  
-0.5167066029  
-0.534514846  
-0.6505687675  
0.0341993847  
-0.6712801874  
-1.332135041  
-1.75636876  
-1.707777437  
-1.427901456  
-0.1928845712  
-0.3914949369  
-5.373670705  
-9.411794748  
-7.75951276  
-8.531921143  
-7.769699873  
-6.822261207  
-6.974502168  
-7.113585362  
-8.155612601  
-7.73372531  
-7.413357569  
-7.009480753  
-6.52404232  
-7.025079598  
-6.624278401  
2.878639586  
2.430284325  
2.673119288  
3.375280267  
3.016374095  
2.723365487  
2.524110681  
2.197248913  
2.566137961  
2.836169741  
2.310052347  
2.265672656  
3.481607101  
2.649578309  
2.435559395  
2.767691317  
2.660339497  
2.938112313  
2.766881964  
2.276530282  
2.689142171  
2.596181716  
2.442332892  
2.511528662  
2.041078036  
1.800381622  
1.445592681  
1.721720112  
2.288278773  
1.994504203  
0.6672760786  
0.6540481147  
0.8312721513  
0.6593583594  
1.146805863  
1.431443197  
1.073771981  
0.7498740001  
1.225756308  
1.761082239  
-0.4693045777  
-0.891312812  
-1.789282068  
-1.637554154  
-1.549117232  
-0.9951292261  
-1.399494393  
0.3047323821  
1.687186882  
1.358797912  
1.434522983  
1.990402149  
0.6360332341  
0.6462677991  
0.8183551146  
-0.01209659494  
-0.5912784776  
-0.2148536332  
-0.1529501581  
-0.5144547473  
-0.03030063058  
-0.5002191597  
-0.4910048649  
0.2435137983  
-0.03965916962  
-0.6751717874  
-1.441003916  
0.4899956222  
0.1167200698  
-2.136074614  
-1.963380857  
-0.09288027083  
1.828050047  
0.4254521956  
1.534041038  
0.7512220794  
0.7460349336  
-0.102748643  
0.8396446436  
1.291798666  
1.034767474  
0.3679888025  
-0.6016257653  
-0.467838738  
-0.6841784807  
-2.006512357  
-1.321412694  
-1.174619328  
-1.470046649  
-1.109617137  
-0.423151811  
-1.202602765  
-0.8459969127  
1.952252259  
2.056584364  
-0.3246939324  
0.3826736038  
0.7481938566  
1.301747528  
-0.4939082448  
-0.2011330501  
-0.2704296205  
-0.07302606185  
-0.2284839209  
0.002781603548  
-0.01973129134  
0.07409586131  
-0.01857935862  
-0.01364167004  
0.2413337211  
0.1821616436  
0.4377126449  
-0.155731874  
0.09831541466  
0.4007460602  
0.4796149249  
0.5426001204  
0.983664157  
0.6755415884  
0.3623788582  
0.2766423396  
0.280413356  
0.3292992775  
0.6915527441  
0.7196085936  
0.401927181  
0.6920693949  
0.2177547249  
0.1951884139  
0.223263779  
-0.1361186423  
-0.2454178027  
-0.5077120239  
-0.5996642471  
-0.6103931838  
-0.6256400911  
-0.7212015684  
-0.7481104363  
-1.577204078  
-1.6455108  
-2.469116965  
-6.310773005  
-5.079041838  
-4.581436035  
-3.606904497  
-3.264604856  
-2.918981225  
-3.099997529  
-2.7451589  
-0.9475284325  
-0.7043640595  
-0.9868621441  
-1.066497719  
-0.5190117474  
0.8841874859  
0.7370665426  
0.5823981394  
0.3886844612  
-0.3441949672  
0.1940079977  
0.5246034029  
-0.4543672246  
-0.3889277169  
0.2456373102  
0.716748476  
1.836818507  
2.009518294  
2.299687826  
2.143845508  
1.836032362  
2.033477445  
2.346853487  
1.990474217  
1.975187627  
2.20910121  
1.945368461  
1.758969795  
0.9256840313  
1.562006807  
1.222062496  
0.7774542551  
0.7586345226  
0.318207256  
0.1842083644  
0.530873001  
-0.2497072309  
-0.06671776789  
1.040323398  
0.6438122764  
1.222004554  
1.151767928  
0.7275420547  
0.6555524106  
1.097382296  
0.243119674  
0.5496405819  
0.1411692891  
-0.2973242445  
0.3758509953  
-0.2918783619  
0.4486403624  
0.8204157529  
-0.4073528321  
-0.8800999078  
-0.1278729188  
0.1633019414  
-0.1087009801  
0.3284361804  
-2.372670008  
-3.012236545  
-0.9434690808  
-1.498740442  
-0.9307097739  
0.1910246374  
-0.4640283069  
-0.8913282531  
-1.141098324  
-0.6554862208  
-0.6536624099  
-0.9700743977  
-1.318462352  
1.085850299  
0.6542218412  
0.7510227788  
0.6563224024  
0.06255032913  
-0.39209288  
-0.8855821108  
0.329085942  
0.5841349782  
0.5919909746  
0.9997687744  
0.8123554797  
-0.3938486292  
-1.748055066  
-1.447487105  
0.0003432075458  
0.736305982  
-1.010370332  
0.02587184887  
1.392094706  
1.200952878  
-0.6379198628  
0.6713198898  
-0.8883822083  
0.212420091  
1.686794231  
0.2540033342  
0.5761197362  
0.004942196131  
-0.5527459915  
0.4441132902  
0.243751905  
0.08192653518  
0.1008374215  
0.6872317389  
1.095450424  
0.421069967  
0.5201161276  
1.148212513  
0.6897839482  
0.6840485664  
0.1008163052  
1.0620557  
0.5070269535  
-1.094802149  
-0.1569968296  
0.5663735812  
1.879217215  
1.81940046  
0.8289198338  
-0.4052808153  
2.126116128  
0.8508644707  
0.09518224833  
1.736911436  
1.472496832  
1.32420143  
1.076181101  
2.045944753  
3.010642488  
2.973339077  
2.245261535  
2.145772528  
2.45999848  
2.930557293  
2.759305209  
3.422459994  
3.176715907  
2.701478393  
3.246851198  
3.67800189  
4.154878734  
5.099336879  
2.857566146  
-6.69368975  
-6.726505276  
-4.544719375  
-4.450268874  
-6.292924306  
-4.74360172  
-3.61594092  
-2.213813016  
0.7074761587  
-0.3460399428  
0.7729818213  
-1.503793006  
-0.7655130114  
-0.5413837984  
-0.5801328362  
-2.066477883  
-1.422783506  
2.307513025  
2.075641925  
1.602177809  
1.219848252  
-0.2730080307  
0.2503610583  
-0.1418308483  
0.01850984431  
-0.1391503978  
0.6795579648  
-1.000327657  
0.5142684049  
-0.4906255954  
-0.04040493756  
0.01309188717  
-0.8873281341  
-0.4400642576  
-0.5062763441  
0.5412244048  
-0.2420993595  
-1.814403423  
-0.03017836454  
0.9749913487  
-0.6343220866  
-0.07052722025  
0.07607409897  
-1.169100195  
-2.328523692  
-0.4359106801  
-0.2095791893  
-0.806065062  
-0.7744388763  
-0.4210034849  
-0.09537141478  
-0.8791675786  
-0.9326145437  
1.581334751  
0.1381494903  
-1.808945115  
0.9129662065  
2.364398256  
1.910949297  
2.462376604  
1.166520743  
-3.738223182  
-1.407408439  
2.573973382  
1.393408155  
-1.030936371  
-3.074965257  
-1.26018623  
-2.286127627  
-2.22444652  
-3.649318842  
-4.216356619  
-4.235475614  
-5.0817578  
-4.103899097  
-1.560927869  
-2.879089235  
0.9508878784  
0.7108747464  
0.4069251835  
3.515171866  
2.51802571  
0.09010858354  
-0.2897526297  
-0.3469655187  
2.287266186  
3.513869119  
5.225744972  
2.551619778  
-1.08056251  
-6.804341098  
-7.826324314  
-9.26906297  
-0.7586278393  
8.517492527  
6.318741776  
2.978595304  
-3.497117722  
6.126861097  
