-0.6792876518  
-1.140575204  
-0.7658872397  
0.8719804767  
1.146379965  
0.4610130659  
-0.4017126692  
-0.6798540272  
-0.1525223788  
1.38584385  
0.09130676426  
-0.9753624573  
0.05994223904  
-0.4194960973  
-1.01818385  
-0.890536963  
1.219291922  
0.7463306226  
-0.4457126236  
-0.1290198248  
-1.402710143  
-0.4598545696  
2.255912139  
2.495515274  
0.9313195914  
-0.2404020352  
-1.548472535  
-1.548702285  
0.2095850592  
0.9748104797  
0.5153816202  
1.777396018  
0.3005120031  
0.3285360129  
-0.6328539918  
1.541823472  
0.2513583258  
0.5560622722  
-0.4467363126  
-1.094843522  
0.0691601566  
0.7614308916  
-0.1113824041  
0.3766745849  
-0.8152858454  
-0.6920742105  
1.302475062  
0.4812007728  
0.07292083798  
-1.366218625  
0.4504226221  
0.5876805706  
0.8840525408  
-0.1300615296  
-0.06396225913  
-0.4201089731  
-0.2573090449  
-0.3667398122  
-0.1342851323  
1.136285689  
-0.1204204799  
-0.16492636  
-1.147816366  
-1.256923694  
0.655972891  
0.1852086167  
0.1239617838  
-0.8672367343  
2.206835069  
0.9717132145  
-0.05834451447  
-0.9120042878  
-0.3261698781  
-0.3129268824  
-0.278862197  
0.3198707373  
-0.1986457898  
-0.7286695608  
1.406267889  
-0.1888037652  
-1.104041786  
-0.5471020625  
0.6581104201  
-0.8118063072  
-1.145313607  
-1.492294287  
1.336118476  
0.726213491  
-1.005639574  
0.5697126689  
0.5940772742  
-0.3438316316  
-0.9000700495  
-0.7334200367  
-0.7338941899  
-0.7445828742  
1.323498978  
0.585773188  
-0.1221987466  
0.04058425429  
1.514537136  
0.6270842106  
-0.259464015  
0.7775855837  
1.818079284  
0.2706170017  
-0.5910405327  
0.7084451147  
0.4407667308  
-0.1738906265  
0.7289979619  
0.3708206447  
-0.08076899537  
-0.4248250482  
0.9282581397  
0.1432117408  
0.677401904  
0.1684888606  
1.034469393  
-0.3373652226  
-1.853796806  
-0.3852256248  
-0.213212881  
1.064575327  
0.2951872952  
0.5977376276  
0.4434136998  
0.4828589822  
0.7110892212  
-0.4130114715  
0.1796798218  
-0.4240407761  
-1.678094897  
-1.965471019  
-1.405939947  
-1.436470204  
-2.386340231  
-1.213591605  
-0.8967665962  
0.1005584781  
1.037881698  
-1.088538172  
-2.320197073  
-0.06127995806  
0.9698858396  
0.5239444787  
-0.4620701194  
0.3391886782  
-1.229367225  
0.4900955302  
0.0253399784  
0.9761006396  
1.463939377  
0.493243884  
-0.1809274422  
1.291625226  
0.669384392  
-0.2604240822  
0.6688286851  
0.6864182525  
0.5746757221  
-0.164627585  
-0.4726187538  
0.4817451321  
-0.3303723436  
-1.267168923  
-0.882443172  
-0.4611081601  
1.691114774  
2.783725101  
1.444770037  
0.624682475  
-0.94009633  
-0.01424717432  
0.09670187038  
-0.161095229  
0.3797986798  
0.3426991692  
0.3884884878  
-0.1278204218  
2.16290973  
2.525515407  
-1.047488689  
-0.02697798298  
0.8158261884  
-0.4198016666  
1.037679201  
0.9325772316  
0.007314155512  
1.083578121  
-1.370405974  
-1.598849611  
1.097047299  
1.269290482  
1.671058982  
-0.2278635707  
0.7550831691  
-0.8138904198  
0.638297908  
-0.67220171  
-1.733948911  
-1.337775315  
0.8931935319  
0.2044393156  
-0.8272150071  
1.455965907  
0.6127942028  
-0.7215754448  
1.193578621  
0.8576266974  
-0.6280340426  
-1.359250578  
-1.263339522  
-2.516928042  
-1.702974831  
1.036352632  
1.032665292  
0.6552268381  
-1.423672034  
-1.49178938  
0.228261315  
0.4707064501  
-0.7969354781  
-2.638975329  
-3.41583856  
-2.320334575  
-0.1238120273  
0.8215361935  
-0.5833236963  
0.5139677481  
-0.3320920696  
-0.9907141949  
-1.590574594  
0.577702252  
0.2174495427  
-0.5061679821  
0.7588993301  
1.859683969  
1.093206169  
0.6371893121  
-0.2893282776  
0.2404105889  
0.6659503627  
-0.8374193144  
-2.091325206  
1.293213505  
1.772634354  
0.9790900244  
1.059385999  
0.438307812  
-0.7808831782  
-0.9133967799  
-0.7912591993  
-1.070675841  
-0.8387833068  
1.553951955  
0.8502818618  
-0.07394447764  
-0.5135214098  
1.14554514  
1.021311842  
-0.8511968484  
0.5499964752  
-0.7931938758  
-0.6584476853  
0.4613793908  
2.218964941  
-0.41520971  
-2.327208662  
-1.335432988  
-2.344244864  
0.09475692715  
-0.4680380983  
0.03500225921  
-0.2058166271  
-0.7073115924  
-0.2107826053  
0.4566076855  
-0.08448765996  
1.151502055  
-0.8441929406  
-0.8211622761  
1.209443559  
1.703  
0.3777271721  
-1.170973001  
-1.208828013  
-0.5084515612  
0.2440408695  
0.4683732893  
1.444165728  
0.37094898  
1.385218367  
0.1302996024  
-1.034714277  
1.410421176  
0.295654569  
-0.3944500541  
-0.4909766827  
-0.5871865724  
-0.5705860739  
-1.081701672  
0.4276837396  
-0.2520630017  
0.4684620369  
-0.2056313803  
0.6508808136  
1.399803086  
2.02286407  
0.8186863057  
-1.064647906  
-0.8649790262  
0.9616799777  
1.226511261  
0.264693337  
-0.4365623465  
-1.6516865  
0.6659714971  
0.6401732759  
-0.6542502505  
-0.0112943554  
0.7364947129  
0.6956730167  
0.1427581094  
-1.222115249  
0.3709746676  
0.1428642794  
-0.4208683448  
0.884999563  
-0.5526181372  
-1.466953737  
-1.309486282  
-0.1524738413  
0.5481470717  
-1.302817443  
-0.6361621391  
-0.9633906653  
-0.211402851  
-1.188061288  
-1.134026904  
-0.8948261794  
-0.7999190174  
-0.5989962108  
-1.120962167  
-0.2823152222  
-0.4561229772  
0.7531094758  
1.339353065  
0.5534302545  
1.531929836  
-1.119936866  
0.4302871311  
0.79193503  
1.889590773  
0.7996165272  
1.194424908  
0.2047669964  
-0.07200091784  
-0.00847920605  
1.415802919  
2.262554986  
1.637667397  
0.5883749071  
0.02065583826  
1.970044909  
0.5042310316  
-0.09415919075  
-0.4596282281  
-0.6402622658  
1.046091774  
1.555203518  
1.750508931  
-0.6962335429  
0.4294529223  
0.612410297  
-0.4130454479  
-0.5248284701  
-1.764484625  
-1.858162747  
-0.5059878255  
-2.75373331  
-1.703596451  
0.3764785002  
0.03461697424  
0.3490443835  
-0.5796002966  
-1.242373449  
-1.976470356  
-1.477612765  
-0.5299821648  
0.3137713578  
-0.7607241873  
-0.5444616601  
-0.9235764322  
-0.7531318925  
1.096611393  
1.321027558  
-1.001161429  
0.04806723749  
1.020904203  
0.5134046538  
0.7236202628  
1.595957793  
-0.3166937835  
0.8536099667  
-0.1536996165  
0.07864151681  
-0.7300995225  
1.826594749  
2.4824498  
-0.08979739304  
-1.052567017  
0.3405739179  
0.7940173924  
0.3622798113  
2.520827681  
-0.2766506793  
-0.1938739575  
-0.1586975841  
-0.3025358202  
-0.1853688861  
1.589861166  
1.121235581  
0.9068790468  
-1.965785998  
-0.8911401472  
0.9585890447  
2.161550303  
-0.1171071708  
-0.1947247779  
0.03182971757  
-0.4405258464  
-0.1447612172  
-1.077415811  
0.6798270467  
2.100360158  
1.103467804  
-1.129643166  
-0.04667799517  
0.6481069513  
-2.863537222  
-0.3823181887  
-0.4198243753  
0.5084268793  
1.643191705  
-1.059675389  
-0.6604852687  
0.2274400646  
-1.151088288  
-2.412610064  
-0.910959913  
-0.1946834866  
-0.5969696891  
-0.6132663844  
-1.212506532  
0.4258587488  
0.6786233323  
-0.4674633425  
-0.5147674381  
0.03866386523  
1.63871898  
-0.4613516809  
0.3891521246  
0.02514018159  
0.3745902951  
0.5372473619  
2.226462513  
2.971996046  
2.118006319  
2.44778272  
2.049759778  
0.01042807556  
-0.3512187983  
-1.270801062  
-1.554250672  
-1.175890556  
1.077414552  
-0.1604153977  
-0.3732165473  
1.227452783  
1.759279252  
0.1735002479  
-1.153269103  
0.224818423  
1.49106606  
0.1832652931  
1.065510778  
1.043536838  
0.006177656595  
0.2725952804  
1.565502756  
0.6154250902  
-6.470081336  
-4.516862322  
-2.204353692  
-0.8144651292  
-1.232093983  
0.05047063619  
-0.7435504713  
0.2868097736  
-2.11993775  
-2.130868177  
-0.3970635687  
-0.6921851722  
1.163634756  
0.8143665251  
1.212287264  
0.9347677327  
-0.226640347  
-0.3994510876  
-1.039718669  
1.666426659  
0.6609572119  
1.047958904  
-1.046943351  
-1.31934505  
-0.8721566226  
-0.840341477  
0.1444851462  
-1.466875347  
0.4115449643  
-0.6746611395  
-1.277133643  
1.081505187  
1.501720597  
0.1251730262  
-0.9853831418  
1.118533563  
0.9252256203  
-1.83597565  
-2.131318776  
-1.323522395  
-0.8861985732  
-0.3060255905  
0.4674356112  
0.7234491557  
-1.100188754  
-0.3821386788  
1.304838405  
0.6242980679  
-1.718552144  
-1.768652567  
0.4901106243  
0.03569380975  
-2.736440166  
-0.2553530074  
1.628045942  
-1.450056416  
-1.613338487  
-0.357680876  
-1.587756192  
-1.591573974  
1.968446296  
-1.070852215  
-0.4802824057  
0.8224529334  
2.637149444  
1.893121865  
0.1140470429  
0.3024288098  
0.1124466082  
-0.7704970677  
0.7082629847  
2.800399148  
3.062526323  
1.30938927  
0.5494144697  
-0.1405825786  
-0.7787384541  
1.82730704  
0.1783403863  
-0.3604146351  
0.818352644  
1.165476337  
1.387229089  
0.8081309788  
-0.3402551061  
2.751383409  
0.6986388142  
-1.20569418  
1.26598562  
2.680677155  
-0.07078188153  
0.4039025228  
-0.5844788254  
-2.937415839  
-4.949964553  
-0.757708522  
0.3676849251  
-2.306959286  
