0.2136560846  
0.736582648  
-0.5134627346  
-1.124582135  
0.1744253022  
0.1876785458  
0.2339758669  
0.105423647  
0.6414710525  
0.03293389063  
1.039619789  
1.115859298  
0.2531177342  
-0.9713132029  
-0.4078471299  
0.733305939  
1.974253847  
0.9166270723  
-1.221138582  
-0.9244164711  
-0.9090899489  
1.798160418  
1.410415447  
-1.394542811  
-1.397463143  
-1.215932678  
-0.7361777017  
-0.1743867026  
-1.109882735  
-0.9017895229  
-0.3762446076  
1.388036493  
-0.3058032852  
-0.7801935924  
0.08752494194  
0.09932320829  
-0.2970947676  
0.6581136277  
0.008858551757  
0.1880124229  
0.1153778821  
1.008338288  
1.037143022  
0.5679010283  
0.07362385354  
0.5762519271  
1.278452978  
-0.1139125832  
0.8205142572  
-0.001189309647  
-0.5565743259  
-0.301492789  
-0.4187006158  
-0.2911336594  
0.7688015687  
-0.06793712786  
-0.1393311202  
-0.01238515166  
0.1294759841  
1.000915794  
1.877628703  
1.072351623  
-0.9872101934  
-0.8173910709  
-0.1346978409  
0.7960351025  
0.01609171678  
-0.5324833857  
0.2979516279  
-0.3676049771  
-0.8761638999  
-1.405815897  
0.2048189216  
0.1397748135  
0.391496614  
0.3922225636  
-0.3093970135  
-0.006001932073  
-0.0795132976  
-0.9455291545  
-0.8787716096  
0.3269722675  
0.5995083362  
-0.8879190039  
-1.672844816  
-0.06917104729  
-0.2302963056  
-0.3972481466  
0.36067215  
1.204170866  
1.136720083  
0.09835297967  
-0.2009279977  
-0.990147118  
-0.6841261107  
0.285190487  
-0.670317818  
-1.665657938  
-1.186399378  
-0.3608983277  
-0.1076852954  
-0.5814883746  
-0.4080662519  
1.315134975  
0.4253403802  
-0.7151895114  
-0.6681767923  
-0.1099190696  
0.04677950734  
0.08478022046  
-0.8407946097  
-0.8971946296  
1.124488552  
1.624320662  
0.4924105909  
0.2163479554  
1.327122772  
1.440552511  
0.3357029176  
-1.916030511  
-2.795972278  
-0.7259400844  
-2.262519413  
-0.9841372982  
-0.2759983534  
-1.1261619  
-1.476915744  
4.00388564  
4.335383279  
1.399136088  
0.9946167254  
1.069839449  
0.8932249634  
-1.688107068  
-1.61294686  
-0.2873929545  
-0.4386848227  
-0.2298910994  
-1.296855801  
-0.1510770895  
1.034317303  
-1.104591841  
-0.07598891521  
1.418780847  
-0.05811546457  
-0.537722492  
-0.5605052119  
0.7864658999  
3.138958651  
0.6817229235  
-0.5560598152  
0.5753732704  
1.779786752  
1.061352297  
1.242379625  
1.274467826  
-0.4819051248  
0.8055031305  
1.93067125  
2.335651667  
4.854026694  
2.677475622  
1.072139207  
0.4495793055  
-2.593104636  
-1.177030529  
1.461492524  
-1.954937847  
0.4248856334  
0.6896484572  
-1.747406438  
-0.3394183002  
-0.6123102171  
-0.7028497529  
-1.484239735  
-0.5046998399  
0.1297788087  
0.1660665674  
-0.3797639733  
-1.630514369  
-1.22178644  
2.595380514  
4.399063025  
-0.459793475  
-1.775218206  
0.2556439208  
3.251047682  
0.6549141697  
0.4028744612  
0.4888615083  
0.5079025703  
0.944526997  
0.4571810448  
-0.09279291208  
0.6013980647  
0.3840562596  
1.277435434  
0.3841379572  
-1.382052626  
-1.405887122  
-1.002881735  
-0.9192266071  
-0.9803122343  
-1.600681321  
-0.9585565333  
-1.236017296  
-1.94592596  
-1.446633281  
-0.3672258161  
-0.5661366064  
-0.8098657945  
-0.9622727747  
-0.06560860726  
0.7679115251  
0.1554852878  
0.5334486672  
0.1496128506  
-1.616634914  
0.006769934623  
1.186015761  
0.1973636807  
-0.426104101  
1.822590922  
-0.419376646  
-1.245142729  
-0.5570798995  
1.306495053  
-0.8747677907  
-1.600816533  
-0.7517635596  
-1.654590081  
-1.957308465  
-1.118114  
-1.582334256  
-0.6819577045  
3.002076228  
2.996375792  
1.807725605  
2.372129575  
2.663515551  
0.8112948218  
-0.6965140542  
-1.306149962  
-0.04253748094  
0.09677099897  
-0.6211612629  
0.1044222026  
0.8570844437  
-0.6484208909  
-0.4034945271  
-0.3484734906  
1.293191736  
-1.16365202  
-1.772049138  
-0.543123569  
-1.051409272  
-1.869329654  
-1.503735562  
-0.7147435231  
-1.561241052  
-2.042998809  
-2.081236342  
-1.966856958  
-3.293995833  
-2.154400723  
2.826625091  
1.899068668  
2.621015781  
2.073546175  
0.234123791  
-0.01998770562  
0.3681058383  
-0.5108010402  
0.8480677092  
-0.3068143825  
-1.044738845  
0.4692760146  
0.06546891509  
-1.16840773  
-0.2680583709  
0.2431570102  
0.4289523241  
-0.8621809604  
-1.275824614  
-1.270091097  
-1.339998978  
-1.739095162  
-2.629010623  
-1.949731107  
-2.590432375  
0.713251264  
3.183064626  
4.174641564  
2.514616576  
4.473017866  
1.166598707  
0.09293670125  
-0.341553658  
-0.479580223  
0.9968424924  
0.8237072972  
-0.6773343585  
-0.07942146132  
0.604164274  
0.9455373701  
-0.03643336557  
0.5395969192  
1.074342087  
1.015577515  
-1.044285488  
-0.9079434242  
0.3598076998  
1.246011795  
0.07360553034  
-0.5149130368  
-0.3330875229  
-1.100632599  
-0.186274956  
-0.7451650415  
-0.9021777038  
-0.000627131876  
-0.09668619058  
0.7937539638  
1.445909462  
0.06618055451  
-0.05288237586  
-0.1115964522  
-0.3218794066  
0.2204231811  
-0.7218813942  
-0.7106625365  
1.225448499  
1.761333745  
0.2682081188  
-0.02272648455  
1.301774048  
1.790521079  
0.5710546435  
-0.3317078533  
1.443814292  
0.02963006933  
-1.707290779  
-1.606081457  
-1.191361963  
0.0469091582  
-0.08496662754  
0.2714482325  
-0.6974261654  
-1.573394507  
-0.2669751864  
0.3242913426  
-0.178733593  
-0.6909826107  
-0.7551426916  
-0.2154943004  
-0.2459650784  
-0.3779033811  
0.254506804  
-1.446555449  
-2.109620574  
0.3211304478  
1.55436274  
2.705774721  
2.179450434  
0.0940803106  
-1.040939619  
-0.3149152777  
-1.54724568  
-2.210265992  
-1.659219477  
-0.8763752139  
3.93839096  
3.281465505  
-0.9632767476  
2.238987506  
-0.6333537439  
0.2744208667  
-4.157873091  
-4.491873373  
-0.2985970395  
1.096458443  
-0.4351247752  
-0.9215948257  
0.2559960331  
-2.27686711  
-0.07428871814  
-1.179437959  
-0.4093471098  
0.1661877057  
-0.2923204443  
-1.155504841  
-0.5622037066  
-1.608142721  
0.7056901914  
0.1157943389  
-2.887627557  
0.1638942268  
-0.698531469  
-2.302286826  
-1.188664313  
1.98930166  
0.09021234788  
-2.674996977  
0.314584602  
1.454219869  
0.07628364015  
0.9492904834  
2.250885033  
0.6743291243  
-0.5309995286  
-0.1059004847  
0.758855748  
0.9686504729  
0.9355859386  
0.4482048711  
3.094063049  
5.820503029  
3.33076789  
1.738608749  
-0.8668565603  
0.6176085632  
1.783548464  
-1.283215266  
0.3372837836  
1.412775134  
0.3843402727  
-0.7392507547  
-0.6368024849  
0.420040249  
-0.4637669648  
-1.491163191  
-1.253637804  
0.4257153514  
2.312640634  
0.5682380611  
0.5766416784  
1.702415315  
6.464868655  
0.6823050254  
0.7400154086  
1.242597334  
1.506763511  
3.833298893  
-0.3649335439  
-1.187218641  
-1.485883879  
-2.776933221  
-1.643380472  
-1.616594646  
-2.232347345  
-1.920646881  
-1.285636139  
-0.6206521107  
-1.667319576  
-2.091101955  
-0.7264791115  
-0.9260928285  
0.8863299555  
0.6063109051  
1.426485883  
1.545222635  
-2.625289865  
-1.92076785  
-2.53616167  
-1.021966516  
0.08517729383  
-0.3041609064  
-0.08569330149  
-0.4872324817  
-0.2672977394  
0.8115136703  
-1.026185677  
-1.157060893  
-1.90701459  
-2.387666547  
-1.464259646  
-1.571533828  
0.02727469427  
-1.948815408  
-1.410808934  
-1.180649235  
-2.042666067  
-1.408910129  
-0.01141979751  
3.348217634  
2.134738572  
-0.3507281094  
-1.828318048  
-1.34624216  
0.9794636495  
0.3879959454  
-3.570963162  
0.2974038157  
-0.8539578104  
-1.263668281  
1.624159805  
2.826113799  
0.4673677468  
0.1687939847  
0.5673946073  
1.65203143  
1.293536831  
1.051477225  
1.225114288  
0.356647564  
0.5757221138  
1.212743286  
3.041230432  
3.383925079  
1.62006373  
-1.418002707  
0.2685552719  
1.963417541  
1.345867243  
2.208291916  
1.327957855  
0.9917837575  
1.185520879  
2.312061119  
2.158253507  
0.4474613683  
1.754480417  
-0.08121748935  
-0.3234026977  
-1.267879675  
-0.09019997787  
1.084538536  
-0.8169554256  
0.4049873653  
1.393446266  
-0.5469129933  
-2.068594719  
-1.629292436  
-0.9932657051  
-1.316723291  
0.8403345149  
2.344162231  
0.1375434387  
-2.196674379  
-0.1891108482  
-2.302957299  
-2.70222758  
-1.639646924  
1.482334384  
3.154966783  
-1.561373124  
-0.2702706827  
0.05781064361  
-0.6111519561  
-1.435511969  
-3.213432305  
-1.893859101  
-0.4155141488  
-1.459839671  
-0.06961772929  
-1.109069054  
-0.2451878484  
1.984008662  
0.904239316  
-2.648102014  
-3.007591509  
-4.925554133  
-1.672051202  
-2.11926559  
-1.12593532  
1.69238083  
0.6213699571  
1.692701814  
2.178416139  
1.36713149  
-0.6539857182  
1.362977595  
2.962335015  
3.247883765  
0.08012949428  
1.436167045  
-0.06440594733  
1.718336165  
5.03359272  
1.855160235  
0.01252685652  
-0.5229555598  
-1.585352634  
-2.19365757  
-1.001419635  
-1.879591445  
0.4237975708  
2.118183543  
-0.004021360842  
-2.012777629  
