0.7519749418  
0.6263234814  
0.1411825446  
0.1880531297  
-0.4179362229  
0.03042744419  
0.1397772584  
0.8448875722  
0.8436814543  
0.3304387246  
0.1771522438  
-0.06642987422  
0.4289191693  
0.7047819379  
-0.03659694326  
-0.1084337119  
-0.2402036406  
0.1392444933  
0.3676848423  
-0.146043297  
-0.7319347395  
-0.5925144795  
-0.1603122782  
0.2868546868  
-0.2433468266  
-0.7116689204  
-0.741722062  
-0.4684174626  
-0.8669767015  
-0.4404691963  
-0.9283290429  
-1.415723912  
-0.8740625534  
-1.057181399  
-1.067597932  
-0.7439988147  
-0.4843210742  
-0.2268008121  
-0.2279309735  
0.968307821  
0.5391095766  
-0.5160693009  
-0.4023479047  
0.2236929525  
0.4571158783  
0.7169861083  
0.2825709611  
-0.4760989858  
-0.1768015137  
0.8696972603  
1.324939033  
0.7052864282  
0.5543116191  
-0.2251074903  
-0.253159147  
-0.03992370919  
0.8638709997  
0.5706045518  
0.7594711436  
0.6187284789  
-0.1049892279  
0.616932469  
0.8342098862  
1.2292861  
1.652752911  
0.665255121  
0.7492632043  
1.099923836  
0.9694699448  
0.300256385  
0.168990907  
0.4443917473  
1.15803555  
0.7255232197  
0.06878261733  
0.3228448485  
0.4074542656  
0.5007939282  
0.07100768357  
-0.3340306135  
-0.1639358729  
0.0950029528  
-1.008527181  
-0.5384471833  
-0.5149890378  
-0.4759761594  
-1.24808243  
-0.9955236014  
-1.248451891  
-0.6338233663  
-0.0338804962  
-0.2020741315  
-0.6318525473  
-0.6664992387  
-0.7678660401  
-0.9905328967  
-0.9201567593  
-1.371046914  
-2.0926631  
-1.558868523  
-1.493535028  
-1.478564833  
-1.765840065  
-1.455652615  
-0.9055240015  
-0.9842958324  
-1.449375175  
-0.9967448944  
-1.717414257  
-1.229128983  
-0.05857047729  
-0.9843905222  
-1.256670864  
-0.2519310732  
0.2212528822  
0.2475050391  
-0.08387641724  
-0.4476599199  
1.031471926  
0.8093661491  
1.212336131  
0.7827482555  
2.178864912  
2.588278557  
2.638051216  
1.709862469  
0.7638417683  
0.2553059932  
1.08664588  
1.817362282  
2.562104118  
1.736341909  
0.9673042517  
-0.1766244105  
-0.7003142955  
-0.6041921129  
-0.3219968431  
-0.1024465154  
0.1823616928  
-0.2593850455  
-0.6504198725  
-0.4796738192  
-1.368982045  
-0.6380166768  
-0.4736192434  
-0.4457476065  
-1.105442178  
-1.013218141  
-1.375630214  
-0.4442063616  
-0.3297686774  
-0.02965359521  
-0.7638235962  
-0.9113839719  
-1.476668302  
-1.502841675  
-0.8613333999  
-0.8511148669  
-1.225914421  
-0.6589323224  
-0.4437980231  
-1.628473857  
-2.101636518  
-0.4397601129  
1.797971668  
2.591463444  
2.636989296  
3.348775436  
3.881332719  
3.128641317  
2.987030468  
3.047997972  
2.262773941  
2.39765532  
2.429723841  
2.036467167  
1.627189794  
1.783255732  
2.205259608  
1.413363525  
1.691927353  
-0.04103929013  
-2.631162267  
-1.473536972  
-1.630986806  
-1.903538001  
-2.507344883  
-2.478137384  
-2.624484109  
-2.593576867  
-2.915840283  
-2.159910522  
-1.356387675  
-1.095706432  
-1.016776074  
-0.9844519248  
0.8612811877  
2.252203659  
2.431612547  
1.944428233  
2.207638888  
2.095779425  
2.002453119  
1.512667304  
1.790500561  
1.983074343  
1.562806295  
1.31961141  
1.299026232  
1.144799693  
1.355355437  
1.33431917  
0.7651662353  
1.225605912  
1.339550661  
1.257968974  
0.546322847  
0.2366344929  
-0.04093966461  
0.2247574167  
0.3755343223  
0.1500809897  
-1.212480138  
-1.271391349  
-1.76476891  
-1.630656073  
-1.239578031  
-0.6696569351  
-0.98538251  
-0.7218465058  
-0.6228921073  
-1.334984389  
-1.804885066  
-1.432505952  
-1.446258041  
-2.879451309  
-2.433301642  
-2.825371445  
-2.62300428  
-2.218416137  
-1.559471201  
1.787166172  
5.919874134  
1.621367796  
-0.4782163974  
0.682426361  
0.8750980351  
1.211284193  
1.104433609  
0.5671623868  
1.257288761  
1.056577983  
0.6003034492  
-0.1815156648  
-0.442905753  
-0.2100632932  
-0.2257480736  
-0.5440892369  
-1.195269217  
-1.022776451  
-1.177894941  
-1.390451072  
-1.329254162  
-1.573244751  
-0.02930920718  
-1.170445422  
-1.96325078  
-2.075996947  
-0.4337976937  
-0.8151031787  
-0.489268929  
-0.2195904621  
0.05649765328  
-0.08964983855  
1.278430243  
3.322221906  
-1.617400879  
-0.8919967282  
-1.078931604  
-0.1709952088  
0.3246095637  
-0.1193638981  
0.03144862024  
0.2778137506  
-0.201402932  
-0.1553137219  
-0.4050929111  
-0.2811149954  
-0.8866249593  
-0.1100725311  
1.122445636  
0.728803024  
0.965701956  
0.9601893837  
2.075742508  
-1.028314674  
0.06176632627  
-0.7344047723  
-0.6439372198  
-1.202013663  
-1.245756974  
-0.197255871  
0.5281907429  
-0.06728899028  
0.1498978519  
0.9236922538  
1.228550008  
0.8629177596  
0.3389652676  
0.6360741309  
0.8478275109  
1.063508357  
0.2162164989  
0.115472222  
0.1254075323  
-0.009239645733  
0.2663473628  
0.506201119  
0.6479854141  
0.4632897214  
0.2709853258  
0.0521692498  
0.007088383534  
-0.3254318373  
-0.1674359543  
0.5097580437  
0.2858754265  
0.1055146082  
-0.3252514923  
-0.3434999177  
-0.640183729  
-0.7525180377  
-0.5549936551  
-0.1843131156  
-0.09034300302  
-0.5203844444  
-1.522548658  
-1.299551601  
-0.001866649978  
-1.358439189  
-1.614134731  
-0.9306758416  
-0.8063081401  
-1.348970817  
-0.6076890778  
-1.615233443  
-1.746182167  
-1.291560209  
-0.9410091772  
-0.756789002  
-1.110703303  
-0.7064079244  
-1.103719792  
-0.4092063638  
-0.4245659767  
-0.3921685665  
-0.3603366056  
-0.214368945  
-0.4830847942  
0.8643013731  
0.740925918  
1.607148385  
0.6242605994  
-0.7896131804  
1.586939852  
1.307267528  
1.519124093  
1.01722706  
1.213038428  
1.330774026  
0.7510296843  
1.133484931  
0.6133888561  
2.271792841  
2.610727063  
1.250365884  
1.281890496  
0.1669875581  
0.5783491465  
0.7935332275  
-0.3220793508  
1.263312695  
1.960067871  
1.532844882  
1.62778773  
1.026525137  
1.543082288  
1.525448373  
1.715895282  
1.488249832  
1.481219569  
0.460506161  
1.04513336  
0.7737507738  
0.08645922509  
0.6463250159  
0.3434916738  
0.2283627234  
0.4228578916  
0.6303172964  
-1.070230935  
-2.656431056  
-2.097049845  
-3.418260742  
-2.351665936  
-1.68907128  
-0.7924613165  
-2.173844033  
-1.822012354  
-2.67286997  
-2.676364039  
-1.530553866  
-1.258554214  
-1.902393396  
-2.025090702  
0.3899959814  
-1.320623394  
-1.877608686  
-0.7629246724  
0.7589918177  
0.9248900034  
0.9045475563  
0.6703717237  
-0.1469101093  
-2.36052291  
-3.197753781  
-2.919654876  
-0.9257674477  
0.9073049179  
1.573960145  
1.776239121  
1.388139595  
2.550885788  
0.5767561482  
0.3622404587  
1.621796508  
2.693009762  
2.212228579  
2.009411431  
0.7284957783  
0.8640155537  
2.713477685  
0.4711851853  
0.535692091  
1.091947783  
0.8464979438  
0.9604178471  
0.01889469885  
-0.6649366232  
-0.6202622282  
-0.1207476638  
0.126000586  
-0.2038251803  
-0.205863019  
-0.1686381872  
-0.7672263431  
-1.311281947  
-1.15357148  
-0.627460531  
0.4634983384  
-0.2245098813  
-4.821068976  
-1.653374115  
-1.920753284  
-0.8563377086  
0.289072534  
1.796374726  
-0.02989444541  
-1.265162347  
-1.139936497  
-1.548813201  
-1.900858261  
-1.735109351  
-2.57764769  
-2.936125595  
-2.735073701  
-2.134329079  
-3.482218236  
-2.460416822  
-2.483472723  
-2.63439902  
-1.606718454  
-2.158032782  
-1.761000602  
-1.836669639  
-3.871233266  
-5.024775465  
-5.516292968  
-6.106087071  
-6.565618623  
-7.050988999  
0.9957621224  
4.374264061  
4.828902537  
3.885859241  
1.677596581  
1.330589833  
2.626163638  
3.492882752  
4.734157971  
3.40395185  
2.920438644  
2.960349426  
2.348949522  
3.016457693  
2.625072521  
1.879624417  
0.4171692472  
3.326940787  
3.240558309  
2.710122767  
2.922534258  
2.296894727  
2.559147306  
3.235816292  
4.256882431  
3.950899255  
4.353690243  
3.546319896  
3.531066332  
3.39592291  
2.485473324  
2.384705329  
1.489675565  
1.100228701  
0.4316483478  
0.9354060338  
0.5250228964  
-1.215288374  
-0.7844405943  
0.4021626187  
0.3222609312  
-0.640381187  
-0.598488394  
-1.526700343  
-2.717263181  
-1.129099067  
0.08755490803  
-0.2780721059  
-1.235667548  
-1.301394817  
-1.003782814  
-1.044046618  
-1.657060698  
0.6009940196  
0.9641249187  
-1.037338312  
0.2086740876  
0.6067304986  
0.2386754245  
-0.06358097585  
-0.2586009764  
-2.040756752  
-1.188364728  
1.38835118  
-0.3743827968  
-0.5459529567  
-0.4096886542  
1.368455758  
0.8673517132  
1.005821507  
-2.994187189  
-3.672945651  
-2.984311106  
-1.642507335  
-2.912308231  
-1.601794446  
-1.615530189  
-1.033619608  
-0.5659158129  
0.2122521674  
-0.1111751503  
-0.7422453262  
-1.171806123  
0.2549551005  
-1.305073884  
-1.000404693  
0.9138130764  
-0.6169878841  
-1.74115934  
0.3451557735  
-0.6475428808  
-0.5673988134  
-0.4377823166  
0.1298360578  
4.408844866  
3.21294211  
1.373236544  
0.3052769696  
4.21532581  
