-0.5168629082  
-1.526482376  
-0.4421005894  
1.346992251  
1.142434199  
-1.297766381  
-0.6749252707  
-1.713668389  
-0.183696383  
0.9332104532  
1.001569881  
-0.3185123795  
0.07337577241  
1.627992588  
0.8673093878  
0.8669103814  
-0.07199499824  
-0.8274357215  
-1.028170082  
0.8793936844  
0.7305753241  
0.7848524428  
-0.8300706495  
-1.288644072  
-0.7681471836  
1.123377851  
-0.5918664412  
-1.157109563  
-0.8352131277  
-0.09702044104  
1.161967303  
1.022731794  
-0.445115027  
0.9359692972  
2.119835224  
2.041639679  
0.6509823783  
1.505420017  
-1.544771764  
-2.454332038  
0.7282829655  
1.632675918  
-0.7258212929  
0.2648360658  
-0.3030760614  
1.064286074  
1.853358746  
0.1771076397  
-0.3893314874  
-0.8841737118  
-0.504861144  
0.548344847  
0.949272114  
-0.5671003924  
-0.7654979978  
-2.224794164  
-0.2209219118  
-0.3658269065  
-0.6935811193  
0.33844955  
-0.3436705777  
-0.8442221619  
-1.186908345  
-1.099182608  
1.336372368  
-0.2055051319  
0.1812224306  
-0.02097251489  
0.2458791606  
-1.181944858  
-0.9923817708  
-0.6116997853  
-0.9194597621  
-0.7384796024  
-0.5062232283  
-1.363850741  
1.342914149  
1.745184049  
1.247286431  
-0.1825353262  
-1.261799278  
1.419090259  
1.305809159  
-0.5763894342  
0.9199323385  
1.855107794  
1.878350508  
1.337430154  
2.28964595  
1.682824958  
-0.788511173  
-2.145650478  
-1.024406849  
-0.7274851913  
-0.4398203539  
-0.671234036  
0.1102449227  
0.4813939369  
0.5582101152  
0.2652321418  
-0.04716136502  
1.523750593  
0.04012298346  
0.2954982714  
-0.1191802177  
-0.8004275501  
-0.2298422785  
1.199933238  
-0.08194311868  
-1.284670256  
-0.7447991562  
0.5321657036  
1.164506054  
0.4757783562  
0.1931142116  
0.4081507148  
1.315936511  
-0.01849800535  
-0.5288367706  
-0.07196129101  
-0.383626647  
-2.079223972  
0.4579475382  
0.6397086251  
-0.4293779291  
-0.5222518851  
1.561986422  
-1.714067895  
-1.117841564  
-1.687417225  
-1.131674623  
-4.214275014  
-5.328942249  
-2.453608926  
-2.235213112  
-2.329331034  
-0.1955282108  
-0.1435818058  
0.1629860025  
0.3403137902  
-0.6927880196  
-2.733848289  
-0.02749872178  
-0.2347238163  
-0.1315031274  
0.8287282294  
0.3045009693  
-0.04309033646  
0.6994534197  
1.212563447  
-0.2177917645  
2.163704892  
1.062064682  
-2.123106683  
0.08052912035  
1.083437471  
0.5192329541  
2.287554496  
0.1375723679  
0.9654717612  
3.022523203  
3.554855619  
2.660857835  
0.3320665179  
-1.627728833  
0.6449419589  
1.20223656  
2.483615397  
2.940394755  
2.371308616  
0.9585479943  
0.3749812058  
0.2641648113  
1.035978223  
-0.6842268009  
0.341650792  
0.5605424749  
-0.5146700302  
0.5352084378  
0.3841734726  
1.868704862  
4.554282776  
2.79257468  
0.01045635543  
0.3129014337  
-0.9553709389  
-1.259812582  
-0.1769201433  
-0.770641104  
0.4439365322  
0.003151632651  
0.550919607  
0.3270664747  
0.2742763477  
0.1740522776  
-0.2523344727  
-3.33474423  
-2.553657581  
-1.283110285  
-1.760999569  
0.2471936464  
0.3336815782  
-0.5003783608  
-0.641604255  
-1.083624873  
-1.505493995  
-1.873498073  
-1.544150054  
-2.391106751  
-0.5375597715  
-1.79283475  
-1.540004508  
-1.480359469  
-1.416025663  
-0.413753344  
-0.1239113288  
-0.6133196763  
0.8500271215  
0.4081492947  
-1.607938277  
-0.1388264578  
1.14969613  
2.423521497  
0.3875233252  
-1.483903667  
-0.4073701893  
-2.272829098  
-1.417325287  
0.2993444093  
0.7347651546  
-1.11633361  
0.5648711384  
1.627941825  
1.272311743  
1.597495931  
0.4977735439  
-0.2420982963  
0.8355846863  
0.5954312901  
2.165593363  
0.586936648  
2.181405025  
-0.08146027724  
-0.7365240333  
0.09875866959  
-0.8585931175  
-0.2552804796  
-1.073555997  
-2.635257003  
-1.477449408  
-0.5585310473  
-0.1910144663  
-1.570654649  
0.4455395798  
1.027004887  
-0.1941204505  
-0.8564535481  
0.3421682791  
0.6266163014  
1.346176273  
2.954585078  
1.722548568  
1.195451014  
1.596423162  
0.2074661794  
-0.1684821612  
1.655612518  
-0.7165086874  
-1.558809871  
-1.421701625  
-0.3965048411  
-1.577926145  
0.5002258016  
-0.253286786  
-0.06117405593  
0.03936212812  
-0.2175804587  
0.1700115313  
-0.487186241  
-0.8619022174  
0.7654993806  
0.1795023619  
0.9170729144  
1.376871606  
0.3487692742  
-0.4675123957  
-1.221637252  
1.581629893  
0.3714947122  
-0.3044133555  
-0.8602606497  
-2.692565919  
-1.44579042  
0.0852853808  
3.183770748  
1.514145719  
0.6165314623  
-0.1189626109  
1.155823036  
0.3266957327  
-1.80139713  
-1.320756838  
-0.4808767822  
-0.7142670428  
-0.646602609  
1.055666013  
0.6226893714  
-0.1373339907  
0.2038840102  
0.2563217565  
-0.5384274095  
0.08205016782  
1.300022713  
1.317997807  
0.3635158893  
-1.256924572  
-1.101356089  
0.7513329146  
1.072880893  
0.1169176715  
0.0283181625  
0.2138676326  
0.3295342945  
-0.9100001786  
-1.520632061  
-1.022526399  
-0.2839088205  
-0.07588520051  
0.3754514423  
-1.322034007  
-0.8611963438  
0.4130710684  
-0.2785091881  
0.05813526413  
-0.08307996498  
0.6982189327  
0.7729584265  
0.3855817023  
0.216807417  
0.2690928602  
0.04883045455  
-1.111433043  
-0.1772095499  
-0.3018738533  
0.4460796688  
1.272225214  
0.6328409475  
-0.8575935918  
-0.3429323484  
1.370955923  
1.086217072  
-0.4413763596  
-0.3375410608  
-0.06785717405  
-1.031969616  
-0.02509852207  
0.1285414811  
0.5443975734  
0.8386048212  
1.330985293  
1.230147924  
-0.2798378878  
2.144110418  
1.660030682  
1.577309527  
0.06637147151  
-0.8133340597  
-1.171224405  
0.9569890064  
1.765925894  
2.489252694  
-0.6498781789  
-0.26159549  
1.587577551  
2.071491694  
1.123730288  
-3.053056951  
-2.849841862  
-3.194088784  
-0.4715473991  
-1.085074087  
-1.782142378  
0.05051600163  
-0.6135082516  
-1.108778506  
-0.1052788066  
-0.6018000601  
0.4271458315  
-0.3939334322  
-0.9788575068  
-0.3211638683  
0.1566018406  
-1.037527442  
0.3155194043  
-0.4839578028  
-0.03905631474  
0.2448762209  
-1.273528111  
0.4687428405  
2.322110751  
-0.3209544279  
0.3837710608  
1.265279563  
0.4307587341  
-1.383793317  
-0.8560726041  
1.406124395  
2.338203018  
1.614667396  
2.486415759  
0.2238643914  
-1.529111321  
0.7259118896  
1.187394807  
0.9677677232  
6.64505546  
2.326810233  
-0.4179992755  
-0.6585586336  
-0.884842965  
-1.268999259  
-2.461719789  
-1.163303103  
1.65108085  
2.091500921  
0.3954360217  
-0.1724380369  
-0.9585766906  
-1.888713932  
-2.14481555  
-1.775325004  
-1.654857943  
-0.2744006221  
0.4670218021  
1.566995696  
2.681263064  
0.7984279475  
-1.560419028  
-3.113051181  
-1.288868818  
-0.03579870575  
-0.07744114516  
-0.1723740032  
-1.789298463  
-2.630097216  
-2.638983082  
-4.420519021  
-1.97871201  
-1.153969136  
-3.01884023  
-3.209800115  
-1.676599809  
0.111008218  
-0.2909913202  
0.99260829  
1.150959042  
-0.7493767253  
-1.969104382  
-1.74830309  
1.059070057  
1.39975019  
2.001212771  
0.8040563238  
1.461200648  
0.4806946161  
-1.195202745  
1.482643654  
2.102520668  
1.937686107  
3.341707223  
2.307895052  
2.469904418  
1.273655751  
0.2364797073  
1.412369507  
0.7870099153  
1.870518744  
1.02739837  
-0.4768755393  
0.5406358193  
0.9754893113  
0.07832871248  
-0.809433072  
0.4670294909  
2.838070755  
4.655505661  
2.795477615  
2.031796465  
1.659077986  
-0.7527377651  
5.049936501  
2.191342751  
-0.9803272869  
-0.2731183657  
-0.792756698  
-0.6098486063  
-0.7746494091  
-0.37394702  
-2.599694558  
-1.975116417  
-2.427828107  
-1.969589902  
-1.636086596  
-0.7916917622  
-1.743869968  
-2.224204758  
-0.1558116424  
0.5449011055  
-1.111232145  
-1.623900791  
-0.7904039444  
0.5508547612  
-2.291105567  
0.06796041446  
0.4297455839  
0.3348298638  
0.2453243428  
-1.124764775  
0.1748706321  
-0.3901766634  
-0.4298273655  
0.8042690313  
0.6717797952  
-0.5579761447  
0.7676509489  
0.8850869619  
-0.6733794227  
0.1922300715  
-0.2413162992  
-1.743041161  
-2.658856137  
-1.858279212  
-0.133605743  
-0.9267240268  
-1.066317021  
0.3114198338  
1.010690484  
-0.9949679668  
-0.3212839331  
-0.05960871226  
-0.5204747399  
-1.184746832  
0.5322388344  
-0.06924663398  
-1.91223105  
-0.987521621  
-0.0254395673  
-0.09505067908  
-2.208757562  
-1.1791301  
-1.526687775  
-0.6544340172  
-0.4775330807  
0.06398317429  
0.8830459695  
-0.05945851813  
2.21970561  
1.485615579  
1.066114128  
1.044590272  
2.307248844  
3.492604473  
-1.183203486  
-2.252240448  
-0.2929976977  
0.4616518105  
2.62896708  
1.325893826  
1.682889728  
0.998934156  
-0.2874327213  
-1.364379897  
1.414637509  
0.5237793078  
1.508698356  
0.7287263503  
-0.1839217091  
-2.001559148  
-0.9979758162  
0.8138103816  
2.874694654  
2.70411417  
1.536361683  
2.038993183  
-3.364090456  
-3.32808055  
-4.264180519  
-0.3096016377  
-0.1137139651  
-1.372093457  
