-1.640256719  
-0.6107949528  
1.430348626  
1.8791408  
-0.6482828784  
0.7992745727  
-0.761816536  
-1.178160341  
0.8150824958  
1.861031503  
-0.3792252271  
1.814756772  
0.1840984743  
-1.242784749  
-2.121892576  
-0.1849772901  
2.129852254  
0.7275913892  
0.4978195704  
-0.5390572548  
-1.111096929  
1.18656715  
2.018334099  
-1.011353816  
-0.3319625171  
-2.795229298  
-1.33912513  
0.727697255  
-0.8785130613  
-1.026976666  
-1.362654828  
2.820512686  
0.8575093597  
-2.20209508  
0.3365787149  
1.796147199  
-0.848439287  
-1.082440566  
-1.750875004  
0.6031790238  
1.130944874  
0.28930876  
0.1517931909  
-1.04239237  
-1.303424111  
1.116196512  
2.181241595  
-0.3321664038  
-0.7909803905  
0.9593816222  
2.63463741  
-0.2673983573  
-0.08444221562  
-1.670671512  
0.4441558069  
0.02132432147  
-0.2490434484  
-0.9333847664  
0.2836272226  
1.727878317  
0.1544906266  
1.119505216  
-1.148138845  
0.9080624166  
2.009808805  
-0.8695745003  
-0.03878949791  
-0.8444120197  
1.668099743  
-1.228376646  
-0.8955437324  
-0.2433167087  
-0.5915943705  
-2.472900662  
0.7971951451  
1.17452327  
-1.378124508  
-0.9679605293  
1.898104564  
0.03450214898  
-2.176494519  
0.3769459958  
2.112254502  
1.115168762  
-2.295722489  
-0.127304175  
3.134358518  
1.155877535  
-0.162870379  
-0.4649734373  
0.7574509082  
-0.3553567092  
0.4686268764  
-0.6560406014  
-2.161280896  
0.6055695845  
1.86490698  
-0.558816169  
-2.20785402  
0.9107632064  
0.5616712999  
-0.3854435895  
-2.283698597  
-0.0523121775  
2.869179152  
0.9548522975  
-0.6177493448  
1.26984492  
-0.4997669177  
-0.7703263994  
0.8279168116  
-0.03198609443  
-1.728576164  
0.264350412  
2.925818801  
0.2349306351  
-2.061729953  
-0.2986589622  
2.404646382  
-0.5764360385  
-1.981193583  
2.601997812  
-5.864124834  
0.785308393  
1.616852178  
0.9479069697  
-0.01839272422  
2.955201805  
6.151344151  
1.935970947  
1.639893276  
-0.2223293067  
-0.5998924121  
-1.404372015  
0.268323515  
0.0358955768  
-2.106276812  
-2.027362218  
-1.649162772  
-0.07980310127  
0.5894094292  
-1.949608099  
-1.937791228  
-0.540151076  
0.3716345522  
-1.187083902  
-0.5597169404  
1.290316037  
2.311090344  
2.476227852  
-0.6726652209  
-0.8798392484  
0.1222674767  
-0.7428233916  
-2.039281933  
-0.6740052631  
-0.8393668487  
-1.276990839  
0.1726958603  
-1.434065407  
0.4389881246  
-3.428110924  
-1.63535157  
-0.4898380338  
0.5788089613  
-0.7367663026  
2.767239388  
1.019614632  
3.624145356  
3.361837361  
1.267498045  
1.26585479  
-0.6299327275  
2.171018865  
0.2020586516  
-0.5215040278  
0.7387966006  
0.7530499455  
0.1444104178  
-0.2149573499  
1.290917054  
1.871824189  
1.385501796  
-3.101380077  
-3.169847929  
-2.74621559  
-1.454057296  
-1.523108542  
-2.473380922  
-0.4150600302  
-2.2069798  
-1.362207626  
-0.8173461651  
-1.850948154  
-1.080295373  
-2.747773953  
-0.7662133107  
1.757815601  
2.237648654  
1.531434445  
-0.9996827905  
-0.8876781893  
1.885021677  
0.5327863194  
-0.5488877957  
2.725905707  
0.3902280559  
-0.8935506408  
2.276635843  
-0.2015840787  
-1.364755778  
0.1589034241  
0.4982058827  
0.1582947314  
-0.0699493469  
1.225251125  
1.911307827  
-0.2736963978  
0.6935196616  
0.6260109818  
-1.536382492  
-1.799208972  
-0.1628764387  
-0.5375960344  
-0.6486693999  
0.0313108519  
0.1063776192  
-1.142853101  
-2.040274065  
0.7259887747  
-0.8489457387  
-2.44454394  
-0.8419747522  
1.984747506  
-0.471601488  
-1.71391474  
3.549193939  
1.905183742  
1.898202708  
1.794303569  
-1.090001825  
2.87775888  
4.633413407  
5.936294954  
1.654346791  
0.9023046015  
0.5938981578  
0.2476651842  
-0.9862634267  
-2.088745738  
-1.919383422  
-0.08047704723  
0.01350682289  
-3.144651035  
-1.461199678  
1.186605993  
-1.305286544  
-3.69348427  
-1.556382401  
-0.1623804061  
-1.499122896  
-2.827150224  
0.04275085158  
-2.235351937  
-6.129519022  
2.913074758  
0.7381536689  
0.3829607721  
2.47211996  
1.020306446  
1.026502682  
2.439296211  
-0.5053474897  
-1.039520534  
-0.183370218  
1.65834296  
5.347512489  
0.3866952049  
0.2740785223  
-0.3487779305  
-1.90316934  
-1.380322999  
-1.688187539  
-2.306063813  
-3.10609984  
-2.639483579  
-2.821531526  
-3.186206948  
-3.191776309  
-2.487058944  
0.4299933298  
3.962288596  
6.039897513  
3.669884819  
4.713292214  
0.456115715  
-0.04475029662  
0.5953907968  
0.04890798364  
-0.4210268344  
-0.9080710506  
-1.124170513  
0.8920469678  
-1.208608301  
0.01021493189  
-0.5645194104  
-0.02904648749  
0.6595471666  
0.9456352228  
0.6998344799  
-0.3075094628  
0.2124448375  
1.042434397  
0.1690214479  
-0.7211278746  
0.06980576048  
-1.312515746  
1.63807503  
0.9674735763  
-0.02884537426  
0.5794644595  
-0.5750473146  
0.4792013849  
1.668789308  
0.3923933135  
1.622054515  
0.6974838514  
-0.1388355768  
2.690429707  
1.055721573  
-0.1600221691  
1.882650067  
2.021476383  
0.3404844515  
0.5561195619  
3.092215269  
1.37245881  
0.5012366618  
-0.3433015374  
1.54297491  
0.5615074733  
-1.855056718  
-2.899727236  
-2.974978768  
-1.076555957  
1.730309213  
0.4995960485  
-1.587272773  
-2.405410817  
1.010522828  
-0.6675338794  
0.03901333797  
-1.057399727  
-0.9599552715  
-0.2430222444  
1.927231226  
1.544428643  
1.305717484  
-1.827944477  
-2.013699779  
-0.4506721856  
1.408013596  
1.622586371  
-4.727147679  
5.159620098  
0.8007739123  
1.491841029  
0.643970749  
-0.06243433405  
0.01494066951  
0.5413840506  
3.506974596  
7.076576987  
3.442486428  
6.218418888  
2.848353767  
3.96284115  
0.886573392  
-3.249575362  
-6.731928223  
-6.394585182  
-4.017188444  
-1.719756995  
-4.697990262  
-1.022233127  
-4.439837624  
-0.6116905815  
-6.751660509  
-3.877533832  
-4.082206682  
-1.545882601  
-4.758898875  
-0.2610297977  
-0.7431591584  
-3.864174022  
-2.342703807  
-4.625951258  
-4.0225913  
-0.8899585641  
1.026391385  
3.7017218  
-2.007229349  
-3.921752983  
-1.814191568  
-0.1110738699  
1.637566  
3.180371249  
0.7136840664  
0.2934128468  
0.1404206381  
-0.1729682755  
-0.3230111739  
0.8487968372  
0.8664567465  
0.9924735744  
5.170237718  
6.869496507  
5.30259941  
5.2532393  
5.096102272  
2.386678943  
3.874543036  
3.184877298  
1.058390373  
-1.873211261  
-3.876989681  
-10.31049501  
-0.253048451  
2.869073481  
4.452856232  
1.06017685  
1.392594142  
6.621470275  
7.646810023  
1.095594905  
-5.184465546  
2.823602008  
-2.247393202  
-2.761096369  
1.040659272  
-4.052548476  
0.439484148  
-3.287662262  
-5.789692839  
2.653039427  
1.163718566  
-0.4943851097  
1.407911204  
0.2044783057  
-2.045077054  
-0.939768315  
0.7904293844  
0.1874714043  
0.978411222  
-1.769011351  
-4.098694693  
-2.996784208  
0.5601963265  
-0.2635828883  
0.7421778173  
4.498612101  
-3.827735064  
-5.379932886  
-1.057031924  
0.653878779  
0.1242671881  
1.154427775  
1.554587713  
2.072456332  
1.712623989  
1.794706385  
-0.1612046747  
-2.267261646  
-2.769209803  
-1.72871518  
0.05590486448  
2.23626426  
1.586494567  
-0.6300419457  
1.544608934  
1.850020997  
0.4197360806  
-1.119534268  
1.000787743  
5.291947767  
3.717493337  
-1.832007575  
-2.400785372  
-2.511052039  
0.1800825644  
-4.36248691  
-1.874085588  
4.409661267  
0.04556968267  
0.1524373175  
2.961059587  
5.449442037  
2.756569802  
0.4826136671  
1.109501006  
2.90898259  
4.175634396  
4.062189007  
2.837828238  
3.133318638  
1.514854565  
0.8248944813  
0.3864553694  
-0.7112287918  
-5.68126642  
-2.073591346  
0.6734070633  
2.25749579  
2.243140355  
1.088121182  
2.528372254  
-0.5719837177  
-0.7431597089  
1.484334474  
-2.893556935  
0.9465102048  
-4.640812887  
-0.3657950169  
2.576137919  
2.213481328  
-0.3423883667  
-6.849599744  
-5.40059673  
1.905662182  
-5.814688194  
-6.910909451  
0.9381594243  
2.531626033  
-0.6339239502  
-0.3033940958  
1.129626336  
-4.734374011  
-5.788060449  
-0.732302196  
2.161890187  
-1.593660854  
-2.763819677  
0.8962727662  
0.9114344874  
-4.416915973  
-2.024355113  
3.456881525  
0.6161963875  
-1.462367765  
0.4727871283  
-1.538353  
-1.712025879  
4.791729157  
-1.323818507  
-4.673055447  
1.278067631  
5.92356389  
2.850425047  
-4.881358327  
-3.222223363  
-2.528021037  
-4.123481444  
-3.683232966  
-2.047795677  
-0.5903121812  
1.593299757  
3.842359362  
2.985638795  
-2.567608591  
-5.702139988  
-2.7656006  
0.7473052802  
3.241550225  
1.472563542  
-2.792383521  
0.8117058304  
-1.27288633  
5.255705643  
4.81575959  
2.023115519  
1.011955828  
1.926566955  
-2.123987571  
-4.282190263  
-3.013501907  
2.244107773  
3.315107213  
2.87712029  
-0.959519932  
-0.4542841204  
