-0.4422502918  
0.322793097  
0.4264290742  
-1.168787611  
0.09402982642  
0.1775270073  
-0.5212696408  
-1.128277416  
-1.394145844  
-1.167702854  
0.8036952386  
1.75181779  
0.7179343595  
0.2934372905  
0.7552056662  
1.581848369  
1.710039709  
1.320388161  
-0.1976591295  
-1.213300321  
-0.4017955443  
0.5053388614  
0.799785389  
-1.393666065  
-1.599793139  
-0.6814806472  
0.2679871782  
-0.1592399659  
-1.084807902  
-0.856485627  
1.404220354  
2.124446883  
1.280296451  
-0.9542652771  
-0.1193549873  
0.789331263  
1.782349102  
0.01314722518  
-1.681086064  
-1.279313402  
-1.785601029  
0.4982003923  
3.563162322  
1.756396233  
-0.05445315179  
-1.550528405  
-1.056884449  
1.015929722  
-0.4509950824  
-1.227922281  
-2.241939962  
-1.929358415  
-0.9047005818  
-0.2223136858  
-0.1144697832  
-1.144805266  
-0.123619195  
0.3132657572  
-0.7053328527  
-1.059179053  
0.8511921646  
1.22496581  
-0.2639190334  
-1.604484408  
-0.968035809  
0.1654718144  
0.2376916511  
-0.2336114677  
0.04209756397  
0.3126672265  
0.5226427102  
-0.6037017354  
-1.57607963  
-0.0604378732  
0.5178438289  
0.3632743584  
-0.6327046518  
0.8062088787  
0.3976115752  
0.8051513498  
-0.9205654824  
-0.3908834469  
1.211797345  
1.557278879  
-0.6306596006  
0.9624881242  
1.694113809  
1.09699928  
0.1363737726  
1.505535614  
1.902690286  
0.2664264856  
-1.175642646  
-0.426106235  
0.09996519079  
-0.5222744595  
-0.8848678627  
-0.2879630279  
0.5710116427  
0.3075379628  
-0.5935793349  
0.02360692782  
0.08815784823  
-0.0324950681  
0.2538266469  
-0.04873981957  
-0.07549086554  
-0.1253763734  
-0.1852367988  
-0.9893118798  
-2.337238659  
-1.24236955  
1.467622057  
1.159236503  
0.988747298  
1.089451895  
1.135293521  
0.9014289992  
-0.5543651692  
-0.2644544873  
-0.787713956  
-0.1797714259  
0.2282137173  
-0.6192830179  
-1.335074359  
-1.060301323  
-0.5469929237  
1.554053713  
0.8092731915  
0.09558915229  
0.1591465387  
-1.512364133  
-3.652269853  
-4.028342195  
-2.296704165  
0.5632311279  
1.92556866  
1.021225464  
-0.09204918512  
0.4489329588  
-0.8857557307  
-1.444505051  
-1.54939147  
-0.2212086773  
-1.30970587  
-1.224430489  
-0.4600378063  
-0.1986416315  
0.06235379741  
1.01252704  
0.6757002184  
-1.108892929  
0.2627134772  
1.254285988  
0.1943258238  
0.5150278526  
0.7824436556  
1.391172111  
1.383502124  
1.116876342  
3.268610599  
1.378423264  
1.435679886  
-0.4933167893  
-1.422961623  
-0.3272602751  
0.7994338205  
0.9069600626  
2.299245382  
1.402436467  
0.1346509202  
0.8144217606  
1.381982131  
0.7394309001  
-0.6846796695  
-0.9608055828  
1.089424253  
1.697825177  
1.080271301  
0.3116795776  
0.6725250804  
0.5843856004  
1.248400861  
-0.621185555  
-1.153543446  
-0.5330594822  
-1.190551278  
-1.175241844  
-0.7807350142  
-0.5512201677  
1.5038471  
1.873238254  
0.6011353696  
-1.02811301  
-2.346823901  
-0.0776136671  
2.955776094  
-1.314203758  
-0.1707926718  
1.157752276  
0.8626936636  
1.454745226  
0.7357482134  
-0.325198654  
-0.1046886745  
-0.5051723894  
-1.812009883  
-0.9166679382  
-0.5705852495  
-2.022308366  
-0.04174625579  
-0.4331427943  
-0.7620135369  
-0.2381496433  
-0.2815564544  
0.6514488847  
-0.2254846957  
-1.29268234  
0.04380266783  
0.666733462  
0.51195319  
-0.3024933892  
-1.265305953  
-1.583767521  
-0.07334069552  
-0.2530446179  
-1.115182242  
-1.562051736  
0.2074361021  
0.3575406031  
-0.0852756173  
-1.107682306  
-0.8570469702  
-0.583163766  
-0.1727539854  
-1.102353262  
0.1016487534  
0.1190568376  
1.142001824  
1.262416046  
2.109561182  
2.301466133  
3.033323472  
-0.6042889048  
0.1840079938  
0.128355554  
-0.8283589607  
-0.2223169147  
-1.013534283  
-0.4921459311  
-0.1754137433  
-1.394122785  
-0.8766824272  
-0.8821439008  
-0.1368919026  
-0.3849092556  
-0.4497084943  
0.4678370027  
0.01495776848  
0.08928734422  
-0.5720345233  
0.2160943755  
0.03206978491  
-0.04194580631  
-0.3217758299  
0.7774067752  
-1.019275032  
2.341359496  
-0.05119535681  
0.1011665258  
1.649856134  
0.4511278734  
-0.9681592172  
-0.03924619763  
0.7205304947  
2.578025522  
-0.2206882234  
-0.7540068215  
-0.01092663804  
1.369525277  
2.068836671  
0.4755084102  
0.8612788599  
0.2793306177  
-0.2113321064  
-0.6196460964  
-2.428670454  
-3.032029242  
-1.598931683  
0.3374863628  
0.7124507157  
-1.455248879  
0.756190946  
0.6038592308  
1.086185942  
0.2236092863  
-0.9350344226  
-1.370998931  
-0.5569579712  
-0.9658379654  
-1.471661797  
-0.7043179367  
-0.666429876  
0.05646078601  
-0.4967722137  
1.312264156  
2.136975826  
1.563181612  
1.254574755  
1.554242303  
0.1882344772  
0.1853976015  
0.005332500866  
-0.5625561105  
0.4872177274  
0.2810215202  
-0.2439391818  
0.449517088  
1.26470856  
0.6622417894  
-1.006364171  
-0.7153874442  
-1.108031282  
-0.3957721911  
0.1431046699  
0.2379548411  
0.7071934641  
0.8978906043  
0.8173031841  
0.8603007583  
1.114580449  
1.526201043  
1.757819743  
2.250450294  
1.244597564  
1.029656019  
2.791365415  
2.71792487  
1.600937915  
-0.5064535087  
-0.05981741106  
-1.223412669  
-2.850054211  
-3.405072201  
-1.483445557  
-1.3735761  
-1.363991422  
-0.9328283408  
-1.573231166  
-1.760538445  
-0.2519913834  
0.1397149283  
-1.360009017  
-1.788875592  
-0.8614967252  
-0.6964970085  
-0.03262716147  
-0.5091312839  
0.4160147968  
1.041645775  
0.3450343837  
-0.1885450358  
-0.1804084668  
0.8576523813  
0.6166323709  
-0.1422089346  
-0.1778396974  
1.186714852  
2.460105228  
3.036370542  
1.374926586  
3.608337706  
3.684620735  
0.2360077989  
1.614440708  
0.6605332748  
-1.686480932  
-2.163623683  
-3.887138412  
-4.306781516  
-1.397236062  
-1.905328355  
-1.867565487  
-0.9798589294  
-1.251975861  
-0.5213738761  
-0.7405691724  
-0.5127115146  
-0.5935646491  
-1.435761325  
-1.436962971  
-0.1609033557  
-0.7920470938  
-0.15082473  
0.6708187223  
-1.498066555  
-1.230295655  
-0.6037172004  
-1.288900976  
-0.8277536526  
-0.3872870746  
-0.304730213  
0.5735668568  
2.286063343  
3.787114365  
-0.7239386751  
-0.01025446041  
0.5188395011  
-0.345100781  
0.5324696201  
1.591195235  
0.4283155238  
0.6795903221  
1.992081554  
1.075842736  
2.041045498  
6.623666833  
2.961959524  
1.34219521  
1.139922897  
0.8419518074  
-1.806070884  
-2.941331939  
-1.959137163  
-0.8459007571  
-1.744981781  
-1.354502551  
-0.4008139049  
-1.632919228  
-0.3855493176  
1.938941851  
-0.8821365524  
-0.2058482685  
2.074069027  
0.2294345436  
1.054265332  
1.4994814  
0.3174228233  
-3.88678074  
0.772821519  
1.910622697  
-1.326233046  
-0.8590217351  
-1.231885594  
-1.595042716  
-1.577934611  
-3.633400379  
-3.367444269  
-1.703482278  
-1.809741068  
-2.467630445  
-1.692079075  
-0.4615811593  
-0.738573257  
-1.410773744  
-0.9110945808  
0.2077853277  
-0.8344975071  
-0.2337680573  
-0.0668928661  
0.3051172229  
3.242774007  
3.28975561  
0.02464039945  
-0.2260035598  
-0.1628417324  
0.4507138804  
1.520155064  
1.718331196  
1.371752905  
1.853545062  
1.082039788  
-0.6034473346  
-0.7317939658  
-0.4053909674  
-0.2035443526  
-0.4240542766  
0.4272381905  
-0.7327330733  
-0.103942964  
0.3475107011  
0.4747360586  
-0.2567454964  
0.6083394208  
2.032291588  
2.723300619  
0.8615229866  
1.386928997  
0.5953761745  
-0.6570336491  
-0.1815428016  
2.933365873  
2.375454816  
1.832900474  
0.6199409497  
0.1698574744  
-0.335926719  
-0.2758903568  
1.348267573  
1.246837297  
0.507896821  
-0.5616113966  
-0.6926492106  
-0.720292322  
-1.420365254  
-1.831085393  
-0.1879007228  
1.098383316  
0.5585939109  
-0.9892572413  
0.2714162335  
-0.3656583228  
0.4793594091  
1.664450384  
3.111014918  
2.775671629  
2.209467409  
-1.235141815  
0.5165810212  
0.2289251832  
-0.4134747356  
0.2782032641  
0.9201764285  
0.4367713053  
-0.7727343596  
0.1606629078  
0.05965352692  
-0.8625931494  
0.2464583285  
0.4144749682  
-1.349174236  
-2.49761649  
-0.7109575796  
-1.807090726  
-3.608399805  
-1.117315527  
-0.7947330739  
-1.883483327  
-1.789898536  
-0.6072371656  
-0.8566577834  
-1.575784927  
-1.692139286  
0.2791400096  
-0.4747961363  
-2.219317577  
1.586428484  
0.9894443732  
-1.756347941  
-2.335873552  
-2.041329803  
-2.823222173  
0.9187933725  
1.687742572  
1.495189522  
0.1230641593  
2.098061033  
3.342297197  
0.78269744  
-0.6366049419  
-1.087377572  
1.28966677  
0.6309546969  
-1.714951494  
0.1985363118  
3.588539315  
1.980231714  
3.30550013  
1.134637191  
-0.9321837121  
-0.9899276446  
-0.7368525782  
-2.523303648  
-0.4034527074  
-1.397907461  
0.2984709597  
0.8419614239  
-1.296587275  
-0.5152057667  
1.539304265  
-0.964652246  
-1.249613593  
-1.291029588  
-2.563110184  
1.513939381  
0.1868780463  
-0.575301552  
-0.3917323316  
1.102669003  
4.077240968  
