-1.268594892  
-0.01693045528  
1.547143832  
1.068411518  
-0.2572421356  
-0.4111433371  
0.7409753045  
0.329851868  
0.03843875533  
-0.4226720658  
-1.037648625  
-0.9533202909  
0.3258865169  
0.2698631691  
-1.449870041  
-1.001445538  
0.2663337199  
0.3353766891  
0.4701386708  
0.651047874  
0.4055937842  
0.6747767108  
1.182323707  
0.4761845506  
-0.9931619036  
-0.7990317911  
0.3631403498  
1.617182349  
0.3798856752  
-1.031225329  
-0.6368948287  
0.2232981069  
0.3111842156  
-0.1670717756  
-0.6690453228  
-0.6177427572  
-1.275664632  
-0.5345759315  
-0.5110054123  
0.06010649584  
-0.524437862  
-0.5980478407  
-0.6122550253  
-0.07367382335  
0.4270596382  
0.6019246764  
0.6000521829  
0.6710839953  
1.19320676  
1.435928603  
1.5350817  
0.9079650019  
0.6752237908  
0.4659034997  
1.110139892  
2.074541497  
0.09420102834  
-0.7876743976  
-0.1465932408  
0.262891743  
0.2134821261  
0.7252151225  
1.06676286  
0.08959517167  
-0.2339307265  
1.452562832  
1.500809347  
1.455665975  
0.4933795392  
0.4864139273  
1.019029967  
0.7177697874  
-0.003939671022  
0.1208597975  
1.451787  
2.317520346  
1.400348256  
1.340545186  
2.093314298  
2.618534704  
2.21990399  
0.9804411641  
1.772377236  
2.500410733  
0.9272142855  
0.2988100062  
1.816717264  
1.997897343  
-0.2059723158  
-0.8237917485  
-0.7640706475  
0.464961678  
-0.3131035637  
-1.107596265  
-1.875418179  
-0.6832037311  
-0.117973988  
-1.736147141  
-0.6529827356  
1.097453575  
0.6705361164  
-0.2252080422  
-0.7404236005  
-0.8448791211  
0.7074899596  
-0.1994248903  
-0.2887736549  
-0.1883457243  
-0.6813049696  
0.6447139566  
1.962214236  
0.6653107869  
1.418672726  
2.564036163  
3.349611702  
1.157093588  
1.103864153  
1.867053838  
2.400641218  
1.325414486  
2.808034551  
-1.076289075  
-2.185406874  
-1.484262009  
-3.757810599  
-3.055600515  
0.07653473653  
1.548483292  
-4.809870456  
-4.742231099  
-5.902663886  
-5.863949379  
-5.411312698  
-6.177344241  
-4.813972496  
-3.531348416  
-4.942913182  
-4.065496236  
-4.401158724  
-4.064876348  
-3.794765217  
-3.276154891  
-3.981492299  
-2.761771111  
-3.686473268  
-3.002469895  
-3.002560744  
-2.862582219  
-0.4870726236  
1.174684851  
1.015445715  
-0.4784968257  
0.5492925096  
2.112372445  
1.819772078  
2.573879424  
2.029686038  
1.240977428  
1.665658364  
3.123154145  
4.530654818  
5.452943592  
4.204935566  
3.804077797  
1.82791015  
3.646067097  
3.765060242  
3.354972352  
3.779681095  
3.71917888  
3.142391106  
1.392213695  
2.35837409  
3.48424958  
3.383623446  
2.54559337  
3.015812406  
3.880639455  
3.696313749  
2.186329952  
1.856475601  
4.118651496  
5.87606848  
4.221566855  
2.336265178  
3.324259589  
3.785979222  
2.805952317  
3.890241041  
4.778439002  
5.285768273  
5.501122655  
5.184163348  
4.697617906  
5.236092689  
7.651644913  
1.639001082  
-4.1581317  
-4.279123862  
-4.029570325  
-4.901722637  
-4.43725924  
-4.598520362  
-6.033074669  
-4.786145985  
-3.869558871  
-5.06099609  
-4.381351806  
-3.734214292  
-4.151327632  
-2.918169263  
-3.38266702  
-3.766855244  
-2.552276009  
-3.165357953  
-2.811762262  
-2.290610728  
-2.784368479  
-1.415496839  
-1.371223146  
-1.77905126  
-0.9918178108  
-1.550927141  
-1.380718597  
-1.701378976  
-2.193492994  
-1.236123743  
-1.525596266  
-1.829244484  
-0.4583676142  
-0.459234401  
-0.7975759978  
-0.9060313737  
-0.3194779985  
-0.4015651706  
0.7350841023  
1.501604985  
0.74060869  
0.4544115226  
1.190438684  
3.113245743  
0.9890616257  
1.732937682  
-1.143959812  
0.7303091729  
0.2146567432  
-0.7526549065  
-0.4399964831  
-0.4275741646  
-1.182441702  
-1.458168097  
-0.7640452585  
-0.3360859866  
-0.793479085  
-0.2724286508  
0.192298569  
-1.091584099  
-0.1496897359  
0.6684775408  
0.3940217573  
-0.3513006459  
-0.07438598339  
1.678002041  
2.506917063  
-1.176580602  
-1.939340654  
-1.769207774  
-0.6756572235  
-3.373700134  
-2.768672034  
-2.950723266  
-2.465157623  
-3.734120374  
-1.959549429  
-1.656860787  
-1.563379602  
-2.239031212  
-1.248441024  
-0.8841404193  
-0.3493231158  
-1.416673956  
-0.09676275748  
-0.1467037678  
-0.848970193  
-1.163202027  
-1.262497926  
-1.26691416  
-1.842783916  
-1.077450048  
-2.232791906  
1.083251797  
6.717763295  
6.924647393  
5.564988008  
3.360805688  
-1.306543139  
-1.9231647  
-1.46280625  
-1.902222877  
-1.577069613  
-1.634488535  
-1.495980879  
-1.04567875  
-1.05569585  
-0.685974019  
-0.2468021497  
-0.08748637466  
-0.0735955406  
-0.05887006964  
-0.1082785271  
0.2616052615  
-0.3649752656  
0.3370479261  
0.4562445219  
1.210341836  
1.677204137  
1.175303411  
1.503542215  
2.07063797  
2.472698508  
2.899337924  
2.982110638  
3.201666725  
3.776375307  
4.007401487  
3.646797894  
2.936290859  
3.424728057  
3.61600878  
4.018246313  
3.614903718  
4.392571914  
4.864739089  
5.054281496  
4.186529595  
4.428674327  
4.08983261  
-6.870752759  
-8.157016527  
-8.704217662  
-7.563398827  
-7.093442274  
-7.758359105  
-7.923870879  
-4.361811589  
-4.002344048  
-3.963854965  
-4.327861584  
-5.991462886  
-3.800595572  
-2.378353095  
-2.380327779  
-3.122318911  
-2.885657679  
-2.25947546  
-2.063768226  
-0.9454039785  
-0.9051881363  
-1.192727849  
-0.9583911412  
-0.760025573  
1.310473029  
0.3154726815  
-0.7591367279  
-1.661435168  
-0.5762780937  
-0.02538260126  
1.216520443  
0.2999417017  
0.8508668387  
1.518185438  
4.514087688  
-1.580436411  
-0.1806491315  
-0.9410383936  
-0.7654344689  
-0.1267385513  
-1.004478151  
-0.3928316922  
2.801397841  
3.974603932  
1.044023587  
2.292226038  
1.752796341  
0.4180580543  
1.925341451  
1.486779086  
1.425852248  
2.252131995  
0.938031863  
1.575749407  
1.79645064  
1.903043296  
3.996948572  
1.447755251  
1.237608371  
2.386071878  
2.533472763  
2.57082763  
2.782699263  
2.833511162  
3.301687295  
4.220632589  
3.216053229  
-1.367758187  
-4.764608074  
-3.201646917  
-3.320912161  
-1.799240888  
-0.5086345703  
-1.903766507  
-2.645415751  
-3.30712827  
-2.846475316  
-4.033752972  
-0.03994567763  
3.305786454  
0.3868326022  
-0.9218607294  
-0.2163379614  
-0.2847242764  
-0.6886691681  
-1.271377896  
3.385761151  
4.637717248  
2.758264277  
3.772351351  
1.309059245  
0.4200255234  
0.7699190965  
1.563532487  
0.3005908477  
-2.049479974  
-3.646179101  
-1.154168799  
-0.2767082347  
-1.691016863  
-1.02126577  
-2.528352235  
0.6900519458  
-1.592651738  
-0.08697271567  
-1.063172753  
-2.423112439  
-2.590692249  
-3.231107942  
-3.826841167  
-2.475616945  
-2.9462511  
-2.841829837  
-2.64745374  
-2.712010211  
-2.192198583  
-0.936233393  
0.7631197916  
-1.518703052  
-1.31458649  
-1.383566332  
-0.7730195461  
1.38811805  
-1.355693044  
-3.494672453  
0.9387313357  
0.01288467813  
-0.4081992114  
-1.069691398  
-1.732365018  
-0.3537037353  
-0.993156692  
-2.130886344  
-0.7049999048  
-1.2189903  
-1.712360125  
-2.271792991  
-2.289183478  
-1.975162693  
-3.061898487  
-3.050230408  
-3.159600361  
-2.840522517  
-2.855947293  
-2.634885347  
-2.933530048  
-3.757382051  
-3.363560914  
0.5592361882  
-0.1087194884  
-1.83371689  
-3.212771705  
-3.823909386  
-3.683224451  
3.920579553  
4.450217084  
5.800920784  
5.503169569  
4.255972656  
3.132518489  
5.070632863  
8.999089823  
7.472852417  
6.662516331  
5.668270807  
4.165460691  
3.341884513  
3.924896515  
2.848898002  
1.407307651  
3.276969592  
3.134462487  
3.044254034  
1.598981233  
0.9801567356  
1.626347793  
0.6733954463  
2.25129919  
1.209547277  
3.88839909  
1.146286372  
0.9246180049  
2.099921515  
-0.591514588  
1.195852473  
-0.05409627842  
0.9929486086  
-0.4245173121  
1.33950493  
2.437634512  
0.3203991043  
-0.8768497349  
1.337735173  
1.213400311  
-0.7001869863  
-0.1279968945  
-0.04245415699  
-1.738547566  
-0.904690024  
1.295103227  
2.005268674  
-0.3566038266  
0.2373110789  
0.814410349  
0.4566605049  
-0.6810852204  
0.4895483568  
2.304246867  
0.3253068139  
0.7756214453  
0.5111808733  
0.3585007816  
-0.1885846674  
-0.631371177  
-1.654529599  
-2.47387007  
-0.5894343268  
0.5986984428  
-0.7113502213  
-2.264425332  
-1.566098551  
-0.5116250061  
-0.9926686954  
-2.33467922  
-1.928509145  
2.662525611  
-0.2733971069  
-1.272356871  
-2.101447431  
-2.978241861  
-0.9222698228  
-1.062958883  
-0.5422803868  
-0.8415291456  
-1.683098149  
-3.418959324  
-1.956657358  
-2.816592881  
-0.5491065046  
-1.842024855  
-1.796715178  
1.75555435  
-2.417410505  
-3.245938375  
0.2989146622  
3.214735239  
4.055727753  
4.94392481  
3.734335411  
2.495308747  
-3.342142884  
0.2929462072  
8.549579592  
