0.2881300042  
1.50472098  
1.155164619  
-1.319103056  
-1.000880914  
-0.4767979312  
0.8786564944  
1.450388184  
-0.7658448141  
-1.546489563  
-1.109012279  
-0.01336378834  
-0.1025657954  
-0.2913089206  
-0.4877770047  
0.8269507943  
-0.9671942067  
-1.09482161  
-0.2874475064  
0.4662987947  
0.9094800167  
-0.6248872277  
0.7192672513  
0.3658150978  
0.004488413354  
0.5626097859  
1.449074129  
1.616938731  
0.08442117701  
1.070142485  
-0.5026353523  
0.1137355916  
0.253697846  
0.7978404046  
-0.8011168178  
-1.888421332  
-0.6086623145  
0.1451334687  
0.3290222654  
-0.6015471876  
-0.9266951232  
-0.108132909  
-1.536873423  
-0.9519886511  
-0.03916297598  
0.4988990679  
-0.8475708612  
-0.06347015063  
0.8476303469  
0.03890930597  
-0.7506441895  
-0.9725009533  
-0.4121291104  
1.311362662  
-0.302877189  
0.2339373327  
1.31600335  
1.357814135  
1.211796926  
-1.326571518  
-1.153386615  
0.5852754029  
1.093950388  
0.3797989809  
-0.6894218687  
1.669550778  
0.07661223393  
0.08473302486  
-0.5050598968  
-0.4412799224  
0.3583690831  
-0.4776814304  
-0.723164173  
0.7474929442  
-0.945866613  
-1.403538609  
-0.9014392558  
0.114835878  
0.6569132112  
0.7329737802  
0.1726645185  
-0.6117753986  
-0.8799713354  
-0.0150719652  
-0.351803161  
-0.5672533099  
0.9999921206  
0.5124510441  
-0.8893133691  
0.6384745075  
0.5259658625  
1.055945682  
1.199043722  
2.042633889  
1.369872161  
0.8778482864  
-0.1306531771  
-0.1498118824  
0.5948845827  
0.570348561  
-0.6795161944  
-0.08577034288  
-0.3570647023  
0.06795388804  
-0.3085188099  
-0.9095619337  
-0.8619302503  
0.1344144916  
1.039113683  
-1.0243251  
-0.707713294  
-0.7594631986  
1.002386598  
0.6711805927  
-0.07034119255  
-0.3906370127  
1.504425505  
1.41592735  
-0.162137188  
0.2304537663  
-0.2370900991  
-0.8130111062  
0.9016532971  
-1.226862408  
0.1770615609  
-0.3682537739  
-1.037182846  
-1.660952251  
-0.09624957774  
0.02804222093  
0.1011708755  
0.6153644452  
0.4569509777  
-0.1192218214  
-0.6424290581  
-0.9119464153  
0.7964109926  
2.259574513  
1.856141585  
1.251959748  
-0.1916110214  
-1.075795446  
0.7586083739  
-0.5395309148  
-0.9162225752  
1.330810225  
-0.7186336779  
-1.3874767  
-0.6738713521  
-0.7144522381  
-0.6247035314  
0.2052498186  
-0.1647879701  
-0.2494791566  
0.4892209809  
-0.07512930524  
-0.2794783218  
1.087118399  
0.4977186301  
0.3817228005  
-0.3313654023  
1.70948681  
0.5450594748  
-0.5779718815  
-0.1110032909  
-0.1188276466  
0.5998098067  
-0.5244208532  
-0.3001123155  
-2.193628735  
-1.642749309  
-0.5059992398  
0.06713492369  
0.07409744151  
-0.7378431484  
-1.161758676  
-0.399715511  
-0.4639553548  
-0.746593781  
-0.6531498049  
-1.029701492  
-0.2463431188  
-0.9163502278  
-1.076546871  
0.6286991051  
1.210151236  
1.373741094  
-1.196112721  
-1.165711646  
-0.8704416855  
0.1337847648  
-0.1229716263  
0.1743872679  
-0.653577627  
-1.453155768  
-0.8790211603  
1.829778  
0.5648354044  
0.2247585676  
1.031471906  
0.9737228322  
0.2878614644  
-0.3646808521  
0.2631310796  
-0.4855713698  
-1.140048505  
-0.9188276713  
-0.1153896188  
0.2630142798  
-0.1609645576  
0.5822053592  
0.5489940317  
-0.6778976152  
1.346432419  
0.2764155684  
0.006446800953  
-0.5004568538  
-0.0686337334  
1.057119345  
-0.6704841236  
0.2001125622  
0.6652015323  
0.6975830505  
2.239493133  
0.6395156311  
0.2017540599  
1.582456758  
1.047028841  
1.096326316  
0.9675572464  
0.02144733025  
1.160854479  
0.3781071905  
0.8981753807  
0.8164068612  
0.1926864771  
0.6882609977  
0.4513524135  
0.5452893442  
-0.9858192492  
0.116419628  
0.391104127  
-0.8693010524  
-1.026894388  
0.08250024441  
-1.102307103  
-1.212311522  
-0.6829560311  
-0.1467550601  
0.7783957181  
-0.02749857257  
-0.6059594651  
-1.388919754  
-0.2665435327  
0.3061693953  
-0.1805675472  
0.1372537289  
1.113157861  
0.05263998613  
-2.410200589  
-1.290491483  
0.5442873319  
0.1638364668  
1.079762246  
-0.1651248322  
-0.8564736397  
-0.2072192566  
1.242619921  
-0.04367264199  
-0.203494286  
-0.6147726809  
-0.5887471151  
0.1511741847  
-0.01644740397  
-0.3581838879  
0.6008523343  
0.2778056695  
-0.6379754653  
0.7664879283  
-0.9327179881  
-0.4835142218  
0.1217778472  
-1.879118357  
-0.6989520289  
0.6578534466  
-0.4170364101  
-1.131027861  
-0.2427874158  
0.6138936987  
1.455187821  
0.9432697036  
0.8753427888  
0.2895981829  
1.337376406  
-1.028398795  
0.4694796484  
0.1309928907  
-0.4007406358  
0.1167255549  
0.1378897071  
0.1673407916  
0.421451824  
0.04295381966  
0.6536144986  
-0.1328297016  
-0.1946932958  
-0.5643235907  
-0.3458569781  
-0.6222918245  
-0.5767427001  
0.09457381873  
0.611123771  
-0.9079321122  
-0.141139984  
-0.1903529938  
-0.3622730452  
0.7319861619  
0.09181689895  
0.3932339336  
-0.329071583  
-0.6483165037  
0.8920164253  
0.2319100648  
0.1892353044  
1.162087215  
-0.8468212925  
-0.3522892276  
0.2619327311  
-0.1140897671  
-0.02960369192  
-0.1071905014  
0.1734023194  
0.2511895043  
-1.100225686  
-0.8474260649  
-1.49044618  
-0.01876228311  
0.1419287274  
-0.429689977  
-0.3257912253  
1.074130141  
0.1459047048  
0.3920159722  
0.7939824367  
-0.1201809469  
0.4290355723  
0.06308099603  
0.11861782  
-0.5617889812  
-1.336432591  
0.2295013981  
-1.074420133  
0.3566613416  
0.2829134446  
0.6266947086  
0.3482878543  
-0.03445779279  
-0.8428659362  
0.4921320139  
1.03447765  
-0.01666902163  
-1.027348122  
-0.7419022229  
-0.6022649373  
0.04142891977  
1.002557926  
0.2172022548  
0.07502530694  
-0.2212140317  
-0.9419876034  
0.4548161589  
-1.056935539  
0.3351315048  
0.3388130188  
-1.046392124  
2.064669972  
0.20592855  
0.9168645512  
0.7255003078  
-2.062597175  
-0.7158735386  
0.664356949  
-0.9984575467  
-1.594776606  
-0.8722019121  
-0.2998448568  
-0.1383983941  
0.6295411513  
-0.4634942321  
-0.08643495133  
0.1229232002  
-0.2943728863  
1.332258954  
0.08784141204  
0.4805074857  
2.204640886  
0.2458798972  
1.134238177  
-0.5846426913  
-0.145292984  
-0.4855498094  
0.7389899528  
0.563875287  
0.9317486978  
0.4297127744  
-1.413438894  
-1.346026688  
1.185546828  
0.5134580524  
0.3780659924  
1.384541272  
1.154224052  
0.1727834313  
0.1391922473  
-0.1569140317  
0.08634190156  
1.203274692  
1.536114972  
0.423037857  
-0.9493938624  
-1.076509604  
-0.0303810721  
-0.4318665465  
-1.425420803  
-0.01028032457  
-0.2330416855  
-1.981555252  
0.2751798169  
1.223514344  
-0.2778391728  
-0.750738502  
0.3092133777  
-0.5000479538  
-0.7429571048  
-1.778196012  
0.155987692  
0.09174335208  
0.5472397872  
-0.4982039373  
-0.003618985451  
0.5206593706  
-1.38849843  
-0.1673570731  
0.009170945097  
0.05442833414  
2.038612965  
-0.1950145491  
-1.711726156  
0.5024513396  
2.239495132  
0.01749768332  
-0.006650456771  
1.628225209  
0.5942070779  
-0.3293069445  
1.006010634  
2.173950368  
1.352710794  
-0.2282206258  
0.02862514059  
-0.1041166526  
-1.49843503  
1.151768708  
-0.58031276  
-0.4567140555  
0.756667125  
-0.07760579711  
1.078689392  
0.2497530812  
-0.566955331  
-0.0712806148  
-0.09006831293  
0.765736033  
1.515867074  
1.717560592  
0.9798769606  
-1.013537856  
-0.5939754403  
-0.07070039709  
-1.478448213  
-0.7322841671  
-0.46380374  
-0.02140917359  
-0.2849299968  
-0.2658018207  
1.132384468  
1.333708455  
0.5081826867  
1.371501969  
-0.1206693396  
1.292098571  
-1.968205948  
-3.994869241  
-2.273764116  
-0.3101808781  
1.30137085  
0.7154036791  
-1.453029534  
-1.344359409  
-1.916732426  
-0.3650296067  
0.1248184274  
-0.6529914264  
-0.4393148922  
-0.6962407072  
-1.182592193  
-1.417977106  
-0.3031741661  
-0.4643459418  
-0.5199175679  
1.176758725  
-0.4658716303  
0.3139747052  
-1.774872012  
0.3179267056  
0.2740129694  
0.6551276674  
-0.2269883263  
0.4305910882  
-0.0819736798  
1.04828754  
1.115515115  
-0.2441120174  
0.2898061065  
-0.3322244494  
1.400445435  
0.8395300066  
0.1397839704  
0.7146507799  
0.2914115219  
1.388592271  
0.6472516194  
-1.263427225  
-0.6282299856  
-0.3155963729  
-0.6827304442  
-1.039059759  
0.7099003996  
0.7224253265  
0.2502465228  
0.01053629731  
1.509453837  
0.4512579652  
0.0872493021  
1.050913101  
1.146513888  
-0.5391330601  
0.4926241887  
0.7207023079  
-0.4258772793  
-0.4730407895  
0.9961214919  
0.5361003329  
-0.405909161  
-1.279917291  
0.6988518261  
-0.1999257054  
-0.05083747248  
0.6683414499  
0.8211395642  
-0.5850180328  
-3.664279059  
-0.3779779554  
-1.197187818  
-2.249922566  
0.2822883361  
0.2221430566  
0.6013800385  
-0.09409351959  
-0.6330855821  
0.4738872635  
-0.2503368254  
-1.232979596  
0.4055144177  
0.2305258386  
0.7288482172  
2.235450796  
-0.01109606365  
0.6530882378  
-1.005105945  
0.8223535375  
-0.09555828721  
-0.3775648861  
-1.87055445  
-0.3578310924  
0.6246004764  
0.1752467017  
-0.6418027856  
0.9091398487  
1.026619575  
