-1.916312035  
-1.022685098  
1.608281188  
2.486570278  
0.6785089419  
-2.042750133  
-2.019587463  
0.7192762403  
1.597422747  
1.175906724  
-0.6910019981  
-2.105521691  
-0.8386186249  
1.433941096  
1.179017002  
-0.4343383651  
-0.8418253945  
0.2118216955  
0.7806707999  
-0.4017524194  
-0.7720455974  
-0.5158299076  
0.5899990486  
0.8730356614  
0.4693871217  
-0.7657856515  
-0.5643215448  
0.7096128669  
1.747969735  
0.8505673697  
-0.2614853045  
-1.502735485  
-1.223119519  
0.4181983526  
1.504389242  
1.150324781  
-1.196940532  
-2.037742192  
0.7150151138  
2.428845422  
1.590883111  
0.308249509  
-1.488464198  
-1.83597726  
-0.07985312292  
0.8463104914  
0.6134078702  
-1.611577097  
-2.208798758  
0.3406742393  
1.180076577  
0.3048885868  
-0.09273002334  
-1.138931934  
-0.7354383652  
0.2277008166  
0.4036270944  
0.736977848  
-0.1178048993  
-0.7049049663  
-1.040643668  
-1.301581574  
-0.1881628  
0.9705089413  
0.9982153789  
-0.6337079391  
-0.8617077524  
1.454146468  
0.8900392145  
-0.7997380615  
-1.03025605  
1.937805665  
0.3913546467  
-1.162067283  
-0.2772975616  
0.7359494316  
1.337298604  
1.041707658  
-0.2138761025  
-0.3453803762  
2.147696104  
2.595402795  
0.3389392074  
-0.4222892572  
0.5222563007  
-0.1179693352  
-0.1159467188  
0.735353315  
1.687336458  
1.40137754  
-0.9558563814  
-1.330973785  
0.7453940073  
-0.0820100253  
-1.696454552  
-0.5874897026  
1.447753511  
0.6514784048  
-1.26774986  
-0.7340774138  
1.186919788  
-5.921576002e-05  
-0.7892206977  
-1.173976442  
-1.381628966  
-0.8832996839  
-1.094674407  
-0.5291961756  
-2.393004136  
-2.148170839  
1.512618221  
0.8094063281  
-1.792593034  
-2.248506529  
0.07934320007  
0.4847631932  
-0.9171267545  
-1.741229957  
0.2823494912  
1.277986931  
-0.2185149316  
1.877453093  
1.69268668  
1.620939058  
-0.1243913958  
-1.387492831  
1.112113676  
-2.145785257  
-1.501829161  
-1.691128587  
-1.874820459  
-0.8106203641  
-0.9825050944  
-0.5228886926  
-0.4983179802  
0.9925808788  
-0.9467585672  
-0.6503748849  
-0.3620348303  
-1.956481088  
-1.58261316  
-1.170666839  
-2.166174416  
-0.510079584  
-0.36149282  
-1.434227641  
-0.4613090782  
-0.2947217991  
-0.3671456274  
0.1785975265  
-0.09071260771  
0.7186861194  
1.185810005  
1.678851061  
1.258378129  
1.18467898  
1.773034723  
0.4482125621  
-0.3337717623  
0.9016940162  
0.419964404  
0.2637346033  
0.6878967472  
1.644189807  
0.5228205333  
2.511109089  
1.068051667  
2.626788252  
1.016787805  
-0.1615514471  
0.1165187542  
0.2449303621  
-0.7809693676  
-0.2257808221  
1.274149984  
1.59384764  
0.8431534797  
-1.174089932  
-1.195943333  
0.509676079  
1.155330709  
4.028040374  
3.651756138  
1.830764743  
1.173869044  
0.6789397823  
1.922930317  
2.580394637  
1.762438196  
4.046455312  
0.8033466526  
1.170637933  
1.549324689  
-0.1433530205  
1.376276549  
1.770272722  
-3.002929021  
-2.720245623  
-0.8978462386  
0.2261178478  
-0.6447700516  
-1.196311792  
-0.9192612225  
-0.07703141164  
-1.204300929  
-1.388329368  
-0.4965784909  
-2.191619494  
-1.621616911  
-1.674023317  
-0.8557929132  
0.1666820135  
-1.69463752  
-1.537936126  
0.773129659  
-0.756160654  
-0.4953870229  
-0.1291077323  
-1.820680004  
-1.562860697  
-1.074587332  
-0.1515927784  
-2.264854147  
-2.324781938  
-1.341613008  
0.5534983593  
0.4453901188  
1.154280992  
0.4073336077  
0.2969362134  
-0.3014769442  
0.1947600841  
-0.7510028804  
-0.5676502195  
-0.4895243317  
-0.07353233588  
-0.8393954359  
0.6793447934  
1.389120944  
0.4544088328  
0.6876441415  
0.1333697029  
0.15088092  
-1.440619224  
0.02124795102  
-0.06133478681  
0.8715147785  
-0.9573511056  
0.7860712082  
-0.6748326099  
-0.2557383014  
0.4772816255  
1.090107597  
0.7136644294  
0.1560031554  
0.1398851854  
0.8359893852  
0.03815976191  
-0.864450655  
0.9051517852  
0.3563490904  
-0.3312109497  
0.4170991393  
-0.6505949442  
0.6345842451  
1.281880021  
0.8450748994  
-1.974629434  
-1.143650094  
2.542715248  
-0.4492201125  
-0.06080978097  
-0.5284867569  
-1.5163128  
1.257251439  
0.0961353916  
0.1093717899  
-0.1822066156  
-1.455406596  
1.834445885  
-0.6109111643  
-0.2612274753  
1.713178994  
-0.4826380228  
0.1217663207  
-1.687538772  
0.4935635115  
0.1967745673  
1.17278727  
0.7146732949  
-0.1269633828  
-1.427726622  
-1.435761473  
-0.5370948946  
1.190806375  
-0.2986207916  
-0.2043959411  
0.6377522563  
0.03683885231  
0.435392144  
-0.8375119793  
-0.3634552365  
0.5345337757  
0.2634566532  
0.1520485956  
-1.067415376  
0.3340291275  
-0.1967573469  
0.7497446558  
-0.2116040674  
1.194053354  
1.519214707  
1.402447395  
0.009964427745  
-0.05052933075  
-0.06770179778  
0.4389917142  
0.3552744212  
-1.885426774  
-0.8181528841  
0.3853845152  
-0.4314907978  
-0.573736677  
-0.2483194818  
-0.739771087  
1.190848491  
0.6029718608  
-0.2984925258  
-0.606189686  
-0.41271267  
0.8118851771  
1.414761357  
0.1678871735  
-0.7785084324  
0.3642224899  
0.619005706  
-1.58779518  
-0.7221988485  
-0.3691831927  
-0.3107146463  
-0.3850615373  
-0.8682555421  
-1.364415348  
-1.888582008  
-1.902114954  
-0.3466801608  
-1.44222283  
-2.33660184  
0.03376915897  
-0.3901497563  
-1.427197133  
-0.1705232851  
0.6401939904  
-0.5245439279  
-2.24628944  
-0.332711361  
-0.1798926521  
-1.554498858  
-1.889369991  
0.3656823813  
1.059866702  
0.1852860773  
-0.04568598839  
-0.008082022084  
1.128947536  
0.6358503455  
0.5831284606  
2.425808026  
0.1780054515  
-0.5045420179  
0.9849143  
-0.06075525093  
-2.010369524  
0.8081632792  
-0.01275562197  
0.357830236  
0.3348222029  
-1.107683094  
0.7313697332  
1.918399683  
-0.8182483258  
0.2342001335  
3.479353285  
0.4938435707  
1.150363609  
-0.02326939732  
1.512866254  
0.644973468  
0.4802810919  
0.562741547  
2.52651821  
0.8397210178  
1.054583207  
1.052352966  
-0.6482958168  
1.664570243  
1.357506412  
-0.3727261571  
0.7606383979  
1.950223931  
0.4576055498  
-0.1245700931  
1.50522031  
-0.3927521381  
-1.147695584  
-1.331381182  
0.3901814866  
-0.6071664062  
1.006092208  
-0.3126393483  
-1.62691005  
-1.995959963  
-0.1688761821  
-1.878790867  
-1.441008  
4.870094432  
-0.7679376321  
-4.655481977  
-1.021428867  
0.08539241214  
-0.5999345106  
-0.04137223656  
-0.1254125997  
4.074209241  
0.1518004685  
-0.705642952  
-0.9672774777  
-1.292025763  
-1.115061534  
-0.8883467823  
0.304248329  
1.424007854  
0.5999844391  
-0.9552410446  
-1.313238746  
-0.01423392457  
1.968892175  
-2.103859929  
0.9980059855  
0.04874865493  
-2.171218933  
3.589582839  
0.8022533576  
-1.52376237  
0.3056092534  
-2.128679109  
-0.6820082596  
1.468091975  
-1.288381109  
-1.502179023  
-0.5784584347  
1.023136782  
0.5355851187  
-1.096155761  
-0.2746402295  
0.1416099868  
0.8717670536  
-0.6474622223  
-1.374910166  
2.148787268  
0.4762351643  
2.19063844  
1.865789059  
-0.6372643686  
-0.3420376966  
-0.8989650525  
0.5459383483  
1.660889187  
0.3553640603  
2.045336378  
0.8569892683  
-1.365813912  
0.4738637804  
0.3120504891  
0.6124191929  
0.4209659218  
1.688765269  
0.5586615729  
0.5826717888  
0.5264103985  
-1.003182914  
-1.144890044  
-0.5398434465  
1.983437349  
0.4126452513  
1.957005489  
0.3121132113  
-1.038040507  
0.05367864539  
0.458132588  
3.750553322  
0.1527284489  
0.9440204358  
-0.8514330699  
-1.802328106  
-0.5235434727  
-2.460063437  
-1.682544395  
-2.093158456  
-0.3744278402  
0.6480142617  
-1.068051354  
0.3758644628  
-1.030832381  
-1.364439679  
-1.282877619  
1.350381035  
-0.5954494422  
-1.193770375  
-1.053146649  
-0.1910768883  
1.648153272  
-0.2201943338  
1.128839579  
-0.5951546524  
0.9972900432  
-0.5209462622  
0.6083809408  
-1.220954491  
-1.752537987  
0.4255577213  
-1.170599612  
0.2755402602  
0.1331663106  
1.522241888  
-0.3759978319  
-1.568896993  
0.327121393  
0.4007566616  
-1.297962691  
-1.112499923  
1.898249378  
0.2621581404  
0.5040751697  
1.597382705  
0.6648618204  
-1.077386338  
-0.4019441826  
0.9558161518  
-0.3687375687  
-0.3936439514  
-0.2555305526  
0.4886022792  
-0.4073204611  
-0.7639047762  
0.8723255137  
-1.176909613  
-2.579441973  
-1.534294691  
-1.104707098  
-1.071059513  
0.2665006224  
2.139413343  
-0.5213853866  
0.180412615  
-0.6750134076  
0.9682392523  
1.58247785  
-1.337508669  
-0.7020932931  
-0.4226320273  
1.711203151  
2.326716576  
-0.3330640966  
2.611211869  
0.142130824  
0.6874169845  
-1.739239926  
-2.51213645  
-0.08795237264  
-0.7532061491  
-2.129074002  
2.525836744  
0.6944987548  
2.004874981  
-0.3195827826  
-1.1806727  
2.096301145  
1.137761811  
0.8623357871  
3.192847452  
3.074893472  
0.3676867179  
2.358969289  
-2.574540825  
-5.106943736  
-0.577887713  
2.905278849  
0.308330126  
-5.670761063  
