-2.452291244  
-0.05398648777  
0.6297028849  
-0.008335354831  
0.2635928721  
-0.4972220456  
0.6705916599  
0.8327632955  
0.7880956807  
0.1677346644  
0.2625648215  
0.595886008  
0.8675115394  
-0.3842578144  
0.2868152921  
-0.5345989846  
0.1403154225  
1.134070854  
0.2322535699  
-0.7751163213  
-0.01734190079  
0.6319729681  
0.4080107766  
-1.156484217  
-1.804348349  
-2.208889696  
-1.258286789  
-0.9381005618  
-0.8586100876  
0.02336079721  
-0.9130502293  
0.4336706705  
0.5641606023  
-0.1111442575  
0.5628100577  
1.325985233  
1.597051247  
1.55622567  
1.939686594  
0.9410483136  
0.9955967836  
0.9152063695  
0.2743079921  
0.3837814888  
0.9079271009  
0.7553356954  
0.8857669146  
0.7557978913  
0.7856941157  
0.432111395  
-0.2341848184  
0.07749269341  
0.3359707837  
-0.3318651317  
-0.4730571734  
-1.413564263  
-0.7845333768  
-0.08031851961  
-0.6971673581  
-1.155372296  
-0.3505818129  
1.253996339  
0.2196328762  
-1.113687203  
-0.9613806095  
-0.2229125476  
-0.05663104608  
0.319723442  
0.9959343878  
-0.009298201491  
-0.725780167  
-0.7641907104  
-1.088259831  
-0.693081843  
-0.3032783997  
-1.296586172  
-1.179920867  
-0.02412004267  
-0.4702323192  
-0.2799089908  
0.6307871616  
1.439754974  
0.8522204799  
0.09036663471  
-0.8401514086  
0.166247583  
0.05505300595  
0.05111816972  
1.4869528  
2.29951425  
0.2965034047  
-0.2299940154  
0.02947239659  
-0.7589315015  
-0.7495990402  
-0.8870870443  
-1.909242772  
-1.425923681  
-1.114753204  
-0.4680909186  
-0.4211145741  
-0.4210902878  
0.5291059988  
0.5565296818  
-0.4245693071  
-0.7056071151  
-0.6339569188  
0.625912802  
0.9821244894  
0.5203895259  
0.0982070705  
-0.4790038251  
0.9294276312  
1.391993563  
1.707279332  
2.378824877  
2.859317668  
1.952164743  
0.2849102124  
-0.1024840359  
-0.6350959254  
1.169635775  
3.144951974  
2.81358586  
1.571186704  
-0.01460334398  
1.558810223  
3.959970214  
1.935002361  
0.4223384835  
1.252040683  
1.985395267  
0.6457086043  
-3.058009185  
-3.483010336  
-2.464282674  
-0.592129823  
-0.9733632564  
-0.994582344  
-0.1964697883  
-0.7307495951  
-0.7590283461  
0.7717415212  
1.334439248  
-0.2344614252  
-0.2710893426  
-0.1271235577  
0.3180788916  
1.18626455  
-0.5503085478  
-1.036853846  
-0.9725849099  
0.4564283986  
0.7501347602  
0.2891656629  
-0.6582156417  
-1.678493187  
0.2972756081  
1.166686875  
0.6470106023  
2.274272961  
3.189704633  
1.597148415  
-0.8306523604  
-2.597317968  
-1.564474311  
-0.2177754659  
1.620396984  
1.915077193  
0.2955391467  
-0.5772975698  
0.2799535963  
0.1433379194  
-0.1852938091  
-0.8833217194  
-1.268463207  
-0.8934150427  
-1.106138004  
-0.9734406204  
-0.5755706959  
0.3879084789  
1.719907844  
0.1297969266  
-2.07477707  
-3.251672684  
-2.646633829  
-0.5839195415  
-2.457568213  
-3.502750815  
-4.56523672  
-3.972404075  
-3.196835019  
-3.925626287  
-3.143695682  
-1.947107497  
-1.0128814  
1.683120851  
1.519784351  
0.5507246817  
0.8597223025  
2.338694679  
2.119012854  
2.072925122  
2.336244171  
1.930744867  
0.3049986322  
0.2833217755  
0.1913918439  
0.3695753548  
0.8852364652  
1.211186135  
0.6128982051  
0.4367949334  
0.9582828542  
2.008027436  
1.091845101  
-0.5665913094  
-0.5866625083  
0.1566901718  
1.269925259  
1.301224365  
0.3775458891  
0.1472662579  
-0.8183904891  
-0.8501137558  
0.9119592544  
0.4735197772  
-1.561817082  
-2.284627444  
-2.276265773  
-2.767705326  
-1.341800073  
-0.7135880201  
-1.545145356  
-1.15426586  
1.820107492  
1.891338926  
1.534226437  
1.023347683  
1.09162966  
0.9619088729  
0.5270736783  
-0.5553060778  
-0.8205049985  
0.4470441389  
1.013748255  
1.443861387  
2.385790451  
1.264322216  
-1.038485701  
-1.460364129  
-0.846377694  
-0.9319284271  
-0.8699760289  
-0.432340674  
-1.084537253  
-1.666119645  
-1.078646312  
-0.9997153729  
-0.7702858843  
0.349563188  
-0.1758266503  
-0.685267982  
-1.785284656  
-1.756090707  
1.492935232  
0.9804752671  
0.6000995083  
0.02324429834  
0.08035441056  
1.274049993  
2.210851587  
0.9898230942  
0.4169198726  
0.2125879051  
1.021667665  
0.03746465236  
-1.19132388  
-2.51338482  
-0.9717646958  
2.477452811  
2.498350597  
0.3018447992  
-0.5270469572  
-0.9198526522  
-2.153598338  
-1.9659845  
-2.419594646  
-1.763018853  
-0.449672425  
-0.2585727305  
0.215754328  
1.062756435  
2.535221958  
3.014435086  
1.7790223  
0.581951654  
0.2907313097  
0.397356473  
-0.003764376146  
-0.2220918206  
-0.488070998  
-0.3463355432  
0.6319779455  
0.585144092  
0.01895607949  
1.394624454  
1.546100017  
1.291795497  
-1.259370124  
-1.030077183  
-0.2783760919  
1.422374422  
0.7716700766  
-0.9171710848  
-1.182222362  
-0.6949006528  
-0.5324666044  
-0.4260671767  
-0.5223342146  
-0.4383278905  
-0.1906701095  
-0.6296095718  
-1.135415374  
-0.5739815517  
-0.006451506037  
-0.4566315569  
-0.6537329519  
-1.072734368  
-1.622353234  
-0.7549992084  
1.158862869  
1.764313109  
0.9931744538  
0.1363047148  
0.1480656532  
1.805788953  
1.669985921  
-0.5128825234  
0.6380763692  
0.2932454013  
-1.141584797  
-1.644449465  
-0.6538112395  
0.7715426649  
0.7377142321  
1.943764613  
0.4231728428  
-0.07992974767  
0.8310946341  
0.9662732612  
1.32884322  
1.399842819  
1.364880095  
0.8550222026  
0.5380609311  
0.3135021855  
1.552982609  
1.693989821  
1.88604513  
2.285201805  
2.372279138  
2.112951023  
1.960799269  
2.549638717  
2.233241405  
1.780017568  
-0.03235347234  
0.2342824919  
0.9615230252  
1.651447125  
5.253876703  
4.085146834  
2.375779739  
3.444849402  
2.7072507  
2.764702482  
-2.923068721  
-3.401961005  
-3.595398562  
-3.537419757  
-3.039048197  
-2.516226211  
-2.40849567  
-2.299735014  
-2.510274086  
-3.323523604  
-2.073526797  
-2.255390178  
-2.364905804  
-2.739262341  
-2.553201645  
-2.841079074  
-1.33371106  
-3.208136948  
-1.619701906  
-2.623579977  
-3.044667177  
-0.9831958403  
-1.472066602  
0.2007287286  
-0.3174211362  
-0.4472534356  
0.003289494881  
0.5388970215  
-0.7333050807  
1.477539363  
1.730255918  
0.4420550291  
-0.4065542247  
0.3271227236  
2.186274955  
3.354820787  
1.576258188  
-0.05851914113  
4.759956383  
2.658206303  
1.890336237  
1.857315665  
1.699013899  
4.023179246  
3.123853976  
-0.3218284854  
-0.5997440492  
-2.050884748  
-0.3732043926  
-0.6288830893  
-0.00889330793  
1.191898207  
2.1393644  
0.08122439084  
-0.3217897021  
1.886033546  
1.565306475  
-0.06824875746  
-0.1088922351  
2.116909002  
2.668283094  
0.9368688923  
-2.022372427  
-3.257674904  
1.513220472  
-1.050119618  
-2.965432241  
-2.872224128  
-4.08054622  
-3.024877845  
-3.841289789  
-5.046586291  
-4.379631208  
-4.082703345  
-4.74639573  
-2.186776565  
-2.295035224  
-2.692428751  
-2.394367048  
-0.2000504206  
1.554427472  
0.2406675217  
1.759705464  
3.040321561  
2.844873886  
-0.6420339244  
-2.064783177  
0.1946797783  
1.574549684  
2.240965026  
1.018226846  
0.610096703  
1.477625561  
0.6981588754  
0.107524489  
1.407364263  
-0.6738566459  
-0.871029958  
1.022360373  
1.59161545  
1.896207873  
1.268274852  
0.8067751351  
0.171918371  
1.373964907  
1.503779923  
2.495376027  
4.347531587  
3.156030734  
1.349169166  
1.467373557  
1.876437131  
3.718128185  
4.996105837  
3.509356351  
-2.581395673  
-1.647096135  
0.3727054796  
-0.1983472497  
-1.06015508  
0.5661723146  
-0.5472052338  
0.22424194  
0.5619726992  
0.8098886387  
1.216880301  
0.01859509361  
-0.2814137655  
-0.3816759848  
0.374665491  
0.03921883557  
1.214413065  
0.545307026  
-0.6369466083  
0.7965169902  
0.7727495705  
1.138538654  
1.420640756  
1.449199109  
2.094124888  
1.397129939  
1.439996258  
0.4209773265  
0.5190557894  
-0.6242282674  
0.8696232569  
-0.442387433  
-3.387643109  
-2.251795354  
-0.8766944638  
-1.461998058  
-2.769827822  
-2.961118004  
-2.328639146  
-3.602689252  
-2.631042878  
-1.379448362  
-3.146326452  
-3.417183556  
-2.261218064  
-0.9239322873  
-3.559013458  
-2.941119504  
-2.146575982  
-2.429942544  
-3.746635654  
-2.235055897  
-0.5804767765  
-1.119640016  
-1.410888124  
-0.1441341496  
0.8047089598  
-1.702424776  
-2.468377454  
-1.276873838  
-0.7761010051  
-3.295350079  
-0.2905213682  
-1.09412538  
0.9547168274  
1.641336777  
0.2328594238  
-1.341256836  
-1.492032103  
0.2369386325  
3.166039438  
1.425492898  
-0.5128598648  
0.230499472  
2.92002489  
2.480601817  
3.55675699  
4.638103785  
1.768705466  
0.8132603991  
3.466648422  
2.68919469  
0.2504441838  
0.7620213803  
0.7564963394  
1.218575723  
1.337045418  
1.400489509  
1.076648659  
-1.143413415  
-2.246734486  
-1.965686702  
-4.674482057  
-2.433449211  
-0.370400813  
1.697297775  
-1.469349979  
-3.080856803  
