0.2097309224  
0.4456890204  
-0.7443248832  
-1.241856866  
0.204830344  
1.40884529  
0.5707483723  
0.8551727545  
-0.6711909654  
-0.7833795856  
1.270433679  
3.184728703  
3.553626957  
1.455009392  
-1.057489893  
-0.6756493292  
0.5179585785  
-0.4776143769  
-1.387623002  
-1.878832815  
-1.500504351  
-1.318614926  
-1.130669354  
-1.574453454  
-1.192494918  
-0.06603368928  
2.074618198  
1.502949117  
0.007989181379  
-0.5902412774  
0.07082141919  
0.8899797267  
-0.3662368604  
-1.983893653  
-1.964314032  
-1.174428758  
-1.165692591  
-1.745550192  
-0.7361839861  
-1.29551874  
-1.804654792  
0.740403896  
3.994963111  
1.775486373  
-1.371607619  
-2.423870887  
-1.885863199  
0.1184224893  
0.8115211006  
0.4424869405  
-0.5793159238  
-0.6992064313  
-0.613154845  
-0.4665221654  
-0.4447038826  
0.9588911016  
1.380585903  
-0.8346007635  
-2.362898902  
-1.48172847  
0.08526868495  
0.2264767386  
-0.1621918706  
-0.1461063297  
-1.094908585  
0.6349575931  
2.533849912  
1.706338393  
-1.018446061  
-1.869584274  
-2.262440188  
-2.221531785  
-1.623455325  
-0.9468116484  
-0.1787359006  
-0.1403856507  
0.6744933607  
1.96356263  
3.510852926  
4.594269353  
0.9556447184  
-0.5141763545  
1.100026463  
2.460468488  
0.339149471  
0.7612120832  
2.501199625  
2.539146336  
2.404085902  
1.644338594  
0.25557504  
-1.088580156  
-1.886717986  
-2.036493021  
-1.853313366  
0.2371239228  
0.3843651914  
0.4760063314  
0.907016674  
1.899065114  
0.9327818584  
1.668575041  
1.487260385  
-0.320462316  
-0.4691411914  
-0.5566218734  
-1.346940648  
-1.312877961  
-0.08885314038  
-0.0716493924  
-1.030596693  
-1.448437785  
-0.8516045066  
0.4016785724  
-0.7426498696  
0.1204394576  
0.3831173957  
1.087756076  
1.16664247  
1.442441689  
0.887971173  
1.813522173  
2.261214671  
0.5302062167  
-0.5573931603  
0.3164563052  
-0.2531824879  
2.207512444  
2.508748881  
1.376076868  
1.074914777  
-0.9698067513  
-3.037222977  
-2.620239117  
-0.2514731013  
0.3260246174  
0.4992090105  
1.462506015  
2.282809073  
2.487639118  
1.830204508  
2.424706588  
2.853288696  
1.841548429  
0.4057362069  
-0.2058888702  
0.389867911  
0.4108463614  
-0.1227109002  
-0.440300124  
-1.016322866  
-0.9222595622  
-0.8247123873  
-2.409294044  
-2.813611061  
-1.563004392  
-0.7730387643  
-1.701283534  
-1.988038428  
-1.986800805  
0.1306710381  
0.8595240073  
-0.001415310396  
-0.8561044791  
-1.478501118  
-0.9058828459  
0.7390014252  
0.1520688106  
1.167782795  
0.1054026258  
-0.5812698586  
-0.8098198523  
-0.4388923436  
-0.8588006426  
-1.536480667  
-2.393004875  
-1.600785913  
-1.013546279  
-0.06338566246  
-0.3054681506  
-0.2627718146  
0.5093679776  
1.806578311  
-0.9797540534  
-1.523937088  
-2.030634038  
-2.265929209  
-4.542635856  
-5.658523115  
-5.288109074  
-2.860056631  
-1.523157274  
-2.590592938  
-4.303097621  
-4.779043207  
-2.846931933  
3.55652806  
1.595957054  
0.8226964337  
1.388869992  
0.1689830381  
1.302321495  
2.876890193  
3.531416457  
2.435297181  
1.290232396  
1.845102772  
2.457288449  
2.383541484  
1.119496955  
2.099748879  
1.227744845  
1.514943464  
3.052183297  
1.361691928  
0.9745025233  
2.205504015  
2.629943543  
3.377573271  
2.548667456  
1.711731475  
0.1298653252  
-0.6881995851  
-0.8634177694  
-0.5836042595  
-1.081228036  
-1.273598445  
-1.696970993  
-1.078752826  
-0.2139558331  
-0.426254464  
-0.9536176658  
-0.6574905752  
0.6260435791  
2.77089296  
3.212214156  
2.157276662  
0.9649009246  
-0.619058585  
-0.8912426319  
-0.9343651339  
-2.453181741  
0.01646468459  
-0.9876016704  
-1.683982273  
-0.4165743831  
-1.961161644  
-0.4728838982  
-2.29336406  
-1.864678156  
-1.453396129  
-1.462582553  
-1.172511892  
-2.04676175  
-1.458096503  
-0.9845158202  
-0.3740153098  
-0.6497039658  
0.9647532887  
1.317778442  
1.575513369  
1.443722223  
1.7816062  
2.093207747  
2.1640398  
2.225007255  
0.8685200673  
4.09448515  
2.841878408  
0.6191537898  
1.181950493  
0.5792436348  
0.009353404497  
0.3551397341  
-0.7712022355  
0.6185078735  
0.488256938  
-1.838191461  
-2.624730814  
-2.365363084  
-1.851272082  
-1.641499831  
-1.020554801  
-1.877659926  
-0.9524610209  
-0.6377048249  
-1.843926648  
-1.410247773  
-0.8693248276  
-1.095302733  
2.479292912  
2.047226098  
2.97355488  
1.3150802  
1.239687103  
1.861821556  
0.3289212485  
-0.2524270283  
-0.1201530903  
-0.5703055366  
-0.1260993991  
-0.5404761524  
-1.276286318  
-1.326894503  
-0.6772249497  
0.1792663251  
0.7702675974  
0.5218969844  
0.6649954675  
0.6613531281  
0.6089649041  
0.8327401593  
-0.01529065908  
-0.3966425185  
0.02365567204  
-0.1809267381  
-0.8880208289  
-0.9153050347  
-1.171908744  
-1.912562958  
-0.4978853961  
-0.001894244414  
-0.4388194658  
0.5955345128  
0.2382160209  
0.2566056161  
0.08177559394  
0.05433298281  
1.133076575  
2.103045672  
1.760798924  
1.697874312  
2.614596077  
2.310574177  
2.413609933  
2.681021005  
3.679030515  
2.138993405  
1.812347795  
0.5998996847  
0.4839464016  
-0.4400287693  
-1.284870922  
-1.107477841  
-0.4714891835  
0.001786229971  
0.873349703  
0.6450892489  
-0.6166156551  
0.3284767422  
0.7042973365  
0.04261663367  
-1.229851971  
-0.8972248815  
-0.9430128685  
-0.07892826305  
-0.9604101441  
0.1334264167  
1.201326514  
2.996772246  
3.381058109  
0.9715419135  
0.01137019394  
0.0353725083  
0.9733101163  
-1.735356374  
-1.003708463  
-0.4193683865  
-1.310707535  
1.289731804  
1.187451449  
5.811550064  
4.302904701  
2.058836839  
2.073625121  
-0.4183203607  
-2.598403811  
-3.655029627  
-4.795998951  
-4.328555309  
-1.724886474  
-2.870045679  
-2.732983688  
-0.9454264748  
-2.293061061  
-1.743405279  
-1.776361815  
-2.638856698  
-3.077680133  
-2.363968601  
-2.509777655  
-2.658118513  
-2.780857053  
-2.170519339  
-1.0392615  
-3.443672221  
-2.965352512  
-2.15190028  
-2.538868754  
-2.724485858  
-0.02186454323  
-2.649154878  
-2.324894281  
0.9735885779  
4.073162656  
0.02349313511  
2.407616388  
3.002245057  
1.445731405  
1.82060964  
4.270321895  
2.714784624  
0.6288221158  
1.934757177  
3.94002845  
6.086351915  
7.786371398  
5.022819118  
1.275889222  
-0.462251445  
-0.8067226224  
-2.457645799  
-3.489954515  
-3.326775732  
-1.856110111  
-2.60752448  
-0.5158188127  
-0.9607459131  
-2.339657151  
-0.7028608651  
1.67932139  
0.7546359824  
2.896823977  
3.714043089  
1.943983411  
2.745140547  
3.596227206  
2.868029019  
-2.55570274  
-0.4410755192  
1.528561315  
-0.8996527544  
-2.876087528  
-3.304697036  
-3.67549362  
-2.721628354  
-5.127451007  
-5.76636286  
-2.79254864  
-1.204962022  
-2.078252277  
-2.853024814  
-1.555891651  
0.07250132702  
0.5063084074  
-1.597692584  
-1.122354671  
0.4066961221  
0.5482433749  
0.5541164678  
2.907398329  
2.022190924  
-0.1105634555  
0.5649954167  
1.277043482  
-0.4902223981  
-1.433631225  
-1.941177412  
0.7715442826  
-0.1376709236  
0.680605861  
2.877211813  
1.061476924  
-0.9650901181  
0.5243342568  
1.678171546  
-0.06177398849  
1.97751317  
0.7322286456  
0.6547194212  
1.429502326  
1.89098499  
0.5590386934  
-1.373402909  
-0.855111945  
-0.2227702843  
0.8571775159  
-0.2289754423  
-1.449647303  
-2.381432968  
-2.07305565  
2.679265356  
0.9626361493  
3.862954292  
3.013746826  
0.9308097381  
0.4763855473  
0.1225718339  
2.5183133  
1.277469787  
1.27118961  
0.5698389193  
0.905204197  
0.6513001186  
0.1717947434  
-0.971655417  
-1.902621138  
-0.665616314  
2.057047505  
1.577995487  
1.405218126  
1.088355389  
1.081513367  
1.224374535  
2.651594469  
2.157656041  
3.822312917  
2.479535581  
0.8760285703  
0.4942835974  
-1.361354287  
0.7337267313  
-0.3129641033  
-0.1433247937  
-0.3949514873  
0.2757073017  
-0.05492452187  
-1.723276215  
-1.977766411  
-0.4860798769  
-1.069097186  
-2.454661866  
-0.4014125701  
0.7235407969  
-0.967234074  
-0.7133510755  
1.078766796  
-0.5993993701  
-2.151497074  
-0.8506965938  
-1.091056627  
-2.205763995  
-1.741113025  
0.8066059169  
2.158997674  
-1.057131902  
-0.7013837264  
0.8769687945  
-0.5093903432  
-1.645309373  
-0.1500992872  
-2.199437059  
-3.402274026  
-1.870129161  
-0.5169932066  
-1.546260671  
-1.202077495  
-1.14441088  
-0.904502618  
-2.941766169  
-1.685283582  
1.305734287  
0.05067905831  
-0.6582680179  
-1.845816365  
1.862101163  
0.1926400491  
0.9551874991  
1.058470271  
-0.4599554532  
0.1388748131  
1.108620473  
0.04025783628  
0.4929263513  
0.3703937717  
2.250473138  
2.730876494  
0.4899321833  
-0.6676013557  
1.192380455  
-1.884386899  
-2.281248723  
-1.519649942  
-3.835934332  
1.771212934  
-0.8104518389  
2.283081895  
1.319596928  
-1.518235891  
4.353606301  
