0.6935976694  
0.5138552219  
0.376119847  
-0.2683756144  
-0.1044345203  
0.2262036204  
0.2071200071  
0.4277342269  
-0.4867847578  
-0.2069690401  
0.111786282  
-0.1427270402  
-0.3657496842  
0.172985041  
0.2640812285  
-0.2526204766  
-0.2679193214  
0.2432232209  
-0.4732507303  
-0.5615339184  
0.04811247878  
0.1447284948  
-0.1314529977  
0.2629108591  
-0.5953889102  
-0.04715574981  
-0.2267717551  
-0.3131852045  
-0.06797770425  
-0.1106942722  
0.3678235926  
-0.3340655523  
-0.7022351186  
-0.5208803474  
-0.3128645054  
-0.1365783229  
0.4265282994  
0.4658978643  
0.6178135896  
1.000675645  
0.2412731217  
0.7126143187  
0.908668825  
0.1670536529  
-0.3914463065  
0.1457881029  
0.5700629863  
0.7973917454  
0.3336535467  
0.3923365142  
0.1040709227  
0.369767966  
-0.007015110728  
-0.179582454  
0.244559188  
0.224224527  
-0.1142357942  
-0.07466016161  
0.1300665582  
0.2023131594  
0.491407627  
-0.5151335748  
-0.1860901057  
0.6075481113  
0.03678586509  
0.3667446731  
0.05856699089  
-0.01603275934  
-0.2175272128  
-0.3443268235  
-0.425981533  
-0.7949146561  
-0.2080240072  
0.7393636589  
0.8824552755  
-0.1777148851  
0.6267124276  
0.5352020131  
-0.1561504398  
-0.8712592582  
-0.1691462025  
0.3535934072  
0.2499239277  
0.3155632111  
0.4611636931  
0.1992003302  
0.02658882476  
-0.05923425281  
-0.6743047638  
-0.7497349658  
-0.6749755562  
-0.2973824671  
-0.6349668963  
-1.081493096  
-0.1561922261  
0.09353807363  
0.1398234449  
-0.1177284419  
-0.2057805738  
-0.3398069591  
-0.437206694  
-0.7864889769  
0.06846837992  
1.30149632  
0.01789720003  
-0.1940635561  
-0.1148234576  
-0.3940106133  
0.267224817  
0.3724299435  
0.416745658  
0.4488266391  
0.6382476685  
0.4961389913  
-0.4722322817  
-0.1611297264  
0.5969398651  
0.6313786078  
-0.1865089098  
0.3249506948  
1.77972335  
-1.222985362  
-2.084333184  
-0.3353921703  
1.536435836  
-0.6424772181  
-1.204562  
-2.141294909  
1.641739528  
1.644835632  
0.5942108715  
-0.2593375345  
-0.3579777516  
0.4553081803  
-0.1709219324  
-1.168562478  
0.1232123574  
1.168210974  
0.7376871064  
0.5144933612  
1.127019597  
0.2830401285  
0.1085928423  
1.287948625  
0.3846095581  
0.7388867968  
1.564739881  
0.1815476277  
-1.288022828  
-0.6950086666  
-0.2458171733  
-0.3967415319  
-0.03090097951  
-0.3951752265  
-0.6100359284  
-0.1628453813  
0.1724629132  
0.1758861889  
-0.7135747545  
-0.4908432472  
-0.06115356608  
-1.741893216  
-0.3532117535  
1.296387171  
0.1566035431  
0.03961191274  
-0.4310213957  
-0.304553959  
0.8160906276  
1.400278318  
1.061003491  
0.2513754447  
0.6531345702  
0.3990874572  
0.3927835247  
1.143187695  
0.8660324658  
0.9544517013  
0.633578348  
0.5674355497  
0.189794031  
-2.249070883  
-2.801072409  
-0.7200350451  
-2.389595014  
-2.270785707  
-3.406838752  
-3.712090597  
-2.838957054  
-3.390331834  
-2.50961878  
-1.861324513  
-1.867964561  
-1.210279076  
-1.223302577  
0.2127794198  
1.89757315  
0.7585904434  
0.799084429  
0.4354898644  
1.40862857  
1.239386293  
0.5592051601  
0.7854241462  
1.558472561  
1.868048733  
0.9553348687  
1.124493165  
1.248648036  
1.456190796  
1.675004005  
1.151776111  
0.5664322618  
1.643247809  
1.643931725  
1.677905052  
1.778734458  
0.9847020976  
1.186513888  
1.046074169  
1.025852752  
0.8119279876  
0.1867263778  
0.5137798835  
-0.003849388046  
-0.43649204  
-0.2879895577  
-0.8241391326  
-0.7139793743  
0.4041135382  
0.5749396932  
-0.08889991147  
0.1475377569  
0.1244086291  
0.8454285951  
1.44765702  
0.2622105501  
0.5844563139  
1.466934168  
0.733663016  
1.118690208  
-1.052953074  
-3.366247488  
-5.750728325  
-0.8065886247  
0.1636923608  
-0.3422828397  
-0.6737691602  
-0.9558331808  
-0.5367415119  
-0.6917993645  
-1.793746764  
-0.2471523809  
-0.03174569761  
0.03007494634  
-0.5399215908  
-0.9357778378  
-1.416049051  
-1.394974359  
-1.739649598  
-1.840716271  
-1.437794123  
-1.236628566  
-0.447011289  
-2.093592648  
3.143308524  
1.120406119  
-0.191308877  
-0.5135512087  
-0.7588994267  
-0.2773776063  
-0.01829153658  
0.2451942109  
1.611240713  
0.6108549805  
-1.153809193  
-0.8669424031  
-0.01677103811  
1.332949312  
1.719308205  
2.172069107  
2.015839053  
1.612708898  
1.936082638  
2.386016123  
2.097820429  
1.436431635  
1.534094327  
2.447470847  
0.3410756402  
-1.588082764  
-3.960243764  
-3.839069994  
-3.444858208  
-1.294940284  
0.8041364864  
0.3990685566  
0.2901490357  
0.4804232208  
0.2727087995  
0.05738499692  
-0.007627173266  
0.1396090375  
-0.06730002169  
0.1207493723  
0.3611791844  
1.075411558  
0.3007689736  
-0.6174449156  
-0.6525752807  
-0.7335291483  
-0.8923637774  
-0.6472062294  
-0.4152930967  
-0.5392061974  
-1.066452385  
-1.345886161  
-0.4631912865  
-0.1874090922  
-0.9576644009  
-1.375462792  
-0.4631519699  
-0.5772282555  
-1.022817302  
-0.862283899  
-1.000207523  
-0.9801334617  
-0.7973876979  
-0.7912317988  
-1.41633782  
-1.4791998  
-1.445456497  
-1.38374416  
-1.264109034  
-1.429050633  
-1.425517731  
-0.8327049801  
3.128817777  
1.937095751  
1.951369721  
3.656824852  
3.522683176  
2.949117822  
2.572134659  
2.802175446  
1.627629299  
1.664846379  
2.496400628  
2.304013951  
2.102969793  
2.700303126  
2.649453592  
2.407760868  
2.384052587  
2.329387245  
2.071946017  
2.108799385  
2.155368809  
2.397452555  
2.023194325  
2.66641468  
1.148358926  
0.09484204683  
1.68206414  
0.5189968456  
0.3968140443  
0.4984490016  
0.5303756034  
0.2066135938  
0.5335272167  
-0.286041891  
-3.100432887  
-0.4968179969  
-0.4712645481  
-1.278739242  
-0.2874258117  
-1.742398243  
-1.511434536  
-1.574656998  
-0.4702052087  
-1.551384829  
-0.5342424019  
-2.428316679  
-0.736824746  
-1.083233969  
-0.6328626964  
-1.353810723  
-0.439834317  
-0.6281592847  
-0.1954791022  
-1.674483637  
-1.059446337  
-0.6902474911  
-1.569086733  
0.1720189288  
-1.046148766  
-1.065440749  
-0.05097593503  
-0.3087794853  
-1.600845777  
-3.30912894  
-0.5231762031  
-1.219094295  
-0.07632271399  
0.9198425754  
0.3522398222  
0.4548433737  
2.018445669  
1.619559046  
1.043901299  
1.141254778  
1.728708401  
1.313997405  
1.600282367  
1.033878519  
-3.497302431  
-2.568908823  
-0.8704309234  
-0.7748636253  
-0.4982440224  
-0.3524478739  
-1.536690381  
-2.133947548  
-3.21040447  
-2.385714716  
0.368172198  
0.5384390115  
-1.635509242  
-1.94070323  
-0.9094408759  
-0.9587879615  
-0.7906819835  
-2.029030649  
0.8083292252  
3.622459194  
2.176309192  
0.000880450649  
1.314034653  
-0.1749733937  
-0.9050296015  
0.0525902438  
-0.4131998193  
-0.4574580501  
0.3654718915  
-1.769095369  
-0.4782371041  
-0.7343849488  
-1.769451519  
-1.31537851  
-0.1126979318  
-0.2792764962  
-1.306877378  
-1.172845271  
1.053438506  
1.824007997  
-1.258210407  
-2.412343178  
-1.141155994  
-1.313776565  
-2.745900465  
-3.089574124  
-10.51513608  
0.9203809673  
0.2058311436  
0.1695135331  
0.6258566926  
1.153944801  
-0.9734578526  
-1.514196687  
-1.401827674  
-1.137203207  
-0.4559821063  
-1.31200734  
-2.224113945  
-1.92149605  
-1.835422738  
-2.851453868  
-2.208768884  
-1.712180151  
-1.968510154  
-1.978979835  
-2.108317263  
-2.662560261  
-4.641567597  
-5.780908252  
-6.039819327  
-7.074485839  
-6.447888076  
-7.160634629  
-9.421381458  
-5.964432788  
0.7128342963  
-3.090932042  
16.25412371  
7.249018441  
3.231759461  
3.876274019  
6.769419367  
10.05688147  
9.3393163  
7.098107384  
6.866067327  
5.366215553  
5.580896495  
5.398431319  
3.991624084  
2.771664207  
2.814402601  
3.837359361  
3.918920812  
3.399596786  
3.056622241  
3.480769038  
3.289034447  
4.12529187  
3.637280771  
5.498895964  
1.657472068  
2.710102778  
3.10990689  
0.9906827007  
1.545328584  
0.5903151535  
-0.07429179621  
-1.045190225  
0.1048262402  
0.5373769834  
-1.599192277  
-2.405982506  
-0.05035688592  
-0.1055125391  
-2.078173994  
-1.082282051  
-0.9842557016  
-2.075843955  
-1.259711729  
0.6977027558  
0.8164191823  
-0.6693416803  
0.1226953978  
0.7459814885  
0.01049030696  
-0.2094177033  
0.5876670486  
1.985363331  
0.1025602055  
0.4586720576  
1.942370416  
0.6121791645  
0.2639596925  
-0.2780317659  
-1.289237695  
-1.717621415  
1.686560915  
3.46139778  
1.674281751  
-0.1494429927  
1.156195839  
2.039076376  
1.980902008  
0.05330404319  
-16.12816139  
-13.39333457  
-15.2949063  
-6.253074782  
-4.457394077  
-0.4900802681  
1.941354431  
3.019559951  
3.331088088  
3.70764556  
1.110052757  
-2.663608436  
0.8041508858  
1.375091102  
1.619224783  
-1.338167871  
-3.168964889  
-5.042918332  
-2.251495593  
0.3817545017  
-0.8115797229  
-1.399620302  
-0.9075031556  
3.781953494  
2.455633085  
1.627336203  
0.6972922017  
3.099643115  
6.820399682  
