-0.9397847609  
0.5078972611  
1.84825445  
0.2749225035  
-1.105940433  
-0.6460588818  
0.4133037187  
1.687108494  
1.094313205  
-1.524783997  
-1.938709073  
0.05889667184  
0.8144461689  
2.175136696  
0.8155093553  
-1.59111214  
-0.3240407135  
1.280372988  
0.9037668926  
-0.2182617974  
-1.993005319  
-1.336501087  
-0.07011749352  
1.173463773  
-0.8201533847  
-1.812782016  
-0.211529297  
1.738640449  
1.660020601  
-0.2912392127  
-2.00353346  
0.190653174  
0.7975890653  
0.6964474076  
0.05095917393  
-1.126943826  
-1.756756223  
0.04516420144  
0.6495325785  
0.2608531923  
-0.9748219626  
-2.083607254  
-1.307792574  
0.9047872401  
0.7952444541  
0.3531286936  
-1.221963011  
-2.882168256  
-0.2047581867  
0.5997823795  
0.1172766347  
-0.4614298335  
-2.035391508  
-1.962898336  
-0.1373776814  
0.2052715327  
0.9899063105  
0.08745713069  
-1.356754047  
-1.910084676  
-0.4292199042  
0.5002779084  
-0.2219777494  
0.5826627442  
-1.390066304  
-2.381778388  
0.323366203  
0.8962205426  
-0.2681555065  
-2.027185741  
0.1683783536  
0.6082952269  
-1.858283219  
-1.941993975  
0.8426167523  
1.797288923  
0.9367829126  
-0.395012529  
0.4441058215  
1.501900576  
1.245416825  
-0.5355065975  
-0.1871923191  
1.427759258  
1.249708198  
-0.6555340924  
0.7800280939  
2.728108561  
0.580142206  
-0.6312511291  
0.06799174442  
1.118174831  
1.020485847  
-1.333259453  
-2.63799299  
-0.5750873226  
1.776882999  
-0.7918518998  
-2.159306104  
1.37935817  
2.25522097  
0.2213344556  
-1.037803292  
-0.3206782493  
2.179959471  
2.608007768  
0.8260268918  
-0.3826902872  
-0.6816144925  
0.7397095086  
1.149722842  
-0.5270345304  
-1.527974938  
1.332797481  
2.687162637  
0.5098038294  
-0.9036847724  
0.5380073554  
2.041366032  
0.1350303568  
-0.3684691013  
0.03481356679  
0.8471722235  
3.517176103  
0.435198964  
2.505900529  
0.7704504042  
-0.1405625238  
2.445942006  
3.099584125  
3.625158162  
2.641182978  
1.610033635  
-0.8842501763  
-1.17871822  
1.336088693  
0.01988408455  
1.617460986  
2.407888992  
1.27998588  
2.127079346  
2.974296222  
1.298801947  
2.069679803  
2.137979348  
0.4951093604  
1.878662308  
2.270111242  
-0.6250939337  
-0.2606510198  
0.09218608707  
-0.6734831953  
-1.739271997  
-0.6595918439  
-2.342758748  
-2.077136025  
-0.3068413068  
-1.644945728  
-1.226642036  
-1.070825379  
-1.100944503  
0.5397722349  
0.2350645317  
-1.080931555  
-2.538264416  
-3.400126716  
-3.024099267  
-1.206766513  
-2.976427292  
-1.593594456  
0.05968362809  
-1.300748663  
-3.599289885  
-2.133924302  
-2.247165135  
-3.260242122  
-3.624254259  
-2.511173855  
-0.9216006165  
-0.9075643731  
-1.561549247  
-3.941556165  
-3.702426261  
-0.9792513157  
-2.379655892  
-3.615616939  
-2.869414468  
-3.151662127  
-5.592348677  
-4.009447963  
-4.920778665  
-3.764311534  
-3.068874119  
-2.893606051  
-4.088124748  
-2.99167307  
3.94991816  
5.294421515  
3.006713426  
3.135793085  
1.385911714  
1.205353287  
3.311094822  
2.298616944  
0.372172082  
2.899440321  
1.343627226  
-0.6133653009  
2.960755827  
1.442070782  
0.5035295573  
2.887000195  
0.613486913  
1.274854422  
2.455754433  
0.2062954608  
2.031392674  
2.007908713  
1.827695299  
3.681194812  
2.627355127  
3.107816456  
1.631566818  
1.855093166  
2.409096346  
1.136222334  
-0.2559054809  
1.159836324  
-1.70605802  
-0.8132669842  
0.7180145157  
0.9029083082  
-0.6436321785  
0.05219405327  
2.425840917  
2.194801983  
2.298063235  
0.281010803  
-0.3031843615  
-0.8154798941  
0.675641442  
-0.9484598193  
-3.137983705  
-1.390486426  
-0.7309329658  
0.2333423154  
0.3306780047  
-0.6077545746  
0.3141386775  
-0.8377238275  
-0.1772680182  
-0.1364233705  
0.1389709555  
-1.483441423  
-1.708002016  
0.3284518482  
-0.1991136647  
-2.228413922  
0.05235878225  
2.504167339  
0.4973387066  
-1.519504922  
1.169142974  
0.5891561483  
1.960962724  
1.568245351  
-0.6949850498  
-1.067616753  
1.990974117  
1.216171732  
0.1938516514  
0.7696914447  
-1.157157074  
0.1918083763  
2.637837731  
-0.5031201768  
-0.2091533416  
0.306759412  
-0.7063319965  
-1.062212478  
-3.297267819  
-1.152669696  
0.9406288206  
-1.179486025  
-3.502345167  
-1.674149269  
-1.150748816  
-2.546564599  
-1.888745628  
-0.1070087923  
2.19061155  
3.909231867  
4.100501181  
1.762461265  
0.1345536338  
1.635062827  
0.6828741701  
0.1187079487  
0.1107031435  
-0.5412565164  
-0.6612529515  
-0.3110703544  
0.2604288923  
-0.9846383518  
-1.246251951  
0.1564724332  
0.7958494054  
-0.1857106094  
-0.9670758562  
0.1488497628  
-0.1132054613  
-0.4773749783  
-0.8482415945  
-0.9215159008  
-0.9236959865  
-0.1667855057  
-0.6190650857  
-1.033718959  
-0.6714682747  
0.01098448112  
0.1917599197  
0.02686677088  
-0.7632023092  
-0.4311081613  
-0.1386747194  
0.4478311833  
-0.3151030356  
-1.064867855  
0.7000490919  
0.9481514725  
0.9837586744  
1.213104928  
1.169352079  
2.425765257  
2.663223473  
2.121691081  
1.533939727  
3.030144114  
5.094888358  
3.247564745  
1.923038386  
2.490631935  
2.500519437  
1.223381066  
2.357866752  
1.802189733  
0.7919340878  
2.978376212  
1.638756501  
-0.617398298  
-0.2480027555  
2.230466744  
0.1804555757  
-1.439699037  
0.1715713963  
1.280576339  
1.113343472  
-0.5163138035  
0.5882612062  
1.904780769  
0.7530477123  
-0.2693876127  
-1.761038233  
-0.7187206075  
1.491329659  
0.2653816486  
-2.04638346  
-0.02660021347  
-2.701338289  
-1.885076966  
-0.07334615692  
0.8784503094  
4.071312227  
2.829766678  
1.425106989  
1.945917405  
-1.108232994  
-0.2611723843  
-2.774645294  
-4.210980564  
-3.051149536  
-1.09082289  
-2.076048938  
-2.404468696  
-1.727562524  
-2.143806429  
-0.3938111858  
-3.356299092  
-1.94808832  
-1.818951371  
-1.831273916  
-2.960108483  
-2.46650879  
-3.930024159  
-1.461632713  
-1.743110032  
-3.469151499  
-2.179207635  
-2.845619021  
-2.794162501  
-1.894417374  
-1.191668976  
-1.843777995  
-1.973444229  
1.36239933  
3.48628638  
2.128446474  
2.695562968  
2.268317999  
1.017616047  
1.154854076  
2.868361336  
1.56845127  
0.8397456809  
3.868002965  
-1.142350865  
-3.489846758  
4.237318434  
3.16288275  
3.008952655  
0.9247013141  
0.5839041729  
-0.5906474424  
-4.087729807  
-3.308589933  
-0.2434562713  
-0.972170561  
1.053478656  
1.67774196  
0.8021636081  
0.6196197301  
0.362011354  
0.2477689521  
1.539945868  
1.785732064  
1.517490628  
2.895498575  
1.806625282  
0.03171075806  
-2.780988794  
0.675102823  
1.364388449  
-1.572166229  
-1.311786802  
-1.283131471  
-0.05358626374  
-0.5495970094  
-2.886306505  
-3.64923172  
-1.686981479  
-0.6143980901  
-1.408002613  
-1.785352981  
-1.085840953  
-1.973147776  
0.6213267188  
2.760538544  
1.545866777  
0.8763610322  
-0.9151636356  
-2.543769298  
-1.101883479  
-1.991871984  
-0.9293032991  
-0.5624966404  
-0.9216383151  
-1.505828613  
-1.670661262  
-0.7501853987  
-0.7375377583  
-2.425667508  
0.89564544  
0.1936147463  
-0.4809471132  
-1.20324758  
-0.2793993654  
0.06188402254  
-0.7052803558  
0.9807275994  
-0.9750622055  
0.07797622182  
0.3287634142  
0.5371262223  
1.972626758  
-0.3063885666  
-0.943464736  
0.9096951423  
2.978495189  
1.249049865  
0.7474739139  
-0.4959465906  
2.738629442  
2.757222305  
0.2144677073  
-0.04812568312  
-0.8386934039  
0.2660470521  
0.656567333  
2.769895176  
2.32011564  
2.027552018  
1.84367575  
0.2230899565  
0.2654581576  
0.8790070441  
-0.02284619238  
-2.105585858  
0.5833431333  
2.439362102  
0.5038967956  
1.330447198  
1.335849855  
-0.2160447363  
0.1597271624  
0.1414647473  
2.113715503  
0.2408956853  
1.579007637  
0.7093426562  
3.164015109  
1.662294754  
0.329927379  
0.723587735  
-0.5871660851  
1.004820086  
-0.2110099271  
0.7906986296  
-0.8100442827  
-1.202086143  
-0.3709184302  
-1.12523368  
-1.055873837  
-1.114779108  
-0.1021552712  
-1.854978115  
-1.613670713  
1.160074233  
0.7168741865  
-0.04863565463  
-0.9649595795  
-0.4534383704  
-0.7521038785  
-1.686474978  
-0.7525648459  
1.335799121  
-0.2956367326  
-0.2153388284  
1.763210253  
0.7578913663  
0.4515820303  
0.4655062244  
-0.4713767842  
-3.306431246  
-1.939553549  
0.9138369762  
0.8111208634  
-0.6611641176  
-1.416897088  
-1.430797756  
-2.617540502  
-2.217750667  
-2.91444384  
-2.330543524  
-0.2129038376  
-2.511579841  
-1.711451411  
0.7258324935  
0.02904632051  
2.48234206  
1.186374847  
0.7500767191  
1.534716233  
-0.938035429  
-2.291321633  
-2.073577245  
-4.398883334  
0.7335426043  
2.007243745  
0.4549105562  
0.7582851432  
-1.742870373  
-5.076547298  
-2.715775085  
-5.018372755  
4.918511536  
8.746311094  
4.378442745  
0.9305128531  
-4.586947916  
4.960012686  
