-1.213609507  
0.1929415865  
0.03157522792  
-0.251729681  
-0.1978550429  
0.04603423327  
0.1263592831  
1.53319572  
-0.3548970104  
-0.6883806633  
0.1892190037  
1.524493238  
1.263907968  
0.876915274  
-0.3971942589  
-0.8840756613  
0.7535304159  
0.2812257898  
-0.06055123917  
-1.048767027  
-0.6710715518  
0.03323251636  
-0.1231074997  
-1.056803047  
-1.96233054  
-1.724509649  
0.7230064774  
1.402708132  
0.8487976161  
-0.04026993116  
-0.7399202788  
0.9598409317  
0.6552440437  
0.3989724035  
0.3661906331  
-0.3172691646  
0.2222343928  
0.9434275499  
-0.3668483264  
-1.262736172  
-1.523599523  
-0.5007661522  
0.1664083179  
0.5292081145  
1.410446851  
0.883196094  
0.6007796838  
1.579629656  
1.687229397  
0.4020914028  
0.2667271557  
0.3574006141  
0.2601993519  
0.903143351  
0.8559377091  
-0.1105740882  
0.1191810884  
-0.3591121955  
-1.328420792  
-1.30211443  
-0.3951668503  
-0.701120676  
-0.5953537853  
-0.5689131676  
-1.48245228  
-0.7160924621  
-0.1625486007  
0.5791823678  
-1.394400801  
-2.147766547  
-2.062744981  
-2.046319176  
-1.62732965  
-1.225162988  
-0.7460391403  
0.1662057575  
0.2440172836  
0.7526797028  
1.969208026  
2.41002197  
0.8929201281  
-0.1713566273  
1.357583114  
2.579547233  
1.473965909  
1.097335946  
2.803343281  
3.477596581  
2.406964229  
1.626263867  
0.8215015703  
0.2661096196  
-0.1595578697  
-1.138680223  
-2.452648253  
-0.5249521845  
-0.1897330434  
-0.4040744658  
-0.3734666159  
1.351510371  
-0.004685253147  
0.3213178566  
0.2971970711  
-0.644440915  
-0.05096448652  
0.2565793345  
-0.9644654536  
-1.293218932  
0.07361657426  
-1.398583642  
-1.760521053  
-1.917836295  
-1.62750472  
-0.3406178478  
0.4475423425  
1.042003863  
0.3835033408  
0.7093821112  
1.767760113  
1.797241653  
-0.4191378713  
1.063604114  
0.1727389788  
-0.7233327623  
-0.3453724771  
-0.06337311751  
1.13752109  
4.082723014  
-0.09653903795  
-2.754861057  
-1.675709872  
-1.614565096  
-3.874295763  
-4.051739654  
-2.542049632  
-0.9081545054  
-1.572958028  
-1.301552596  
0.204873368  
1.306850644  
0.4517800119  
0.5940270011  
1.138539382  
1.719270586  
-0.5869566716  
-1.06807588  
0.1648832068  
2.182072613  
1.37131303  
-1.663443384  
-0.324388069  
0.1765779693  
1.545343845  
-0.1755700976  
-1.303459304  
-0.293492086  
0.6656646752  
-0.6477735148  
0.4221939973  
1.344036237  
2.303490267  
-0.03582969521  
-1.013580183  
-1.392103905  
-2.170849119  
-1.022010056  
1.354645772  
1.31957499  
1.813703308  
1.428768419  
1.422713593  
0.1869033373  
1.329795834  
2.141310326  
2.712616334  
1.618037671  
1.077628627  
0.702984888  
3.051114082  
2.870907569  
1.870828  
3.121358387  
2.491562649  
-1.604678251  
-0.7124608344  
-0.4801950451  
-1.840100517  
-3.550768036  
-2.99593517  
-3.192683519  
-2.275524896  
-1.903706916  
-1.128387563  
-1.673420807  
-0.6063897227  
1.667181013  
3.53177939  
-1.627552744  
-0.8762385014  
-0.1681775601  
-1.441900697  
-0.8014369994  
-0.1723636342  
-0.2224991091  
-0.6550751517  
-1.393460724  
-0.9063163057  
-1.158540953  
-0.2822370077  
-1.426591113  
-0.4299873672  
0.01920240322  
0.4115437578  
1.767594459  
0.3483429298  
0.05422741112  
-0.09084197021  
-0.07660022171  
1.131574338  
1.681012799  
0.4041913164  
-0.3544549005  
-1.435615086  
-1.340749601  
-0.7980498344  
-0.9106736032  
-0.3258328378  
-0.3946991312  
0.4219707576  
0.7278280253  
1.064663465  
0.5499260267  
0.4133105997  
2.039493183  
4.199708417  
4.042616318  
1.450778849  
-1.160920091  
-0.01853082921  
-0.09673698367  
1.034636026  
-0.9722777308  
-0.04665162916  
-3.355484727  
-2.892767966  
-2.352442153  
-0.8990289774  
-0.2743810268  
-2.59362292  
-2.094507803  
-0.3507601288  
0.4145763864  
-0.8392456666  
-1.581397957  
-0.3762018962  
0.8449100104  
0.3632798305  
-0.781559519  
0.4909876636  
1.60855391  
1.332396823  
0.9853455928  
1.915958089  
1.599319418  
2.36404911  
2.741190601  
0.1828825144  
1.299162493  
-1.463183371  
-0.8890519857  
-0.9332343149  
-1.223169199  
-2.16424816  
-1.049488584  
-0.9117959279  
0.6657631052  
-1.964949272  
-2.937855014  
-1.381311364  
-0.1961414126  
0.7271769939  
-0.02210733148  
-1.014174862  
-1.072967212  
0.2841013673  
0.5469723718  
-0.07162842497  
-0.02544814686  
1.395166772  
0.0009470591681  
1.598863773  
0.9560441409  
0.9510989829  
-0.0757156273  
1.19452165  
1.021808327  
0.4365457521  
0.3489090458  
0.163462312  
0.1091573413  
-0.5024287403  
-1.017896282  
-1.120478871  
-1.1511973  
-0.8656226171  
0.2499399165  
2.147605476  
0.804029736  
-0.7550631137  
-0.07532666394  
0.7987870758  
-0.01067306477  
0.2664712239  
-0.4151689666  
-1.353688243  
-1.310345513  
-0.6702568403  
-0.169930888  
0.09265295484  
1.009008348  
1.817205897  
0.8365795395  
0.4030677849  
0.2511175153  
-0.4926137221  
0.5560502841  
0.189939819  
0.1776144333  
0.2074885316  
0.8315876958  
1.529098331  
2.029771709  
1.435441468  
0.8308756728  
2.316823792  
3.25265941  
3.455453603  
1.177451503  
1.232079776  
-0.8998670604  
-2.239795895  
-2.24408582  
-1.894020176  
-1.989486078  
-0.6403882859  
-0.8214348111  
-1.047472913  
-1.734688048  
-1.460103859  
-1.130528187  
0.2227833405  
-0.124868493  
-1.277998133  
-1.592844637  
-1.197955688  
-1.114802804  
-0.1253487424  
-0.06005981641  
0.1754001381  
1.492741549  
1.546746291  
2.734845932  
1.306199441  
1.778415239  
0.2284024485  
-0.6608988349  
-0.6494310891  
-0.4094831996  
-0.4761426061  
1.885630744  
2.23394831  
6.110457835  
0.890226423  
0.04802953257  
1.412918108  
-0.4973014227  
-1.944215107  
-3.678465741  
-3.481527124  
-3.077225366  
-0.5859080208  
-2.902612173  
-1.708379381  
0.06281710157  
-2.887257987  
-1.706678228  
-1.622136435  
-0.3751823577  
-0.9064687071  
0.1521250326  
-0.7140834652  
-0.09867875797  
-0.3058633685  
1.044897099  
-0.4018791225  
-1.413617913  
-0.2117218213  
0.006907579886  
-0.34985501  
-0.1444518359  
2.584891378  
-2.126197971  
-1.807182905  
0.3179700561  
1.507064778  
-1.302009209  
1.417458177  
0.664271402  
-0.02156513683  
0.8157534757  
2.712922123  
2.207410271  
0.7538711964  
1.245267976  
0.6144928552  
5.275289391  
5.88804774  
-0.7056818434  
-1.595205113  
0.1487857067  
0.5303017042  
-2.796613119  
-4.087432451  
-1.581688179  
-0.1569606464  
-2.351585175  
2.525121403  
0.2759476936  
-1.267776241  
0.1317763781  
0.8749276416  
0.3948240881  
1.975255025  
1.449590483  
-0.3247325672  
3.001260748  
5.070898538  
1.543634226  
-4.549587529  
-1.312794005  
-1.097992886  
0.6021157869  
-1.384757947  
-4.467876709  
-3.284759297  
-3.447559738  
-4.389000281  
-3.760032775  
-1.946950873  
-2.324790483  
-3.499962345  
-2.727063463  
-0.6266626338  
-1.240774425  
-1.956119788  
-1.986304204  
-0.7587157406  
-0.08983225548  
0.2540604323  
1.384540348  
2.302748918  
1.866437488  
0.4614996437  
-0.6653737891  
1.997891593  
2.496637105  
1.930085078  
4.168906681  
3.429126138  
2.019890448  
2.46987666  
2.327410784  
2.209610516  
0.8804603582  
1.789396812  
2.511549479  
1.121554299  
1.916445425  
0.7997783138  
1.724390197  
1.771971393  
2.527900328  
1.420830277  
1.816626951  
3.664848618  
1.101850856  
-0.746833575  
0.669376537  
0.5652665348  
-0.2620057867  
-1.566478176  
-1.903960321  
-2.490688745  
-1.23817262  
-2.813759479  
-1.960418292  
-1.624384297  
-1.656407602  
0.9126006684  
-0.2740862442  
1.451045738  
-1.847142003  
-1.879288753  
-0.9374548827  
0.2852151101  
0.5726264419  
-0.44001027  
-0.1950354216  
-0.4544231825  
-1.310933753  
-1.31336392  
-0.06044660969  
1.360024912  
1.119942984  
2.325719653  
1.582040828  
2.582916832  
1.087865659  
1.833439254  
0.5237521098  
0.8067471888  
1.649248747  
0.9599137247  
0.4435851042  
-0.459441773  
1.263851751  
-0.4887379821  
-0.3719202968  
0.005369223856  
0.1234721482  
-0.771399818  
-1.807884727  
-0.3722941616  
0.07781866338  
-1.236031373  
-0.4913376891  
-0.8076986104  
-2.946301741  
-2.634480126  
-1.03660224  
-1.982060455  
-2.128176703  
-1.404605462  
2.006498801  
0.3611847016  
-2.945262199  
-0.8601756972  
0.3794598774  
0.5557249916  
0.0689628456  
0.8712935394  
-0.577703575  
-1.130707792  
-2.00306182  
-1.995586999  
-1.409291682  
-0.1171733777  
0.8786669632  
-0.7337760917  
-1.344345252  
0.1276368223  
4.491788915  
1.707990415  
-2.032410493  
-1.874974778  
1.010107918  
-0.4809234012  
1.623494049  
2.365885186  
0.1741706695  
0.7371795562  
0.1385306514  
-0.6743385433  
-0.6161656275  
-1.146859339  
-0.08540130062  
0.433654881  
0.9535949269  
-0.905283754  
0.3857552132  
0.6862958119  
0.71273626  
-0.5342131134  
-1.599360157  
0.8262701382  
-4.703979892  
-0.4383609069  
2.375946984  
2.467654681  
1.731093547  
