0.1390615205  
0.5310067018  
-1.562486464  
1.116832055  
1.336915215  
0.6135907938  
-1.470211484  
0.2598126688  
0.1982868887  
1.71213416  
1.075871242  
-0.09888870917  
-1.62923148  
-2.779204535  
1.010381985  
0.8022217337  
-0.3551374702  
-1.777025986  
-1.049903678  
0.2958025789  
1.637158907  
-0.3699296347  
0.08328249443  
-0.4560323388  
0.05030164879  
-0.7119293995  
1.098635029  
-1.499680572  
-0.5099356866  
1.221081626  
1.640054285  
1.229458349  
-1.049886175  
-1.603726149  
0.4791666395  
1.536232796  
-0.7204273183  
-1.010703326  
-0.3905569532  
-0.8925000242  
1.197422828  
1.232477398  
-0.3485371152  
-1.223682912  
-1.806169864  
0.01031130791  
1.895124754  
0.1362918243  
-2.315469837  
-1.289003686  
0.6369145373  
0.6698331248  
0.6699485314  
0.3908203212  
-0.3467793941  
-0.02333986195  
0.9886215454  
1.997352902  
0.6341593425  
0.4071092601  
0.1845302159  
-0.2972161971  
-1.29844613  
-0.4045841532  
1.235759897  
-0.2846855136  
-0.414039525  
1.063894727  
0.9242186969  
-0.2730628374  
-1.382044032  
-0.3549537489  
0.8592202892  
-0.342828  
-0.02536802205  
-0.5445528135  
-1.00556966  
0.6535653296  
0.08227305054  
-1.57098631  
-1.964496469  
-0.05936443871  
1.256828333  
-0.9809963039  
-1.925768656  
-0.4994123428  
0.04846139791  
-1.946060925  
-0.7127285682  
0.1388817385  
-0.1844718496  
-2.28610964  
-1.441803658  
0.6532774706  
0.06614118065  
0.7072780886  
0.660624788  
1.039007757  
-0.3039591219  
-1.427497325  
-0.8040575032  
0.4645285631  
0.8353164682  
0.6711856802  
-0.1601303922  
-0.137033922  
1.95826683  
2.145317247  
1.363988054  
-0.1805223535  
-0.4541311704  
0.7077761404  
-0.1476337087  
0.8126950662  
0.6116291216  
0.1983031053  
-0.1678004465  
0.850851458  
-0.2283009577  
0.008232876237  
1.696298502  
0.01679343176  
1.013003757  
-1.158716888  
0.3167458622  
0.04939130075  
-0.7994005474  
-1.129490096  
-0.114659272  
0.6766869744  
1.670548951  
1.031842351  
0.9827362533  
1.544329133  
0.9138134645  
-0.3291844078  
2.464955376  
0.7798451391  
0.08661881672  
1.102227872  
0.3891193017  
-0.4292319567  
0.8603593013  
-1.360928375  
-0.3543489592  
-0.8402983078  
-0.355762898  
-0.888146544  
-1.075152446  
0.03332636075  
0.5767943964  
0.6707421915  
-1.140767638  
-1.131176013  
0.9556115892  
-0.7070826877  
-0.9642053827  
1.641222383  
1.290942604  
-0.8834949838  
0.1921417968  
0.1741713832  
0.8653586132  
-0.2984338705  
-1.175034987  
-2.56449383  
0.2595926548  
-0.4637042055  
0.5876450911  
-0.9438358691  
-1.234883298  
-0.01974695634  
-0.6788877741  
-0.4144732596  
-1.161554606  
-1.098826039  
-1.273155571  
-0.488710606  
-0.2921707289  
0.8733111796  
0.5732848211  
0.3771743118  
-0.6794183738  
-1.308351357  
0.6662317144  
-1.799157054  
-1.766675952  
0.6745663649  
1.12320507  
-0.0430757653  
-0.5182640756  
-1.20238366  
-0.2631238335  
0.01113921865  
-0.3857730349  
-2.262932711  
0.9760340348  
1.262895331  
0.7801750278  
-0.9627655956  
0.2746612485  
1.553873958  
0.1032604481  
0.6007680438  
1.565401432  
-0.09061382961  
0.4172604222  
1.48531184  
0.02536684321  
0.7746946383  
1.335618283  
-0.5545162453  
0.2344846868  
-1.194522579  
0.2171947163  
1.489995299  
0.165595223  
0.741077122  
0.5113991695  
-0.913972439  
0.1025252147  
-1.23805395  
-0.6462531723  
-0.8091460009  
0.6090253926  
1.214370592  
0.6936064876  
0.2411226493  
1.921172798  
-0.4019327653  
-1.14981365  
-0.5804826012  
0.1982666689  
0.529809853  
-1.5118752  
-0.8272445867  
-0.3489766622  
0.09840197105  
-1.270795734  
-0.9521876809  
-2.074916084  
1.159437006  
0.4297598788  
0.6699375833  
0.6187431407  
1.560525634  
0.2704680995  
0.7314909616  
-0.3091562018  
0.4635087538  
1.22665861  
0.6030781141  
-0.9251936765  
-0.2179371392  
0.610798985  
0.7439734831  
0.2467572967  
-0.5435341518  
0.5670421813  
-0.3795076297  
0.188528124  
0.7253952906  
-1.680991759  
0.03414489547  
-0.6175581517  
-1.577321951  
0.5627377277  
0.114092502  
0.5928236985  
-0.2963665285  
0.03128229935  
0.003264374252  
3.016448396  
0.397959993  
-0.7554880483  
0.8842459862  
-0.7489911561  
0.7484631894  
1.320377639  
-1.294605377  
-0.1269560941  
-0.9086270356  
-1.743996383  
-0.3738439578  
-0.9480694219  
-0.4830856305  
-0.6050496217  
0.7864509535  
-1.059806975  
0.02036502135  
0.8920032037  
1.206213119  
0.2548697085  
0.4256818237  
0.1158620699  
-1.370090972  
-0.3034651602  
0.1611642189  
0.6751646221  
0.0857869143  
-0.3510233168  
-0.2533731255  
0.8257171949  
-0.6940353132  
-0.2677078421  
-0.4288134516  
-1.298177851  
0.1827014452  
-0.4804450874  
0.08967278448  
0.4807005569  
-0.7815643039  
-0.3042954732  
0.6940135587  
0.8626203626  
-0.1163077  
-0.278344655  
0.6598132802  
1.149222358  
1.542255496  
0.1113116582  
-0.5614490537  
0.7992873183  
0.03375163704  
-1.53171836  
-0.3129797477  
0.5341085268  
0.8847084644  
0.7121209025  
0.220210712  
0.01864206778  
0.100386939  
0.5067726798  
0.1182201526  
1.13367567  
1.331767654  
-0.007222010337  
-0.004044820883  
1.291280637  
0.4312804201  
-0.8641921917  
-0.1632838026  
1.006164362  
1.679596853  
-0.6450828698  
-1.153829798  
0.2800492394  
-0.3942693554  
1.274351378  
-0.006967877499  
-2.054660413  
-0.9016656948  
-0.7248771806  
-0.3957517602  
-0.3385989927  
-1.298845734  
-1.343847747  
0.04629470745  
0.8018007785  
-1.064005063  
-1.95023023  
-1.546429725  
-0.892000517  
-3.000276682  
0.1479035124  
-1.3126306  
-0.4170355029  
-2.184893686  
-0.6550213358  
-0.1720281399  
-1.847989477  
-2.121969082  
0.1527993227  
-0.4158399041  
0.3572619528  
-0.3644732644  
0.2563921211  
0.0491822146  
2.031810702  
0.6547412994  
0.1193651741  
0.2578810912  
-0.3980782522  
-0.03364253795  
-0.1660856252  
1.878383525  
-0.6787492435  
1.90631141  
-0.408237245  
0.3815089334  
-0.5281089348  
0.5871966023  
-0.7434870579  
1.5324089  
-0.8412184836  
-0.8533848814  
0.1459090485  
-0.215496099  
-0.01037487459  
-0.6321147519  
-0.6156308262  
-1.702196252  
-0.8670446806  
-0.1156878069  
2.102541563  
2.698248908  
0.7174720602  
0.4216452696  
0.01026790159  
-0.4310614474  
0.09077917334  
-1.077740188  
-0.3545216045  
0.2306296318  
0.1698514647  
-1.360521225  
-0.7319075271  
-1.587877011  
0.1070602801  
-0.01385394206  
-0.3785705446  
0.229556267  
1.256403293  
-0.5941760072  
2.015129634  
-0.03513289902  
1.484005263  
1.207632721  
-0.4782880918  
0.3197345929  
0.3310591149  
-1.254884618  
1.611781893  
1.615423347  
0.3034301226  
-0.8718551011  
-2.060552604  
1.516045588  
0.4541944683  
-0.9444588256  
0.9864168198  
-2.319069803  
0.05242623395  
0.9762347373  
1.04836032  
2.118652319  
1.803090617  
0.533563095  
1.755196611  
3.071873678  
1.248313366  
0.05758186374  
2.399159429  
1.745096586  
0.9634786434  
-0.1433623565  
-0.2249723939  
-0.003538038501  
1.25910162  
-1.990789858  
-0.2827960771  
-0.9770991204  
0.6641905957  
-1.681929739  
-1.030561607  
-1.345926238  
-2.301918047  
-2.454523933  
-1.266491529  
-0.9380343703  
-1.120418323  
-2.002206762  
-1.588470105  
0.6502394254  
-1.327579465  
-1.617743603  
0.4788878643  
-0.6654691048  
-0.6090267492  
-0.3158089684  
-0.8258188789  
-0.7017426273  
-1.452230414  
-1.840904016  
-0.2371919471  
-0.5212167991  
-0.4213327266  
-0.9351314507  
0.1949373611  
1.078992425  
2.312501914  
1.997473451  
1.286599652  
0.9091948544  
0.20393543  
1.753755118  
-0.5920799036  
-0.8689604302  
-0.795980117  
-1.579360177  
-1.206613108  
0.9807936677  
0.7233364474  
0.6934414617  
0.6298514892  
0.490947299  
-0.4219667255  
0.4613667935  
0.7231479582  
1.379939132  
0.2712196425  
1.064971535  
-0.3345911443  
-0.1657515783  
-0.226935136  
-1.575286765  
-0.6924815628  
-1.034644228  
0.6052174302  
-0.8835454819  
-0.02738328112  
1.30379427  
-0.6563770501  
1.221862247  
0.2348795448  
0.7632318304  
0.07345977231  
1.339650848  
0.6310480592  
1.006975252  
1.983671654  
1.455954424  
0.2612495288  
-0.153261746  
1.041809467  
-1.405200115  
-0.2153692197  
0.7264663938  
1.230632674  
0.3442045467  
0.739854007  
2.531396059  
1.463407388  
-0.1322817399  
0.8230308194  
1.910471963  
0.4432197981  
-1.169589422  
-0.2370301625  
0.05269433157  
0.1189119676  
0.6888152649  
0.9543316324  
1.494693485  
-0.304618477  
0.3356147691  
-0.5408137705  
-1.784312211  
-0.1529324729  
-0.02218377391  
-1.273624336  
-0.1297184773  
0.03593118203  
-0.3880190022  
-1.094156916  
-0.02583921961  
-0.4470850372  
-0.9516687635  
-1.144514249  
-1.153036615  
-0.7742654091  
-0.8329658203  
-1.192679777  
-1.154687428  
-1.387134544  
0.4432680891  
0.03728406179  
0.387316275  
0.3174024648  
-1.350594866  
-0.4762767249  
-0.2744624658  
-0.5161150709  
-0.9004628607  
0.7371726975  
1.8984322  
1.454626283  
1.453191951  
-0.8432980803  
3.604146567  
