0.254460283  
0.02425529469  
-0.2120945043  
-0.4686513223  
0.1759081977  
0.495638123  
-0.0721144506  
-0.9667484752  
-0.352198017  
0.489181581  
1.187942613  
0.5653869165  
-0.1222265277  
-0.2697982782  
-0.1379162595  
1.940956944  
1.033118419  
-1.461212996  
-1.408879721  
0.152211212  
1.463132798  
1.227757602  
-1.465144929  
-1.992813282  
-0.7227493249  
1.010267722  
0.8545380373  
-0.6336733537  
-1.374008237  
-0.1161424532  
1.437284651  
1.171386586  
-1.352675634  
-1.220940841  
-0.01054454414  
0.8090178026  
1.430355171  
-0.2095316643  
-1.110309371  
-0.1148864319  
0.5389539174  
0.5699424838  
0.5852895552  
-0.9905555857  
-1.033874975  
-0.03180101337  
0.722573099  
1.250193716  
-0.6391919559  
-0.6465038079  
-0.4985866203  
0.575700119  
1.078577086  
-0.3761624887  
-0.6861790393  
-1.019545376  
-1.576742832  
0.08814944461  
1.451957331  
1.23387813  
-0.04922550663  
-0.6516786371  
-1.011348823  
-0.5387878788  
0.8916841813  
2.144833397  
-0.7707084137  
-1.215477115  
0.143045543  
1.155933596  
-0.5028801592  
-0.4881101924  
-0.03800160185  
0.4971402542  
1.090755373  
-0.6600617032  
-0.3783687798  
1.119753786  
1.336731571  
-0.5789456543  
-1.551584197  
0.8949378856  
1.317181333  
-0.262897701  
-0.9003225205  
1.246390451  
1.305445636  
-1.535355997  
-1.586820051  
0.1576284948  
1.214465095  
-0.7686911912  
-1.155957454  
-0.03501282361  
1.395736686  
1.203621622  
-1.615765469  
-0.2718731773  
1.559824906  
-0.0257833814  
-1.914360403  
-0.8778235896  
0.5843771954  
1.196617861  
0.3305896472  
-0.6109556879  
0.5085912692  
1.329393651  
1.717971798  
-0.06432202404  
-0.4876573478  
0.6753164381  
1.588056005  
0.7727564967  
-1.062570052  
-0.3078212354  
1.181272729  
0.3149761294  
-1.2925004  
0.1218208452  
2.362542857  
-0.7637918128  
-1.103781588  
0.4329259099  
0.8205840713  
0.4141573925  
1.368015021  
4.58725208  
-1.153180122  
-1.460363847  
-1.416356487  
-0.5984312047  
-0.1675826094  
-0.333940289  
0.8120704571  
-0.6494375153  
-1.114248632  
-1.232666935  
-1.577659144  
-0.4233657394  
-0.7588095601  
-0.8691686973  
-0.4808497295  
0.2760799138  
-0.9903953325  
-0.3914433774  
-0.9214071332  
-0.7228850565  
2.369942276  
1.190011034  
0.1516272832  
0.5758434013  
1.456877594  
-0.06114266377  
0.3645763803  
1.402073537  
-0.8488926182  
-0.150007693  
0.9677161127  
-0.1302285833  
0.9052190679  
0.1868760824  
-0.08384325582  
-0.03325819956  
-0.08120321529  
1.803371615  
2.419647789  
-0.3035401845  
2.289152862  
0.8054147655  
-0.8219704171  
0.2163009735  
1.119027198  
0.9305841117  
-0.4610954534  
-0.7344995615  
1.00104107  
0.1537381086  
-0.8245416985  
-0.8992988038  
0.7670544796  
5.333476703  
4.880947251  
-3.448235576  
-1.717702451  
-0.4269266695  
-0.1750764212  
-1.922896579  
-0.6880056302  
-1.3016011  
-1.805617522  
-1.599744246  
-2.161958793  
-1.27278679  
-0.6140949672  
-0.2406503858  
1.121329907  
5.370680705  
-0.2274381609  
-0.9239172424  
-0.4501013437  
0.2901610486  
-0.6253451941  
-0.7681305036  
0.803124376  
-0.7536326893  
-1.219313551  
0.2279766445  
-0.5982575994  
-1.314950258  
-0.1138694536  
-1.471109161  
0.1057423462  
-0.1173342228  
-1.310563222  
-0.326345049  
-0.4798093888  
-0.6851082418  
0.6378185276  
-1.120580596  
-0.6176792853  
0.5761648277  
1.811536554  
0.1198694677  
-0.8079349272  
-0.03575595108  
1.331879134  
-0.925538026  
0.1506725228  
0.6430031379  
-0.9795698711  
-0.8477946732  
0.5480934869  
0.2998048562  
-0.1121513743  
0.4470905306  
0.8833383239  
-0.4522024183  
0.9494723069  
1.469694941  
1.071078025  
0.9471396418  
6.391350391  
4.303001913  
0.05128723889  
-1.096676301  
-1.458811526  
-0.7242194045  
-1.664311753  
-1.497804617  
-1.263865571  
0.09865272645  
-1.448285109  
-2.128972194  
-0.7415653552  
-1.049400348  
-2.588325064  
-1.149871978  
-0.4494819025  
-2.814644344  
-1.837175785  
-0.1309750853  
-0.5194453737  
-2.112259174  
-2.126517715  
1.161500052  
1.044829811  
1.175697773  
0.7921084923  
1.850906459  
0.6634396318  
1.339264473  
0.6059263683  
0.4783182891  
-1.926860719  
0.5774752835  
-0.1425395644  
-0.5782281275  
-1.227964898  
-2.153198542  
-1.847759289  
-0.7737338119  
-2.846068906  
-2.731244537  
-1.984513916  
-2.418674961  
-3.554854088  
-2.237972543  
-1.971068139  
-2.919254783  
4.433234363  
8.351051388  
5.382268887  
3.336088264  
2.824550373  
0.7520608836  
-0.7935599791  
-0.4608523983  
-0.2843434529  
0.1856575486  
0.1189346925  
-0.8569395551  
0.02018567404  
-0.5285069996  
0.2337314611  
-0.5104159257  
-0.6848349118  
-0.4245959847  
0.6901412602  
0.08192462761  
-0.5453042113  
0.5376448582  
1.455597813  
0.2715497792  
-0.140909284  
-0.5508457671  
-0.3944344957  
0.5149657007  
0.6177537969  
0.03250411782  
0.4123114651  
0.8027348054  
1.784570698  
1.270860201  
0.3758375569  
0.8685954789  
0.5644457153  
2.050544495  
1.950664546  
0.9721235222  
0.8904953917  
2.710184969  
2.622081255  
2.024743125  
1.461980715  
2.142636736  
3.433599752  
5.965698964  
-2.025309907  
-2.019042668  
-0.2314559525  
-2.548105287  
-2.768056969  
-1.359447734  
0.2589191211  
1.004137889  
0.3286854825  
-2.245401075  
-2.165024983  
1.255503393  
0.3248933285  
-1.990523045  
-1.86006399  
-0.990859853  
-1.717147063  
-0.8504890114  
-2.108495296  
-0.6056671391  
-0.9562139536  
-2.218855049  
-0.5354506575  
0.0362527651  
-0.1034233678  
-1.81778257  
-1.351773193  
-1.556033677  
-0.4587796917  
-1.989524056  
-2.291719869  
-0.4132512511  
-0.8213538315  
2.675934984  
-2.517665806  
-1.574209871  
0.4258076485  
-0.09897361497  
1.920094319  
-1.294830031  
-0.2016389258  
2.122460486  
0.1849107758  
-1.718258879  
0.1545370053  
-0.4973110221  
-0.6495154414  
1.008242554  
-1.195538146  
-0.2692395424  
0.01354720666  
-1.058003803  
-0.4314078457  
-0.3675678142  
-0.5622475806  
1.893341966  
-1.990111931  
-1.605331231  
1.154597311  
-0.8818202266  
0.5487444814  
2.538107136  
4.51867466  
-2.181740654  
-1.913002447  
-0.5081029697  
-0.3161071873  
1.255639581  
1.261059745  
-0.8512278239  
0.231491493  
0.4241386884  
-1.012023978  
-1.820427772  
0.2021160641  
0.962953209  
-0.9990007697  
5.290099435  
10.81519532  
-1.337013769  
-0.5455611087  
0.7812923831  
1.703494425  
0.7947310955  
1.239689407  
5.005508876  
1.529610484  
-2.174963527  
-1.24101303  
-0.4000738383  
-1.424679516  
-1.184669857  
-0.7335143896  
-0.7874936236  
1.721191326  
-1.594951126  
-1.915528902  
1.718687137  
1.994943856  
-0.06711494567  
0.5275176421  
6.072713506  
-0.06631946096  
2.03851879  
1.49623475  
-0.0290520446  
1.30627096  
-1.814824185  
-0.4775699871  
3.056475755  
1.081214986  
-1.770072831  
-1.015721382  
0.5512123456  
1.135488717  
-1.565568787  
0.1667447186  
1.047633484  
-0.342515185  
-2.236792408  
-0.5403618427  
2.589030303  
2.950641307  
-5.858177365  
-2.031065775  
-1.229781792  
-1.555599468  
-1.635731992  
-0.2876820981  
0.443151813  
-1.347980685  
-0.7769501655  
2.138588407  
-1.81811414  
-1.314816157  
-0.9148841207  
-0.5459200411  
-0.1209844759  
-0.7642954024  
0.5862763537  
-0.4606475921  
0.1810360772  
-0.01552805774  
-0.3866382249  
-0.2976054278  
1.586787948  
4.009385574  
4.113049867  
0.3624191297  
-1.023403907  
0.4365790316  
2.502772905  
2.883219736  
5.967643834  
-0.5602918912  
3.265896876  
0.09921071068  
1.218899627  
0.7255996435  
-0.9530894543  
-1.285025712  
-0.9470779934  
-1.317295789  
-1.301182551  
1.647192163  
0.6363840867  
-1.143819032  
-1.034290075  
0.401948885  
0.1410425901  
-2.037114628  
-0.3066340295  
-0.4817298759  
-0.04183652545  
0.550612842  
-1.696867672  
-0.7952284757  
-1.595648776  
-1.077235952  
-1.776114746  
1.544622592  
-1.404933213  
-0.6047568047  
-0.823292345  
-1.192408117  
-0.3000659884  
-1.438756191  
0.6058176015  
-1.324401624  
-0.1570029541  
2.688420717  
-0.6321520723  
-0.6126385199  
1.022156463  
-0.6159163038  
-1.224951405  
-0.6179937147  
1.74748041  
-1.055396773  
-1.372064603  
-1.358241921  
0.1888602818  
-1.295707278  
-1.439562294  
-0.4028135326  
1.289169756  
-1.51644831  
-0.8672960111  
1.469100491  
-2.211346858  
-1.07857441  
-0.7625936563  
-1.154678614  
-0.3085884088  
2.940127517  
-2.122396536  
-2.549758197  
-1.62489451  
1.482367539  
2.106040803  
-3.717521276  
-2.288149994  
-4.240034411  
-8.115371837  
-0.7838347587  
2.596625457  
2.270045338  
4.904940483  
0.9838540201  
1.399584981  
-1.881102147  
-1.28554961  
-2.362481873  
-0.07912959347  
1.716419837  
0.8083885516  
-1.980709981  
2.087934659  
-3.2921452  
-0.3504654975  
4.193631948  
-3.801462197  
-2.406111663  
5.862851486  
1.314773391  
-5.578550617  
-0.1025646678  
9.496315384  
-3.272766187  
-2.007645404  
7.560368236  
-1.006296637  
