0.190373232  
0.6484110042  
0.1506692983  
-0.9514011388  
0.5752170693  
-0.1515870417  
-0.436851324  
0.8574282952  
0.7975738213  
-0.2980717396  
0.000171621706  
-1.06786007  
-0.6699918619  
-0.4014271804  
-0.1173841118  
1.843399279  
1.098940603  
0.4514820793  
-0.2888853716  
-0.5180459376  
0.2715233272  
0.3979825602  
0.6744921171  
-0.3224649039  
-1.706036017  
-1.098421577  
-0.01712423939  
-2.116363134  
-1.34526514  
-0.9170062775  
1.433990966  
0.9235520694  
-0.5442752183  
-0.7949306676  
0.6825609922  
0.02235209164  
-0.3850208584  
0.4645091519  
0.8866118717  
1.186064592  
-0.2553285124  
0.1053468211  
-0.7817272545  
-0.4738532221  
-0.6847922038  
0.7081522361  
0.120219484  
0.03625380195  
0.04518187331  
0.9098427019  
-0.4623068089  
-0.7353035031  
-0.241417095  
0.6907344156  
0.6061836853  
-0.8737405457  
-1.205963556  
0.09558702218  
1.476843356  
0.2885904378  
-0.0002611799785  
-0.09026504342  
-0.3001783579  
0.9052436237  
-0.6017757625  
-0.7684369549  
-0.7611118977  
1.064416727  
0.4155512799  
0.4788187567  
-0.1903871637  
0.2000402592  
-0.899936227  
-0.4638440795  
0.4310636674  
-1.006335054  
-1.640367205  
0.7468446521  
-0.6548843393  
-2.808691535  
-2.369417608  
0.3322683124  
-0.2941102697  
-2.3905548  
-1.914490231  
0.5213406343  
0.1728018584  
-1.988935459  
0.01396825067  
1.587002375  
1.359475809  
0.7941553251  
-0.2358885245  
-0.5818586512  
-0.1687079966  
0.4621013235  
-0.8109567113  
-0.7851108791  
0.2208511678  
-0.7331897582  
-1.123278771  
-0.723632696  
0.5331522296  
3.524198802  
1.52773752  
-0.263655828  
1.075710472  
-0.1620418364  
-0.06578040364  
1.819720324  
-0.171648631  
-0.9668972029  
-0.09938061243  
0.7328690579  
-0.9783692011  
-1.805319502  
-0.1728058212  
1.773743369  
-0.3758295025  
-0.7015928048  
0.2604879182  
-0.5442765  
1.65084785  
-0.6782675118  
2.253654335  
1.426373413  
1.077428455  
-0.1813559687  
1.428468805  
0.6587315438  
1.400334951  
1.778063275  
2.790683965  
2.95686996  
1.784966371  
-0.1878852124  
1.51875393  
2.553494854  
2.731422404  
1.072996521  
1.035533448  
0.4032540543  
2.574075749  
2.002199631  
0.6616867702  
1.516993861  
1.96858707  
0.3192114086  
0.291316473  
-0.9397768737  
-0.8184636254  
-1.124566299  
-1.123752454  
-1.994762418  
-0.3932164912  
-1.742166472  
-3.21178968  
-0.1264933915  
-1.562032079  
-1.242603638  
-1.44189668  
-2.017362976  
-1.304958583  
-1.250713185  
-1.529609278  
-0.8720481523  
-1.148757955  
-0.9918356347  
0.5655776824  
-0.1776735431  
-0.9192724917  
-1.658610585  
-0.7732019524  
-1.996034254  
-2.022577436  
-1.085172793  
-1.192923946  
-1.509159973  
-2.210273798  
-1.602152906  
-1.444972879  
-0.5107425177  
-0.9814016847  
-1.331771972  
-0.6352517451  
-1.234396991  
-1.067836454  
-1.155222272  
-0.06750826836  
-1.481358828  
-2.174391473  
-2.334530403  
-2.415843876  
-1.542066805  
-1.742188643  
-3.296450458  
1.582224829  
3.083753366  
1.567370587  
-0.8626349256  
0.34988698  
2.403238949  
1.013173522  
0.4472690461  
3.409293876  
2.130422459  
1.035934406  
2.802868076  
1.030343653  
0.7468931026  
2.950558498  
1.978852618  
1.136945035  
1.419494371  
1.358930972  
2.643504958  
1.34314261  
1.048042333  
0.5300462234  
0.5473651855  
2.667551788  
0.8059667136  
0.9599565844  
0.977211562  
1.276374325  
0.7552446971  
0.124538269  
-0.797611976  
1.297007999  
0.1646337828  
-1.22720223  
-0.7347990877  
1.207177223  
0.9195713861  
-1.300160787  
-0.3496844892  
-0.9531976782  
0.3963018029  
0.1246979875  
-2.055072083  
-2.202192962  
-1.180230215  
-0.8767676985  
-1.310136001  
-0.07246948809  
1.403388833  
-1.489297592  
0.7564147686  
0.2062884158  
0.8171618591  
0.717812921  
-0.2706770287  
-0.9637537757  
-0.2942669223  
0.8859184447  
-0.2447664408  
-1.500841905  
-0.1118299814  
0.2587321497  
-1.111989934  
-0.8213477799  
0.9211827693  
-1.507544477  
-1.322443551  
0.4289958752  
1.454143958  
0.9937308415  
2.661944575  
0.7596813335  
-0.5896705545  
1.749807989  
0.103811223  
2.047327922  
0.7647384809  
0.3870317233  
1.688801592  
-0.01045359495  
0.3889071544  
-0.5224334691  
-1.615828481  
0.4514997655  
-0.7356320461  
-0.9346357609  
-1.127028229  
-1.155476737  
-2.333613944  
-1.615486449  
-1.531425008  
-0.8934052115  
0.6637869809  
2.77039849  
0.5084329847  
0.9714561594  
1.594730221  
-1.056886067  
-0.319665003  
0.01226744873  
0.2492767253  
0.04876505892  
1.079821436  
0.1485254136  
0.5082332261  
0.4116485795  
0.233542875  
-0.03070363465  
-0.6658887876  
-0.2092438194  
-0.06746657075  
0.09823890127  
-0.5417955434  
-0.09345900274  
-1.069150806  
0.3005177723  
0.3961707184  
1.186050121  
-0.299499048  
-0.3824527696  
-0.9414862398  
-1.55085266  
0.3012611247  
0.01627902059  
-0.1387431508  
0.6082317757  
-0.229940003  
-0.8218721782  
-1.549036889  
-0.8409369362  
0.3824868551  
-0.5163662872  
-1.64520592  
-1.424241347  
-1.29262289  
-0.3402823273  
-0.4144929769  
0.2449907072  
-0.149956665  
-0.6020211902  
1.440302096  
2.034145876  
2.43147176  
1.289952523  
1.536164572  
1.574649877  
1.889663392  
0.7426252291  
1.726116738  
2.236489459  
1.694575829  
2.489019994  
1.830969219  
1.429280311  
1.066135523  
0.9938995696  
1.595083835  
1.663686903  
0.9850467931  
0.645267789  
0.269806066  
0.4907174593  
-0.9574226742  
-0.1537227425  
-0.2510563162  
0.1154700451  
-0.1123197321  
0.3371346764  
-0.002879737481  
-0.3021770864  
-2.374015066  
-0.9186665235  
-0.7960449175  
-1.90888343  
-2.486481497  
0.3106380679  
1.633335701  
0.5418378719  
0.5545612089  
0.0877594748  
0.114416583  
-0.5627766421  
-1.820711279  
-0.6389640577  
0.2542278147  
-0.9753359075  
-0.06452673089  
-0.9192536664  
0.9635216952  
-2.443508413  
-0.2838196392  
-1.560880759  
-0.2491269757  
-1.637212953  
-1.014542077  
-2.294326555  
-1.982003251  
-2.001526233  
-1.640998494  
-1.361669121  
-1.818526438  
-1.084826277  
-1.263517255  
-0.5984982927  
-1.511415565  
-1.503725493  
-0.01928680693  
1.691292456  
0.8507034109  
1.168558741  
2.225799827  
0.2678699237  
-0.8971570734  
-0.3988488635  
0.3561801553  
0.7700201488  
1.14750662  
2.537641358  
-0.1862060059  
-1.350051754  
-0.4292369337  
2.255720782  
0.7963410426  
1.896982672  
1.853452043  
0.9947185267  
-2.010227956  
-2.011679083  
-1.249065824  
-0.508408035  
-0.2851625656  
1.845188968  
1.916413475  
1.050339106  
0.6942165137  
0.8828549755  
1.438721804  
1.036881635  
0.5159506736  
-1.480091281  
1.168199861  
1.393197121  
0.6281649825  
0.5140148129  
-1.098480989  
1.026137534  
1.819263052  
0.4015615195  
-0.0723663879  
0.2789551931  
0.1319575051  
-1.296351595  
0.4180132808  
0.7178111469  
-0.7522892919  
-1.147787265  
-2.294321873  
-2.127350407  
-0.05420190379  
1.701588881  
1.306566909  
0.2137447811  
-1.348374818  
-1.450544605  
-1.35344842  
0.1407428709  
-1.479099672  
-2.241029211  
-2.497854932  
-1.737207885  
-1.667394344  
-1.813609298  
-2.592386881  
-1.307104254  
-2.202731558  
-1.787946205  
-1.182865006  
-0.2156217104  
0.3006308528  
0.06883976979  
-0.1802642072  
-0.5996667684  
-0.1057288719  
-1.162396136  
-1.610108425  
-0.4759969348  
-0.9493176141  
-0.9717810244  
-3.011085439  
-2.755703557  
-2.6427863  
-1.523321472  
-2.200568175  
0.0311012712  
1.914529006  
1.768799445  
1.203639725  
0.5917239603  
0.9854639825  
0.8491655851  
1.47231262  
1.125274207  
1.526710267  
1.355010906  
0.6302283008  
1.155998141  
2.437894913  
1.785253576  
0.8699838861  
0.9441114884  
1.351852292  
2.622817727  
1.503324856  
2.103207476  
1.517747264  
1.972490586  
1.61602594  
2.777284511  
0.3915355118  
0.7480087937  
0.6102173398  
0.8961373382  
-0.04040309533  
-0.2375259074  
1.346011925  
0.8353321599  
1.155612231  
0.1356877307  
-0.6428026323  
-0.7026519536  
-0.4231912291  
-0.9874332043  
0.05569098688  
0.9956917499  
1.731355761  
1.3821496  
1.898523575  
1.636136061  
-1.175943725  
-1.260620405  
0.5094281171  
0.3896214086  
-0.4589337446  
-0.5186699566  
1.301092143  
-0.006623609669  
-1.225066755  
1.236638977  
1.176326223  
0.2290307621  
0.06150585293  
0.9853060248  
0.9502256537  
0.73605557  
0.2492009726  
-1.595871022  
-0.8771642509  
0.2604664553  
-0.7331984907  
-0.7911052943  
-1.114938902  
-0.3089289975  
-0.2704497421  
-1.275145838  
-2.040429319  
-0.8869670045  
-2.254034326  
-0.003658330901  
-0.8413311025  
-1.650053021  
0.3104914073  
-1.489047609  
-1.299319064  
0.2476441758  
-1.352300031  
-2.989343982  
-1.731712244  
-0.7083508388  
-0.9256706811  
-0.4738130674  
-0.8514418419  
-3.013216439  
-2.843888177  
0.7230148282  
1.747474379  
1.566706537  
2.507840368  
1.256974967  
2.630397057  
0.5270450718  
-0.73773532  
1.939313649  
4.017371282  
