0.7717870212  
-0.7000221596  
0.06140204418  
0.2168290816  
0.8807175528  
-0.1728665214  
-0.2318000977  
-0.2668068745  
0.3724793873  
1.31133048  
1.355208642  
0.7425391161  
0.8381150758  
1.711733852  
0.6691881896  
0.1775059119  
-0.9457897798  
-0.9069696156  
-0.100295365  
-0.7096341654  
-1.120478788  
-1.17593341  
-1.180199825  
-0.5822603685  
0.255999587  
0.4321237265  
-0.367793368  
0.3425920065  
0.4749680263  
0.4036662844  
-0.03879022162  
-1.046053825  
-1.449534601  
-0.4241894925  
-0.132644378  
-0.3790283707  
-1.615550077  
-1.352999205  
-1.902817419  
-0.9575264873  
-0.1845227374  
-0.03392513078  
-0.7677458091  
-0.8959245717  
-1.207695082  
-0.2734637979  
0.3994912622  
-0.1113721995  
-0.3031155714  
-0.4248982769  
-0.1769648605  
0.4027833957  
-0.3185496276  
-0.4109058332  
-0.7298864028  
-0.4969432249  
0.3985351727  
0.3449072398  
-0.4764869097  
-1.119785344  
-1.31130427  
-0.9229398015  
-0.7992076723  
-0.6173796319  
0.2630145731  
-1.19947503  
-1.098618306  
1.185361416  
0.7628905282  
-1.652125117  
-2.185271617  
-0.883510071  
0.09293491265  
0.1178531213  
-1.156641983  
0.6985482571  
2.511974114  
1.977050347  
1.545653892  
1.230261903  
1.197918732  
1.214978132  
0.6120143566  
0.7766064369  
2.8124241  
2.335190003  
1.043383816  
1.502733357  
2.457755531  
0.893582071  
-0.3153566395  
-0.9967863405  
-1.077744614  
-1.074240124  
-1.417619902  
-2.247428866  
-0.7163817539  
-0.4005306054  
-0.7136518439  
-1.216083525  
0.1344206321  
1.247879791  
0.01155382704  
-0.8477405396  
-1.185536209  
-1.362092178  
-1.319391342  
-0.1727817527  
-0.3638583777  
-1.523935563  
-1.089084821  
0.2018861841  
0.6459502713  
-0.6683612563  
0.581972972  
1.423230847  
0.4665147422  
-0.5973026943  
-0.03552276296  
-0.1818423669  
-0.1819800856  
3.513955491  
3.857810069  
3.173891931  
1.354965894  
0.2803351241  
1.679425431  
-1.322376217  
0.3520922077  
-0.2075640975  
0.1162739919  
-0.9788821877  
-0.9736752232  
0.1437589098  
0.7402912299  
2.961735572  
1.171737595  
0.7361819752  
2.908470952  
1.936035567  
-0.1645628338  
1.034827001  
1.789529049  
-0.1361569203  
0.3898314086  
0.1010953252  
-0.6945207991  
-0.9613026988  
-0.7151823205  
-1.045201991  
-1.6649624  
-0.4251886798  
-1.813470809  
-1.452986339  
-1.600059953  
-1.971063384  
-0.9716667946  
-0.5014561807  
-0.686197333  
-0.5304653854  
0.2283252377  
2.452364629  
2.636246256  
1.160333483  
0.1626157502  
1.213827211  
0.6972319853  
2.497187156  
1.509074524  
-0.1651346602  
0.1480745423  
-0.1977584576  
-1.54995534  
-0.9413024126  
0.01339311565  
-0.4446786985  
-1.511552303  
-1.47409023  
-0.7986986779  
0.221843167  
1.234142115  
2.337380339  
-0.0967994901  
-1.443609776  
-0.1766397918  
-0.6099765423  
-1.238930914  
-1.268765526  
-3.380256132  
-2.475491509  
-2.281473244  
-2.242063307  
-2.116693483  
-2.279450102  
-2.56037165  
-1.495937922  
2.154927015  
1.524253559  
-0.4939706178  
0.6457052329  
0.5188942991  
0.2978273826  
0.8054947609  
1.886552003  
0.498695131  
-0.5170661683  
0.3150035934  
0.5120306122  
0.6861890543  
0.7842298573  
0.03172297056  
0.849203107  
0.7422573862  
0.4432615929  
1.340807689  
1.083263291  
0.3909779836  
1.959187679  
1.282279812  
0.6672659185  
0.5881823929  
1.058905453  
1.520490053  
-0.1374066099  
-0.7978314216  
0.25765597  
-1.504450184  
-1.160086698  
-0.4602399979  
-1.178140628  
-0.7668848103  
0.7738009603  
-0.6263090952  
-0.6340781129  
0.9243246518  
1.164909571  
2.056629517  
2.624206359  
1.113881635  
1.672723854  
-0.4079851148  
-0.6826507617  
-0.913297244  
1.708924739  
1.298694899  
0.1359966476  
-1.052828349  
-2.373768368  
-2.220107716  
-1.887880943  
-1.909935876  
-1.979206483  
-1.297034319  
-0.1167377123  
-1.341282219  
-1.561983011  
-0.3888283207  
-0.4751909032  
-1.214804707  
0.8480052311  
1.999696304  
0.7143296929  
0.7112999201  
1.437233529  
2.060077998  
3.856044662  
3.354404652  
1.011653139  
-0.6406312813  
0.6907481941  
1.004252684  
0.3894210891  
-0.0550382539  
-2.247168388  
-0.2322312586  
-0.481997066  
-0.6272332279  
0.3148845059  
-0.4649617919  
0.1488405044  
-0.705326177  
-1.245151438  
-0.4664870381  
-0.4785280972  
-2.491056308  
-2.646491783  
-1.457123484  
-0.7906546985  
-1.099723428  
1.006046985  
1.389424653  
2.396907097  
1.354603804  
1.854970752  
0.8943320942  
1.044060297  
0.6334759466  
0.586892207  
0.2354791469  
1.101457824  
1.342545866  
-0.4745120531  
-0.4720075244  
-0.3305120665  
-0.7871421416  
-0.7275178398  
0.2480147823  
0.3013514912  
-0.4464752441  
-0.5836730911  
-0.1903007181  
0.1613363709  
0.3116940969  
-0.9103326436  
-1.640458896  
-1.339156445  
-0.9005332431  
-0.6672178179  
-0.7168477068  
-0.4774175329  
0.4341323353  
0.6691853732  
0.2072866492  
0.2597609934  
-0.06665768267  
-0.3495026864  
0.4740213305  
-0.01164235176  
-0.2220256422  
-0.002516632871  
1.3536943  
1.711225561  
1.459173722  
0.926816444  
0.9344148179  
2.516678527  
2.492460089  
2.59793314  
1.055503874  
2.500870983  
1.121419007  
0.4119195652  
0.6836684174  
-0.01054016781  
-0.1690066603  
2.844266348  
1.503980331  
-0.5773222295  
0.5187873486  
0.6749427827  
-0.1745564966  
-0.5285058328  
0.1766713714  
-0.4737912061  
-1.088309296  
-1.305863114  
-0.02355439082  
0.4967194818  
0.2427429191  
1.131714383  
1.038886523  
0.1049830382  
1.085294631  
1.936418529  
2.140505516  
1.36608045  
-1.042090828  
-0.320372902  
0.3491621401  
0.1227738484  
1.77913285  
1.154669989  
2.066471939  
1.489297833  
1.113934375  
1.136945233  
-2.006457511  
-2.37425379  
-3.480817347  
-1.858279604  
-0.7637192741  
-1.888984494  
-0.9134792922  
-0.2237543309  
-0.05938162863  
-1.045831637  
0.5930536023  
-1.510949109  
-2.034667986  
-1.937326445  
-1.497771148  
-2.206703524  
-1.604580133  
-2.435867977  
-1.308895368  
-1.178652604  
-1.426122477  
-1.162503423  
-2.178951733  
-1.352690569  
-1.16335852  
0.7077292746  
1.97159389  
0.6633572406  
1.700217705  
0.06215283112  
1.532746992  
1.857848737  
0.8582151617  
0.9465149946  
0.9163507853  
0.04344948815  
0.5060359131  
0.5694175969  
2.592019479  
5.463995739  
4.019465933  
2.05551629  
1.852849082  
0.9066591688  
-1.715856346  
-3.542645975  
-3.161898979  
-1.255678115  
-1.832583503  
-0.2255311042  
-0.5582622159  
-1.119576825  
-0.03756630064  
1.322615857  
0.8190851002  
1.132716207  
1.583782727  
2.489007659  
2.081608252  
3.209826427  
5.306533617  
2.125563246  
-0.009721998965  
-1.422987122  
1.443495985  
0.4069010386  
-2.129467637  
-2.468520778  
-2.975336147  
-2.321315024  
-3.682585632  
-3.312289356  
-3.88452606  
-2.747486286  
-2.994478043  
-2.517533564  
-1.683077123  
-0.9231247438  
0.4521666677  
1.355395127  
2.771876915  
2.130587701  
2.221083426  
3.444912103  
-0.2179267004  
-0.9118309606  
1.331425636  
1.112387332  
0.3089552144  
-1.049220954  
-0.3301965125  
0.4018325918  
0.6257851595  
0.7662986418  
0.6113221794  
1.623391136  
-0.5125829258  
-0.7078840649  
0.4925904378  
-0.2625666705  
1.308551921  
2.328008239  
2.025210476  
1.416322894  
1.878380459  
1.529078854  
1.101835832  
1.523082305  
0.967900077  
1.530876294  
0.2549958719  
0.5851624774  
0.3666430302  
-1.194065939  
2.024460445  
-0.7987025373  
-2.500738951  
-0.4258689419  
0.06813707178  
0.003793784571  
1.05928754  
-0.009994656558  
-1.840946239  
-2.203578464  
-2.963604303  
-0.9973742053  
-0.4163505436  
0.179660978  
-1.225938991  
-1.853426498  
-1.379088505  
-2.498895177  
0.4670877258  
0.3939419956  
1.362477209  
1.798901553  
-1.300353172  
0.6291891729  
-0.5843310106  
1.530059844  
-0.4028443463  
1.91863988  
1.436826562  
1.058064666  
0.7714225822  
1.392795007  
0.6775440908  
-2.019628783  
-0.3004369718  
-0.8979887146  
-0.8591055006  
0.2178354925  
0.1751591566  
-1.394934706  
-2.13300226  
-0.7939073281  
-0.8879159214  
-1.928411292  
-1.196067728  
-1.279580553  
-0.4645461854  
-1.387546  
-0.642331486  
-1.310308112  
-2.484481908  
-2.815705853  
-1.627638991  
-1.970086162  
-1.004918328  
-0.242209586  
0.1086962423  
0.1727430011  
-2.814572408  
-1.972947301  
-2.226757185  
-2.407772313  
-1.277771021  
-1.603357641  
-0.1381038228  
0.951304942  
3.009975223  
1.035810171  
-0.3800324965  
-2.40333397  
-2.480798612  
-4.445916993  
-0.08303673513  
0.06032971076  
1.845060252  
1.589895536  
3.101749442  
0.4627471413  
0.5939141336  
-0.2626920105  
-0.2645073708  
0.739337823  
3.316276624  
2.065044848  
2.921200412  
1.156900717  
2.569954875  
3.462139839  
2.638075089  
2.417839428  
1.626265005  
0.451945338  
-1.297129669  
-2.466473255  
-2.633421716  
-2.325895216  
-3.551621937  
-1.299927903  
-3.355978107  
1.167792619  
