-1.404311267  
-0.1360642233  
0.4924219138  
0.06795871303  
-0.6153932833  
-0.2829491304  
0.4937809347  
0.2067608939  
0.1640384087  
-0.1900103906  
-0.4010270844  
1.013918144  
0.3513208118  
0.6208063735  
0.5010049603  
-0.2377537009  
0.4775675736  
1.196297878  
0.8151050591  
0.2850121065  
-0.2067238191  
0.3493307338  
0.2504006458  
-0.428861118  
-1.032769875  
-0.53611909  
0.004456245886  
0.3922082296  
-0.680528484  
-0.8818722475  
-0.2673758895  
0.1468755697  
0.7197885151  
0.6267622915  
0.4780629554  
-0.2760348959  
-0.4342263337  
0.2573987985  
0.4550778322  
0.2220163334  
0.07492076144  
-0.1336868544  
0.393861192  
0.5363852295  
0.3435213509  
0.4590883707  
-0.5768369707  
-0.9558085859  
-0.116676538  
-0.4530414492  
-1.070310579  
-1.296814184  
-1.966045306  
-0.836815926  
-0.07869186024  
0.402416359  
-0.189598325  
-0.1833062497  
0.002057186913  
-0.1744088881  
-0.1205997688  
0.1502191243  
0.9795359113  
0.5502657534  
-0.7860999478  
-0.9694584026  
-0.4189106465  
0.5562301073  
-0.1810408043  
-0.4841934918  
0.132368528  
-0.5391706115  
-1.642658811  
-0.6760666368  
0.4048244018  
0.4028806131  
-0.1104158924  
-0.6275035539  
0.04997688312  
0.7218787712  
0.06133303762  
-0.5574721263  
0.1556092949  
0.9307430658  
0.3703503351  
-0.2363720671  
0.1856335868  
0.8361206019  
0.9352444789  
-0.01973172014  
0.0472488081  
0.4426889236  
0.3563844437  
-0.105598608  
-0.4580556592  
0.3906043683  
-0.1917255732  
-1.193966517  
-0.3528549419  
0.5108210335  
-0.1935214879  
-0.129213565  
0.9785499067  
0.397660037  
0.430282753  
0.01860518669  
0.2310537925  
-0.3636004434  
-0.6064368213  
0.3657687203  
-0.1590180971  
-0.5498518671  
-0.007901548247  
1.438567905  
0.8742287963  
-0.3671121056  
-0.1835091065  
0.2852268989  
-0.09535453114  
-0.8686288338  
-0.2804173175  
-0.2754713557  
1.030167918  
-1.325320099  
-0.5132824761  
2.059462002  
0.6015104319  
-1.459239365  
0.6182668586  
0.9596954178  
1.212789506  
1.285935942  
0.6896066195  
-0.6012078879  
-0.8129405532  
0.8752409617  
0.07212458648  
1.33421728  
0.469805818  
0.6433287087  
0.6371828095  
-0.07506182556  
-0.6777901219  
0.5305598771  
0.339523752  
0.6785791302  
1.580537635  
0.6670404699  
1.027999764  
0.6649422435  
-1.274623815  
-1.433652239  
-0.4681729402  
0.1306622612  
-0.8175480123  
-0.3766421225  
-0.7719600869  
-1.025845045  
-0.2188670488  
-0.4050854402  
-0.3814277035  
2.344881734  
0.2305255178  
-0.7254858845  
1.935833304  
2.466575302  
3.007329734  
3.98974199  
2.423287222  
2.512247146  
0.5704837702  
0.4460540527  
1.189871828  
1.960597503  
1.437658793  
0.2750413376  
1.093903184  
0.9580865331  
0.2647035111  
0.1565570153  
0.4157686343  
0.3348702083  
-0.3268541971  
-1.82650842  
-4.904828314  
-4.112500529  
-4.522023895  
-6.370845785  
-6.521286529  
-5.75712934  
-5.474964902  
-3.157680995  
-4.646948224  
-4.734924988  
-4.047770164  
-3.147821974  
1.450021934  
3.211104682  
1.063655055  
1.74797216  
1.993092944  
2.053746389  
2.664774731  
1.735838703  
0.9528874429  
1.747562811  
1.309073885  
1.888247388  
2.890888952  
1.890114097  
2.104081643  
2.79976464  
1.305160927  
1.750652058  
1.073737544  
0.07779052151  
1.418693746  
0.888086065  
1.28913959  
1.657136518  
0.290482114  
0.3825397176  
-0.6697960013  
-0.960485761  
0.04682161122  
0.7349006422  
0.784956271  
-0.3652747557  
-1.306209095  
-0.009262468126  
-0.09559936144  
0.2365513932  
0.07382152282  
0.1166118274  
0.4915857793  
0.05966788659  
0.08876953595  
-0.6783715999  
-0.1998137022  
-0.4156322772  
-0.507435996  
-1.246408739  
3.851830171  
3.59299793  
1.052285366  
-0.02966092809  
-0.0540912722  
0.08693277725  
-0.6779770214  
-0.927779372  
-0.3893397847  
-0.8063250405  
-0.4971320896  
-0.5228677934  
-1.005908642  
-1.362899159  
-1.743926034  
-2.128729304  
-1.044583285  
-1.016136948  
-2.998266586  
-2.93176906  
-2.631448553  
-1.918202277  
2.312743618  
-0.2460092782  
-1.738022148  
-1.643668442  
1.150043246  
0.2820619001  
-0.04471919822  
1.494502434  
0.1624844984  
0.3656970537  
0.8637751831  
0.8344026227  
0.06797773919  
-1.51517501  
-0.9468472451  
1.337605185  
0.7386040012  
1.023335147  
-0.157447386  
-1.546170533  
-1.176698401  
-1.375196292  
-1.425093853  
-2.394196275  
-1.302875458  
-0.9582296039  
1.044922211  
2.660601977  
2.495382374  
2.349860842  
3.171212601  
0.9639271676  
0.03552607112  
-0.2195177259  
-1.052104537  
0.3123871529  
-0.02546096915  
-0.1908845451  
0.2305361202  
0.6283839107  
0.6167760288  
0.6410806018  
1.628331501  
0.6258149042  
0.7167544733  
0.7112764765  
0.5422105923  
0.6300105862  
0.2576001519  
-0.8893012291  
-0.5528514151  
-0.0742744388  
-0.8033218123  
-1.217234004  
-1.250717086  
-0.9473385611  
-1.168037589  
-1.209600385  
-1.327998172  
-0.9886111718  
-0.3721073712  
-0.6825161639  
-1.003407696  
-0.6555203735  
-0.08956213852  
0.08713437848  
0.09363625742  
0.1659566491  
0.2284992265  
0.9612756303  
0.4992932181  
0.1238673797  
1.266339937  
5.411717884  
1.800020386  
1.821874719  
2.147694725  
1.028728269  
0.4199574738  
0.04501731002  
-0.7074949535  
0.1680820328  
-0.3791745838  
-0.3380336149  
-0.4718487797  
0.08142798797  
0.5823267194  
0.6539642993  
-0.4466047709  
-1.230321126  
0.08977289979  
-0.2030394019  
0.1302399315  
0.4195992149  
0.9487248892  
-0.0007262172253  
1.349439672  
1.553007516  
1.004371125  
2.959032106  
1.830313979  
0.9518931182  
-0.4644821547  
0.6245401405  
0.1735263838  
0.953411056  
1.381731147  
1.638850233  
2.857428075  
2.924732162  
0.7800115468  
2.38918428  
-1.181075953  
-1.536679944  
-3.246820811  
-3.74109594  
-2.758026629  
-1.085847759  
-2.146167035  
-1.754027413  
-0.694056245  
-1.854785091  
-0.4093295879  
-1.709327244  
-0.6277327931  
-0.8915038455  
-0.8185864906  
-1.779794622  
-0.05775799076  
-0.5644436709  
1.098928914  
-0.1372440279  
-1.488230374  
0.6596969269  
-0.4003713318  
-0.7957845799  
-2.22894602  
-2.465830953  
-2.659621545  
-2.327682181  
-1.627742416  
0.8296781428  
2.361805781  
0.9463821551  
-0.5485618286  
-0.6887416876  
-0.5563303455  
0.8815090936  
0.8474701529  
0.9863995382  
2.689984609  
1.908957745  
-0.2752673818  
2.119817902  
1.838847293  
2.60507869  
2.437079148  
0.6533168748  
-0.2069815284  
-0.8174047799  
-2.065560128  
-0.7953509648  
-1.85200513  
-1.302442262  
-3.789448341  
-1.765553913  
0.563085818  
2.272651999  
1.640474553  
2.574181811  
2.200523525  
2.093387048  
1.89002576  
0.9256787919  
0.4397082078  
-1.202512135  
2.025743831  
1.534216529  
-1.070629389  
-0.7947859784  
-1.458742722  
-1.226280305  
-0.6182857634  
-1.182195672  
-2.46871348  
-1.674131033  
-1.220087749  
-0.3358580956  
-0.4669502338  
-0.0122577828  
1.857905995  
-3.858440784  
-8.285116362  
-3.353502986  
1.543379595  
2.98963629  
-0.2313970121  
-8.227787121  
-1.433441566  
0.3193245154  
0.1603136961  
0.9379091835  
1.518157992  
-0.0285658606  
-0.04746235056  
1.202448034  
1.473261259  
1.383448322  
0.04171308084  
-0.5479870032  
0.1022117344  
-0.04021921042  
-0.4414624823  
0.6647515253  
1.340480396  
-0.4846952554  
0.8302002678  
0.3514944162  
1.108829619  
1.686457453  
0.6976587992  
-0.325435443  
-1.479716768  
-0.6986305518  
-1.48296585  
-3.914887264  
-1.908254486  
4.307148238  
-6.888046412  
-1.055560788  
0.6348213595  
1.585042175  
2.2227752  
2.025931284  
1.700311681  
2.557953512  
1.249302878  
0.6062527151  
1.349230561  
1.337331604  
0.8970950623  
0.6404688826  
1.510569466  
1.397957167  
1.764381955  
1.124705357  
1.822686729  
1.922364922  
2.186464452  
2.588492232  
1.668221262  
2.850105824  
1.329223472  
1.898299892  
1.797381343  
1.657070422  
0.2337171945  
0.01543927548  
0.9124230603  
-1.179627828  
-0.8273977357  
-1.128294793  
0.4873918946  
-0.8336104515  
-0.2119087177  
-0.245916343  
-0.6261291002  
-1.237615054  
-1.528326014  
-1.600794323  
-2.533659603  
-1.26234951  
-0.6988633032  
-1.288219387  
-1.503865439  
-1.417938633  
-0.7009322455  
-1.794850584  
-1.810693561  
-0.8903958259  
0.3998409804  
-0.4121934712  
-0.03813083506  
0.9253066385  
-0.02523026932  
-0.7025908907  
-0.5145034117  
-0.6841828206  
-1.488328276  
-0.5355826698  
0.7659775963  
0.3498753157  
1.506264407  
0.9868598032  
-0.5067167524  
-0.7280172362  
-2.781277034  
-11.84753238  
0.5763887668  
1.722240115  
1.321297503  
1.625083485  
1.921339821  
0.3720017153  
0.04842821255  
-0.03498666779  
-0.9320753216  
1.764490196  
1.563240778  
-0.6398418554  
-0.1305097646  
-1.260206431  
1.498872643  
1.924192706  
0.9466107296  
0.3214216677  
-1.555217802  
-2.014910118  
-2.594960699  
-6.12904912  
0.03629422488  
6.220678711  
0.7751237863  
-2.533045935  
0.5487063318  
5.76718797  
