-1.896325417  
-0.1420839691  
0.4962573257  
-0.9021181074  
-1.60415787  
-0.6299635141  
0.4980666678  
1.296988742  
0.1259955434  
-0.5606320685  
-0.3654619196  
0.557986434  
2.059638742  
0.5472659434  
-0.9528965102  
-1.315167538  
0.4844259323  
1.175080417  
-0.0649083294  
-1.045265748  
-1.334614109  
-0.3987508459  
1.796037291  
1.394833545  
-1.136491328  
-0.5943636597  
1.486456433  
1.809313989  
0.2101942054  
-0.797579433  
-0.48179904  
1.296212467  
1.691470025  
0.6658264867  
-0.4707644415  
-0.4357298855  
0.3519266497  
1.4557674  
1.579892098  
1.024540508  
-0.5563213954  
-0.4128617754  
0.5499431185  
2.373047777  
1.581084728  
-0.4421933793  
-0.5043580287  
0.2972111914  
1.23136376  
0.9310317892  
-0.008803396935  
-1.434702641  
-0.5020402733  
0.3089648375  
0.7631668449  
0.6994224296  
-0.4107123018  
-1.510473046  
-2.104634138  
-1.2634875  
-0.1041455454  
0.9952231703  
0.9761732127  
-0.5851064034  
-1.815121335  
0.3584860056  
1.991826027  
0.4897182374  
-0.9228056702  
-0.1047574718  
1.131187033  
0.03768145211  
-1.159132292  
-1.280963726  
0.4403380776  
0.7014233936  
-0.3994834269  
-0.7568961119  
0.4180524204  
2.438798583  
1.222411119  
-0.8281142444  
0.7708260578  
2.211102465  
-0.03197240102  
-1.174766514  
0.8713610211  
1.605366141  
-0.9148821317  
-1.237419168  
-0.6110992659  
0.237109837  
-0.9246100176  
-1.754388395  
-1.452529666  
-0.06617869388  
0.5012205979  
-1.536209217  
-1.350408133  
0.3085932375  
-0.1461012709  
-1.571739555  
-1.528501453  
-2.494638978  
-0.2188412518  
-0.6326541686  
-1.353740729  
-1.7069687  
-0.9310633489  
0.3772385011  
-0.1637428765  
-1.834754286  
-1.798599816  
-0.3239423258  
-0.5971055354  
-2.368428124  
-2.720790929  
-0.7340456852  
-0.5599789263  
-2.102276607  
-2.537648902  
0.02327434432  
-0.2812753321  
-0.7420173816  
-1.837949305  
-1.523612717  
-1.043696485  
2.399581476  
-0.6900524023  
-1.698729909  
-1.778593109  
-2.165247694  
-3.442031339  
-4.088075137  
-3.160441072  
-1.355141896  
-0.915909368  
0.362278913  
-1.267793719  
-1.809760323  
-1.351757387  
-0.9591156654  
-2.093097456  
0.005239537941  
-1.634206471  
-1.186702716  
0.4459920836  
-0.05281579032  
0.5463175161  
1.022844771  
0.754930983  
0.1189288012  
1.16537863  
1.684690644  
0.5976664184  
1.935725721  
1.725899766  
0.7027926112  
1.278673616  
1.389225937  
0.09901150138  
-1.134235588  
0.8789485762  
1.491187862  
1.342314834  
0.7926212736  
2.434665858  
2.187810554  
2.443874268  
3.330774918  
3.492165447  
1.596960365  
2.622874923  
3.627373775  
3.271823929  
1.386124677  
2.638991799  
3.856969717  
4.13479787  
3.001236344  
1.801483371  
1.902159343  
3.474648561  
3.497095305  
3.007174783  
3.034056055  
2.628528987  
1.295877658  
2.434003156  
2.470348058  
2.804029241  
3.630141447  
3.168509993  
3.374779303  
2.64672265  
4.521993599  
4.182429415  
-4.609717185  
-4.038982584  
-2.666259454  
-4.060802528  
-3.811513721  
-3.14132939  
-4.064994666  
-3.02785024  
-2.20895727  
-3.356071658  
-3.110455081  
-1.452803554  
-3.453753897  
-1.958209554  
-2.588948163  
-3.482580003  
-0.6571846621  
-2.185384231  
-2.558264491  
-1.26893743  
-2.350983288  
-1.687885339  
-0.9394451621  
-2.683302914  
-1.125160015  
-0.3227148139  
-0.7517404091  
0.1530514654  
-1.794597599  
-0.4156044561  
0.01754184002  
-1.493703031  
0.2453184639  
1.477038945  
0.2809286449  
0.1373606227  
1.062447645  
1.829739197  
0.4716439237  
0.8410613467  
0.2304379111  
1.939756724  
3.140101634  
3.754112656  
0.5081222383  
-0.6004044847  
-2.573249632  
-0.6161179492  
-2.506534686  
-1.466957037  
-1.232719257  
-1.113007667  
-1.816667078  
-1.228719093  
-0.9065620299  
0.3121782389  
-1.106169576  
-0.5807043461  
0.7315458025  
-0.8017704953  
-0.6479834123  
1.750740905  
1.025817995  
-0.5440554522  
0.5391444782  
2.314702458  
1.645172574  
1.71607828  
3.198810473  
2.12754668  
3.010414697  
-0.9040166781  
0.5750304986  
-0.9400974412  
1.063519096  
-0.6123458241  
1.588858167  
1.426175776  
-0.3970259329  
-0.4867173504  
0.3029850043  
1.162483514  
1.582650985  
1.389376751  
3.567282126  
2.593028726  
1.796671601  
2.530524862  
3.830638732  
2.65260187  
1.814111006  
2.327837463  
-0.2796725996  
-4.150928138  
-7.304332864  
-6.736908028  
-6.618870152  
-0.8829459495  
0.2248236507  
0.4947484646  
-0.1952679645  
0.4025104058  
-0.3368111199  
-0.2741206742  
0.5364274233  
0.2478567335  
-0.4735945681  
-0.03292456581  
0.7730003229  
0.4001555058  
0.4967749463  
-0.09573651965  
0.6392465343  
-0.337605148  
-0.2179559152  
-0.1095152318  
0.747028761  
0.8286509843  
0.3932821845  
-0.6707124905  
-0.3238834942  
0.4392093926  
0.8375720019  
-0.1609699543  
-0.78623299  
-0.808355422  
-0.6384637521  
-0.3391528423  
-0.1141857079  
-0.596018436  
-1.041495972  
-0.9150544965  
-0.6783180218  
-1.554452547  
-2.034610724  
-1.857197286  
-1.314844191  
-0.8882940728  
-2.225952491  
-1.759398531  
-0.865206762  
-1.385041725  
-3.011255463  
-1.276862848  
-0.7179129027  
-1.566501923  
-1.250634966  
-1.545113677  
-1.928467356  
-0.895233101  
-0.1799715684  
-1.893886392  
-1.283225077  
0.3907622969  
0.1786858366  
-1.149144522  
-1.015478007  
-1.17160423  
-0.4631244436  
-0.5923795863  
-1.449611757  
-0.8961014172  
-0.1564652818  
-0.9946600964  
0.3991262404  
-0.5340756578  
2.103750724  
1.117195807  
0.5113754757  
0.7959068951  
1.740415558  
-0.2161055963  
1.65144029  
1.567827223  
4.089352186  
0.369888713  
-0.720943598  
0.01315181719  
-0.002233066511  
0.3294603877  
-0.1775591807  
-0.3028223291  
1.115689791  
2.523723716  
-0.1058728111  
0.8735433971  
1.290809225  
0.9908461727  
2.599180196  
1.287202028  
2.086404142  
2.253818112  
1.415848231  
1.978130607  
3.253119616  
2.65565513  
3.447618929  
3.542903124  
1.785677871  
2.463204672  
0.9300161769  
0.8155863263  
2.388110308  
2.919147927  
0.9624139518  
1.167569865  
1.554607981  
-0.9131444823  
-4.796170766  
-3.536783596  
-2.972090277  
-2.138933734  
-1.034118293  
-1.352868263  
-2.543933248  
-3.768050969  
-1.704781044  
-3.515438209  
-1.31576815  
5.254874444  
1.69802545  
-1.940605124  
-1.430510337  
-0.7641358851  
-2.540022428  
-3.463063333  
0.3559357778  
0.4870402508  
0.362761491  
0.7698518954  
-0.4629629875  
-2.459665624  
-2.254623108  
-3.054902627  
-3.260332024  
-2.052017055  
-0.8936407495  
-0.994061825  
-1.008747633  
0.76989097  
0.4393199048  
-4.149667467  
1.712820595  
-4.351313832  
-2.082430473  
1.803901849  
-1.022750927  
-0.3481526002  
-2.262542942  
-3.211715155  
-2.080590078  
-0.3925398246  
-1.498373929  
-2.747981365  
-2.586347536  
-1.977914813  
-1.130450048  
-1.482376666  
-3.038663008  
-2.876423879  
-3.147613796  
-5.033560721  
-3.766445421  
1.393464392  
5.821694761  
2.88467776  
2.382232139  
2.223388086  
1.275406747  
0.6925668559  
3.005723058  
1.319681148  
0.6374461792  
2.184336104  
1.473529304  
0.5452829381  
0.1269221052  
0.2907956824  
1.207037509  
-1.711146769  
-1.610685969  
-1.298430451  
-1.650205389  
-1.861359771  
-2.574064452  
-3.07273338  
-4.122013652  
-3.53910076  
-0.9399413561  
-2.193045684  
-2.922543252  
-3.454899307  
-4.587357406  
-3.645403302  
9.761670463  
3.965529236  
4.573200925  
4.419390693  
3.699936093  
3.910549697  
5.19092953  
5.826331225  
1.711010185  
2.700511909  
-0.01439379168  
0.8164083943  
2.511053882  
1.697327368  
1.165965531  
1.389659368  
2.910761369  
0.6551987562  
-0.2702893037  
-0.1099653267  
-0.1178293054  
1.161494029  
1.112058711  
2.110579661  
1.904427392  
3.109890387  
0.9011554829  
2.050868302  
1.987028596  
1.107389055  
1.792271367  
1.467812314  
1.141781405  
-0.005519053855  
1.031253468  
1.464814339  
-0.06614023811  
-0.03683169487  
1.157381786  
0.558611098  
-1.024130543  
0.2477066837  
0.1776461812  
-1.226970986  
0.1706738173  
0.7332139871  
0.269475315  
-0.8965020504  
-0.4658972942  
0.590861224  
-0.2468445555  
-1.304440828  
0.3294443532  
1.254441271  
-0.3833607031  
0.9461488197  
1.395163723  
0.9409037702  
-0.1693851744  
-0.3165807388  
-1.047820272  
-1.052229516  
0.8635769806  
1.219964545  
0.3273783659  
0.451477887  
0.6895355805  
0.3303069225  
0.5854816782  
0.5950442628  
1.409209218  
-0.3185241979  
0.325209419  
-1.971619601  
-1.126418387  
-0.5893061874  
0.6479167284  
1.410336355  
1.263861143  
0.8125770627  
0.5769017765  
-0.8557692621  
0.7060293413  
-0.2453689473  
0.3102955503  
1.817106641  
1.644449389  
-0.8972549904  
1.397330763  
0.5966839693  
-2.18902326  
-4.862825588  
-6.274343674  
3.88486335  
-2.150515434  
0.3845509398  
0.5164782985  
2.081996336  
0.2993232133  
