-0.0256381164  
0.2716009861  
-0.1824059417  
0.699452733  
0.2346693032  
0.2180409154  
0.5540916758  
0.5042726735  
-0.4211523309  
0.3809754791  
0.7197336712  
-0.1258257609  
-0.1531862291  
0.3178176361  
-0.09459469916  
-0.09310404505  
0.3549851763  
0.5354625858  
-0.5751914633  
-0.9289027281  
0.01473967083  
-0.5421105299  
-0.372560267  
-0.7706157704  
-1.183878224  
-0.8982193128  
-0.4082849721  
-0.3318898132  
0.1024886466  
-0.5008777172  
0.5990375436  
0.6776058089  
0.3192956467  
0.01509614348  
0.01730543265  
0.2012176858  
-0.03404935165  
-0.1140087934  
-0.02557132196  
-0.3377840406  
-0.1298586392  
0.0959734056  
0.281025958  
0.09546133868  
-0.5592841189  
-0.6052829432  
-0.2421948195  
-0.3481402859  
-0.9338369323  
-0.8545958574  
0.05315503027  
0.1874984426  
-1.015828122  
-0.6574105846  
-0.8012617368  
0.2244445437  
0.2931895372  
0.5338151598  
-0.2445624646  
0.3296487598  
0.05552691997  
-0.5734575193  
-0.2273071375  
0.2887593253  
0.6011485747  
0.04886323566  
-0.09120677428  
0.7916798431  
0.04187706414  
-0.85201989  
-0.9687680936  
-1.022993534  
-0.6398485672  
-0.3927001954  
-0.005628552779  
-0.1150730396  
-0.3093701319  
0.3773096327  
0.187262732  
0.3245438155  
0.09966205866  
0.3361337793  
0.9798490533  
0.5201584137  
0.04360197579  
0.07448115695  
1.40576543  
1.251305766  
0.8814260958  
1.017646847  
0.7769654545  
-0.01314051516  
-0.6253186131  
0.1891389557  
-0.4496200248  
-0.4007782339  
-0.3993826632  
-0.6677053629  
-0.004276775671  
0.3065838225  
0.1998533338  
-0.03181291703  
1.129569611  
0.5156565275  
1.354338172  
0.9516735526  
1.061013478  
0.3890150763  
0.3755281381  
0.5918816398  
-0.5829420641  
-0.4186048062  
0.2191467389  
0.9046905498  
1.017086597  
0.5857563376  
0.2915343959  
0.4794789836  
0.3595423416  
0.7000808066  
4.753200503  
1.682052777  
1.496142136  
2.857949343  
1.226872086  
0.3667630797  
-0.7647949495  
1.290004991  
0.6033498429  
-0.5015798034  
-1.416280161  
-0.8780843325  
-2.071361498  
-2.997953895  
-2.025853113  
-1.880912288  
-1.558890555  
-1.747199448  
-2.801351488  
-1.690746995  
-1.730491351  
-2.061361113  
-1.632387641  
-1.432589678  
-1.723214819  
-1.518751009  
-0.7629311083  
-1.841627687  
-0.9645608713  
0.5820520534  
-0.5045104902  
-1.302442662  
-0.277530266  
-0.2736645904  
-0.5049233115  
-0.169352949  
0.3614981513  
-0.03093688038  
-0.419649434  
-0.3005467024  
0.9067221909  
0.9213725186  
0.1314645259  
0.3865062994  
3.326241361  
3.634731504  
4.740632583  
4.372819011  
3.165259755  
2.641670591  
1.499773756  
0.5425614884  
1.382798172  
1.751122646  
0.8819142037  
0.2589307867  
0.8412158963  
1.332423771  
0.9076612782  
0.9093205877  
0.1380213592  
-0.1521805145  
0.09490477407  
-3.014458051  
-2.584864253  
0.4197874867  
0.0472674366  
-0.9191560566  
-0.1404292042  
-0.5996562909  
-0.5265123551  
-0.432319696  
-0.2471630523  
-0.3603748621  
-0.6651352062  
1.584405047  
1.328487842  
0.7060493464  
0.05242436208  
-0.2765277928  
-0.3269916827  
-0.7410422496  
-0.7637874826  
-1.090320252  
-0.3857044513  
-0.3386493025  
-1.554591563  
-0.8670516453  
-0.3936407939  
-0.883025568  
-0.5713543448  
-1.285389451  
-0.8466844255  
-0.05300934974  
-0.4538166679  
0.06043165205  
0.6331446692  
0.06376595049  
0.5436095551  
0.6530731122  
0.0771390527  
1.027162042  
1.916722749  
1.258732392  
0.4952763317  
-0.8085170019  
-0.531439988  
-1.387117958  
-0.9368685438  
-0.1113869288  
-0.1418964154  
-0.7672581289  
-0.4482181087  
0.02369013705  
0.774604186  
1.688439927  
1.412972867  
-0.6758236556  
-1.050814123  
-1.820245191  
-0.4604747619  
1.921661198  
11.43557524  
8.754169022  
0.5725838136  
-0.3751251415  
-1.87465271  
-1.167699549  
-1.990682396  
-2.939986362  
-2.157576477  
-2.423231367  
-1.690146425  
-1.664668263  
-2.061733012  
-1.514532388  
-2.24954351  
-1.528154772  
-1.369543497  
-0.7872560392  
-1.149423346  
-0.4800902516  
-0.3635601047  
-0.421148734  
0.2791500697  
-0.6469240068  
-1.348129837  
-0.04939621069  
2.049906638  
0.8217685838  
0.93837033  
1.262600945  
0.01059049199  
-0.07835275202  
0.02440395282  
3.810173285  
0.7131838488  
-1.995559981  
-2.773813308  
-1.899531796  
-0.5951320743  
-1.920420569  
-2.916323675  
-2.951918768  
-3.098745881  
-2.443151855  
-3.303081601  
-3.944450108  
-2.780355089  
-1.735603052  
1.607002794  
7.072760126  
6.744054334  
5.432279694  
4.631074357  
0.1001573715  
-0.5023228557  
-1.092189242  
-1.075512235  
-0.8352830072  
-0.8545504878  
-1.035145422  
-0.2880442138  
-0.6889158342  
-0.5710542879  
-0.1720577306  
-0.8120182482  
-0.5319520651  
-0.0607657092  
0.02132904948  
-0.2095096139  
0.221952696  
0.3168577342  
0.3162082538  
0.5644436492  
0.5876473916  
0.4584150889  
1.114094648  
1.39049667  
0.713653106  
1.291496057  
1.073381251  
2.031552355  
2.894637394  
2.220838246  
1.994468159  
1.696273884  
2.665455087  
2.417854511  
2.680868605  
2.70712862  
3.375164892  
3.734017782  
2.834817132  
2.705396896  
3.599344005  
4.427191718  
1.926076759  
-1.971477863  
-1.479194162  
-1.895207714  
-2.796156429  
-3.449685982  
-3.187604859  
-2.529268954  
-1.651116261  
-1.155598364  
-2.165303281  
-3.206745783  
-1.586685271  
-0.7162553632  
-1.137760062  
-2.283584252  
-2.495199819  
-1.972287441  
-1.676412152  
-1.996143726  
-0.3327294662  
-0.4909244515  
-1.241481956  
-1.319345741  
-0.08280744334  
0.5430449745  
-1.969640184  
-2.096800255  
-1.799846138  
-1.480427519  
-1.726092101  
-1.895926919  
-1.303932315  
-1.293788211  
4.011809765  
0.709981266  
-0.3338839775  
0.6699609103  
0.1831642895  
0.2916787455  
-1.658281328  
-1.978067028  
0.6124404628  
1.215922185  
-0.1807581089  
-0.09061419149  
0.2163592223  
-0.3362323874  
0.2969103292  
0.02887450165  
-0.1410350188  
0.7881473593  
-0.00444585167  
0.1625596827  
0.2547855039  
-0.08081982861  
2.390408254  
1.172431721  
-0.04714509404  
1.572751407  
1.739013084  
0.5403479424  
2.281651356  
6.198595367  
-0.03455019416  
-1.977280621  
0.05829031574  
-1.103877904  
-1.007772365  
0.802728546  
-1.157109097  
-1.990819792  
-1.759787849  
-1.251234226  
-1.634425739  
-1.999319212  
-1.565644257  
-1.876709507  
0.3406878493  
5.080168404  
1.166093732  
0.2780095172  
2.194601486  
3.299242221  
2.290700984  
0.8364597051  
1.594440587  
1.653426949  
-2.122579622  
-1.966483726  
0.03165389566  
3.101700154  
3.2630072  
1.131005404  
1.280142205  
3.081377093  
0.6574492173  
-1.432662679  
0.7941594101  
1.799497663  
2.348974008  
-0.2315103088  
1.486918589  
1.439383401  
1.077242379  
0.9439002824  
-0.3570774835  
0.3458675933  
-0.2813018351  
-1.012286702  
-0.5962172862  
-0.5960690567  
-1.308416349  
-1.482282325  
-0.8638815044  
0.2687829382  
-2.303253131  
-4.997968648  
-0.5660251926  
3.026945888  
-0.3176526103  
-0.6771046841  
0.896282771  
0.1896405471  
-9.361998926  
-4.732025902  
-2.485659617  
-1.705331024  
-1.1113975  
-0.8352110771  
-0.8685136208  
-0.866908829  
-1.070029816  
-0.4371081713  
-1.850607973  
-1.461394322  
-1.793970203  
-1.918151354  
-0.48201903  
-0.5835718897  
0.567760402  
0.05287779301  
-0.1198694571  
0.6587798272  
0.1280210917  
0.09978961777  
0.06757537901  
2.070649367  
2.124991757  
1.165322317  
-0.6231386899  
0.05237957548  
2.694699296  
-0.4075102626  
-1.689305402  
-3.646332245  
5.135631016  
1.325085492  
0.8344647752  
0.5675455282  
0.6166272768  
2.238969162  
3.243296483  
3.120098177  
2.543951277  
1.277866329  
0.33558667  
0.7003698787  
0.1685563619  
-0.3266513938  
-0.4538500198  
0.3864314725  
1.747496945  
1.323648543  
0.06372880296  
-0.02253650437  
-0.3959130214  
0.437290828  
-0.03942759965  
0.6560188426  
0.2442967108  
1.10904939  
1.738122036  
-0.3077011381  
0.2148693917  
-0.4970678789  
-0.1523374008  
-0.9988239535  
-0.1312614471  
0.4594503756  
-0.5402846352  
0.2438428746  
0.1073720579  
-0.05458055446  
-0.2826015507  
-0.2724147075  
-0.6225492416  
-2.480274906  
-1.174557892  
-0.6081388915  
-0.4636202103  
-1.272309204  
-1.106022907  
-1.381279743  
-1.87231336  
-1.699003662  
-0.4353652796  
-0.04511522824  
-0.9818412138  
0.03636536891  
-0.3371702991  
-0.03372029181  
-1.3414329  
-1.341164305  
-1.74101095  
-3.162273444  
-3.033658976  
-1.590711718  
-1.76221579  
-0.787483329  
-1.047658038  
-2.186639082  
-1.886699581  
-3.583899584  
-10.33413585  
3.190724004  
10.08972059  
7.422649329  
8.145178915  
4.536817402  
3.150279544  
0.7751825686  
0.2176195161  
-0.6199040881  
0.3469090046  
0.9919495115  
0.03774514118  
-1.19259917  
-0.1706831461  
-0.604956519  
2.252890132  
2.407110837  
-0.8319593269  
-2.280549946  
-2.437605423  
-2.481018158  
-3.411511322  
1.451347306  
3.195232796  
0.4359787859  
-4.103790867  
-0.3557295625  
3.838366493  
