-0.08374783981  
-0.08060063925  
-0.2625656512  
1.153112712  
1.116384322  
-0.3660051833  
-1.746003421  
-0.9751653646  
1.021516399  
1.55252855  
0.1552196298  
-1.160514029  
-1.588517559  
-0.08646525815  
0.6965796463  
0.04622103054  
0.3090540597  
0.2556486373  
1.175063746  
-0.2794642556  
0.01681989299  
0.1108100179  
1.040332516  
1.33629315  
1.820342708  
-0.9193077199  
-1.766141264  
-1.165304513  
-0.2345067606  
0.5492222451  
-0.1727946257  
-0.1693108915  
-0.8719704328  
-1.630811975  
-1.002652241  
-0.1478245899  
-0.2312274178  
-0.9945079723  
-0.4972651364  
0.4282220442  
1.494950221  
0.3927245327  
-0.820127135  
-1.141240032  
-0.2586409939  
1.163482099  
1.219720308  
-0.623743444  
-1.631754857  
0.2924128675  
1.555543396  
1.567420492  
0.3732490518  
-0.9525261987  
-1.151181848  
-0.6470405665  
-0.4549471442  
0.4722058255  
0.267445927  
0.368818543  
-0.5177653755  
-1.318231904  
-0.7677311612  
0.6341649287  
2.592965399  
0.6295338848  
-1.464822114  
0.006408104864  
0.9935678491  
0.3716757666  
-1.031467424  
0.7505705613  
2.091051768  
-0.3931585283  
-0.9364189324  
0.1249104695  
-0.3845662118  
-0.75628604  
-0.3811379618  
-0.7071138258  
-1.044276091  
0.2455727384  
-0.3149135261  
-0.6623389881  
-0.4409341759  
0.09868061411  
0.3354540772  
-0.9499431095  
-0.7095875294  
-0.8227660639  
-0.05650299117  
-0.4095891939  
1.175432956  
1.447039264  
-0.1583035295  
-0.08496862318  
1.26986142  
1.739446535  
-0.4921637198  
-0.4399383571  
-0.5956268496  
0.06074905578  
-1.094466391  
-0.5026642802  
0.5751513579  
0.108147301  
0.2710347983  
0.9763847941  
0.3032958256  
-0.2041289025  
1.649825679  
1.492885291  
-1.130285404  
-1.916882578  
-0.5637299716  
-0.07383902968  
-1.353501286  
-0.9256925127  
1.070361197  
1.674362569  
0.5191810392  
-0.4621967798  
-0.03230697034  
0.1436887008  
2.008420276  
1.695158959  
1.997443042  
0.5550100714  
0.8162865448  
-1.482138235  
0.01964091975  
1.352595312  
0.3604478665  
0.3875394011  
-0.2168725804  
0.4443280095  
0.2571626693  
-0.5874423711  
0.9874131857  
1.448463668  
1.233177753  
0.3514666965  
0.7262160265  
1.446774754  
1.320785926  
0.1471355589  
0.8738046204  
0.2627385137  
-0.6187472152  
0.396683445  
0.6136267111  
0.2611416675  
0.3287844162  
0.3451777514  
-1.287404642  
-0.7798363663  
0.2695261004  
-0.09144375895  
-0.8171211091  
-0.4729678289  
0.7176970276  
-0.03145375165  
-0.09909017481  
1.035272067  
0.7614666606  
-1.556405168  
-1.872084308  
-1.911981074  
-1.412329256  
-0.1764615738  
0.1601391367  
0.03577008687  
-1.600480154  
-0.4162309643  
-0.4147914437  
-0.6479672477  
-0.01058481547  
-0.2018427072  
-1.664581215  
-0.8046842313  
-0.76604107  
-1.01176632  
-0.5527994214  
-1.065825068  
-1.21266378  
-1.159586214  
-1.155098762  
-2.11142036  
-1.451095521  
-0.6313443907  
-1.65839266  
-2.093698706  
-1.091435058  
-0.316123293  
-1.389263633  
-1.017191513  
1.734671422  
-1.559151725  
0.2916497459  
1.335922849  
0.7131892914  
0.6135883583  
2.064668799  
1.834282355  
0.624479617  
1.984906188  
1.525160171  
0.5013547355  
0.9553132792  
0.667947485  
0.2137845438  
1.13583762  
1.2722155  
0.1564989246  
1.405594117  
1.904344513  
1.475096295  
1.225579427  
-0.3243190807  
-1.659763364  
-0.7628565465  
0.7570370592  
0.1308099496  
-1.576604448  
-1.227368116  
-0.2288504971  
-1.001407139  
-0.1420828855  
1.265290819  
1.021360969  
-0.6228785928  
-1.262794429  
-0.9009127311  
0.03086203096  
0.8663988816  
0.8178469211  
-0.6754235162  
0.6691331934  
1.260884932  
-0.2593840121  
-0.2816274308  
0.2321640713  
1.260204102  
-0.3577398789  
0.1441933051  
2.281451933  
0.917127494  
0.6013402815  
-0.1321233023  
0.4906663466  
0.3114503778  
-0.7484022514  
-0.9427878694  
-0.8980335215  
-1.030864207  
-0.4046064224  
-0.08184339221  
-0.8690103667  
-1.160474338  
-0.6441697367  
-0.4034485752  
-0.8024865197  
0.9433503139  
0.5688888443  
0.3003960515  
-0.6726110533  
0.5851714679  
0.918154374  
-0.1109788079  
-1.835100502  
-0.2612216165  
0.4453517179  
0.8675917727  
0.742563325  
0.9643467019  
0.04877323867  
0.3358980434  
0.2998763024  
-0.8728015008  
-0.597674872  
-1.471697149  
-3.528301453  
-0.1003156506  
-0.1122583274  
-0.1959389455  
-1.308058466  
-0.4435768598  
-0.1366120554  
0.2136264082  
1.326668209  
1.758055082  
0.3866483434  
1.622181094  
1.067998417  
-0.3285175636  
0.3924732511  
0.01680715871  
0.4930233711  
-0.07102259105  
-0.2965884895  
-0.1631571382  
-0.4776403361  
0.411896834  
-0.3810025705  
-0.2096518642  
-0.1286019655  
-0.02271938338  
-0.1892205896  
0.3517122127  
0.2846979896  
0.9771398491  
0.5116361077  
0.199333017  
0.775959265  
0.7880375705  
0.9137328001  
0.4384991312  
0.1912611029  
-0.43687397  
-1.270355576  
-0.2672390592  
-0.2347557643  
0.08446590228  
-0.02689269001  
-1.248763093  
-0.5651042109  
-0.4862102003  
-0.5315707791  
-0.1904335563  
-0.242879327  
-0.4341008129  
-0.03962765027  
-0.6558892938  
-1.577126624  
-0.5089679466  
-0.09983214671  
-1.144153185  
0.865207799  
-0.2786423645  
-0.0724384279  
0.2315583024  
-0.2974639911  
-0.6334673823  
-0.08825614332  
-0.2143333277  
0.6076542743  
1.22219902  
0.394630622  
1.71586888  
1.017498237  
-0.3428457241  
-0.1533338094  
0.2444129025  
1.764555542  
0.8157554413  
-0.03838747994  
0.2578447313  
-0.1381938929  
-0.4782867306  
0.4280717756  
1.151306878  
0.05838242361  
0.2394818421  
0.9082712469  
0.5361213285  
0.7252299321  
0.7401830993  
1.003955619  
-0.2107454593  
-1.141339437  
-1.357660519  
0.1228101685  
0.6237293977  
-0.5005453909  
0.9496935736  
1.854669893  
1.128158903  
-0.6941697373  
-0.4994079634  
-0.750807314  
-1.042927158  
-1.322240107  
-0.4289906055  
0.3645691438  
-0.1019477613  
-1.129653198  
-0.3045338717  
-0.8449330501  
-1.024273428  
0.2892862526  
0.3586147817  
-0.08385348245  
-0.1771928458  
-0.2545164643  
-0.3598879734  
-1.224486567  
0.4038198991  
0.1195756942  
-0.7927551703  
-0.5208126002  
0.2661823582  
-0.3783586871  
-0.6110985943  
0.5236347802  
0.8939311733  
-1.902523141  
-1.260035914  
0.8900819381  
1.776870157  
1.590286423  
0.9560201864  
-0.4940781252  
-0.1767093227  
0.4103865713  
1.027691349  
1.869397662  
-0.3404179595  
-1.988644064  
-0.7783602524  
1.33953483  
1.18900489  
0.9316841637  
0.7115958858  
0.8243699487  
0.7020859231  
-1.283726715  
-0.4801308491  
0.4454873761  
-1.041692136  
-0.107581117  
1.512965017  
1.276842434  
1.293361493  
0.008415287524  
-0.4444286665  
0.7304344597  
1.696756886  
-0.3561137721  
-0.6379956124  
0.03566491084  
-0.02074269962  
-2.327732656  
-2.371740245  
0.4513304553  
-0.02129038083  
0.6419366456  
-0.4153290632  
-0.16440398  
-0.1558695515  
-0.9188868959  
-1.332796459  
0.04950751114  
0.3115031339  
-0.6951272625  
-0.6281651754  
-0.07247384155  
0.3714257816  
-0.0004667374518  
0.5266853342  
-0.11424458  
0.08069432273  
0.4844484996  
0.04270041376  
0.1629911524  
-0.006591156315  
-1.883661397  
-0.819276947  
0.6023285355  
1.238474084  
-1.035449923  
-1.937521563  
-1.625021312  
-2.317290632  
-1.711851273  
-0.3648305849  
-0.2955010921  
0.554765779  
0.2211854981  
-0.3461325761  
0.5064481174  
1.222141576  
0.5722977913  
-0.4610283045  
0.378072344  
0.8982553269  
2.331282444  
0.7993773185  
0.07240745795  
0.3934309089  
-0.9580734384  
-0.9261726366  
0.6878524799  
0.3326633461  
0.2819106404  
-0.8596013922  
-0.09225594984  
-0.7976704261  
-2.024825788  
-1.380227677  
0.2405789821  
-0.8002018897  
-0.3516200559  
0.1154768983  
0.3127071194  
0.726203793  
-0.1210843474  
0.3290580647  
2.20275429  
2.335510109  
1.079913769  
1.232355049  
1.484789696  
0.4229297668  
-0.1372385651  
-0.5501233388  
0.1626459602  
0.595849188  
0.9628660365  
1.339055693  
0.7558766351  
0.3104457691  
0.5633298422  
1.042048165  
0.7654237669  
0.9323169493  
1.053190565  
-0.5118548991  
-2.055528646  
-1.486055488  
0.4776242741  
-1.413445579  
-1.614465727  
1.710236919  
1.196009838  
-0.2187497711  
0.2260866385  
-0.06405734656  
-1.736284343  
-0.9220958896  
0.5412470135  
0.01936190824  
-1.714969597  
0.03279963499  
0.6311712536  
0.2802652613  
-1.548837948  
-0.006615240155  
0.1267135042  
-0.4043203024  
0.1058718701  
0.9623168074  
-0.1864361096  
0.2306560503  
0.119262431  
0.04835875484  
-2.410151335  
-0.9853422841  
-0.373335989  
-0.8336473464  
-1.278185921  
0.7769781059  
-0.06359660117  
-2.586917887  
-2.569269441  
-0.699046256  
0.546652899  
0.527787464  
-0.942756375  
0.213648071  
0.7549037166  
0.9277916534  
1.658895846  
1.027608018  
0.6704142977  
0.580034245  
1.199226092  
0.4479150197  
0.9319265394  
0.5652429161  
0.3975835434  
-0.3519026114  
0.3080796992  
-0.8719527049  
-1.293664539  
2.676117274  
-1.002032323  
-5.407406757  
-0.6339278409  
1.049129115  
2.889141059  
