0.008183472311  
0.06134639942  
-0.2660325672  
0.5626349469  
-0.1951154862  
-1.520154266  
0.1660397778  
0.2031065397  
1.008332384  
2.008540735  
1.302600763  
0.427046423  
-0.04346222536  
-0.4138189778  
0.1429448248  
-0.02448183889  
-0.561384221  
-1.633606412  
-0.2284827495  
0.05282478734  
-0.2751147903  
-0.3263268099  
-0.8559544476  
-1.047957057  
0.5449145533  
-0.05449960957  
-0.467913995  
-0.5236386663  
-0.4908438164  
-1.115953462  
-0.8812806413  
-0.1370966426  
0.04158588381  
1.291641483  
1.961995405  
0.6159639674  
-0.7711496674  
-0.2732703905  
-0.1712113331  
-0.6612661656  
0.3307155305  
1.049928362  
0.03015783378  
-1.069870181  
-0.009206545127  
1.512102202  
1.985458489  
1.610508206  
2.773171011  
1.22127241  
1.294607898  
1.566814463  
-0.1276005529  
-0.344689162  
-0.151343576  
-0.9293172417  
-0.3808210068  
0.7966817188  
-0.5104140736  
-0.6855518725  
-0.5973732055  
-0.3897417632  
-0.5203058173  
-1.767346492  
-0.1770482469  
0.3489799613  
0.02603411135  
0.8721800124  
-0.1373579106  
-1.509914316  
-1.359173285  
-0.3534085694  
0.6897995332  
0.4980156907  
0.4817110857  
0.8522826677  
0.7134903288  
-0.1705516441  
0.109611952  
-0.8419300678  
-1.010946077  
0.1998164099  
0.2144151637  
-0.2756987941  
1.150272278  
0.6786230822  
0.6326544097  
0.3324511323  
2.239392868  
1.227965628  
-0.8445600507  
-0.4344192246  
0.4912224482  
0.8566701713  
0.1663374585  
0.0813575201  
-0.1715500503  
0.1941722183  
-0.207337413  
-0.3453511909  
-0.07185080885  
1.138812084  
-0.161067333  
-0.8810347769  
-1.431255147  
-2.299382535  
-1.877900894  
-0.775522515  
-2.618506009  
-2.351832172  
-0.2359811302  
0.8670691627  
0.4753066871  
-0.543326157  
0.4502379652  
1.535009338  
1.345601379  
0.2330371126  
-0.444526506  
-0.9545451135  
-1.95717686  
-1.345875357  
-1.040093264  
-0.5253479572  
-1.298999464  
-0.9248606796  
2.502650807  
2.097356259  
-0.1458833738  
-0.7548636405  
-1.57529714  
-2.602028619  
-1.796322788  
-0.4869549409  
0.06091552989  
1.397419858  
-0.1329614378  
1.125704927  
1.777821097  
1.178509358  
-0.3380741519  
-0.1551145832  
0.6132744349  
0.3459639273  
-0.2496682673  
-1.816387998  
-0.3579390315  
0.5820564627  
-0.4219749514  
-1.318625253  
-0.06556232535  
1.470576872  
0.5506813559  
0.7028719029  
1.124886591  
0.570772142  
-0.3578697203  
0.3179926403  
0.5282121568  
1.260865947  
0.1365336517  
-0.9169875634  
-0.06395325227  
-0.4498103994  
0.2109165631  
1.208716714  
-0.003239711794  
1.452172167  
0.7923151904  
-0.5977391218  
0.278142171  
-0.4925373507  
-1.126930102  
-1.381402112  
-0.6245619318  
0.7560443291  
-0.04280000291  
0.9604253514  
1.685512227  
2.051214767  
2.686949429  
6.193298799  
3.505938981  
1.464116638  
1.017741082  
0.2307315176  
-0.9609962888  
-1.008613168  
-2.1225071  
0.08234684529  
0.8203835555  
0.7826572181  
0.6250139939  
0.2105651122  
-0.2042406507  
-0.2752535619  
-0.1387240839  
-1.378923249  
-0.7682157975  
-0.3340184097  
-1.294452735  
-0.672695605  
0.3401655133  
1.045103425  
-0.6245090717  
-0.7330427101  
-0.8408338879  
-1.833375538  
-0.36327471  
-0.5425654261  
-1.507393897  
-1.815346814  
-1.095316192  
-0.3135931066  
-0.1481890639  
0.07617400229  
-0.3542373993  
0.3327239628  
-0.0004269423874  
-0.3341092942  
-1.029922572  
0.1270025966  
-0.8451445363  
-0.9952517925  
-0.13688756  
0.452870014  
-1.208967659  
-1.648424045  
-1.291600789  
-0.5277011963  
-0.8875021715  
-0.1127864926  
-0.3030510529  
0.6071028679  
1.586581269  
1.008335543  
1.835466269  
1.928974648  
-0.2387803255  
-0.6234489597  
-0.9552624117  
0.007678984372  
-0.7191189741  
-1.798782887  
-1.464417679  
-0.6912718504  
-0.1216249596  
-1.302008211  
-0.4047982944  
0.2285671022  
0.09921593762  
-0.5570978611  
-0.8613376501  
0.5188467158  
0.1862484539  
0.4621267227  
0.2064078278  
0.2158169756  
0.6477351376  
1.015369858  
0.9990088584  
0.8765431695  
1.73003909  
1.14053911  
0.1610262368  
0.4344808664  
1.358431572  
0.9844288529  
-0.2403424605  
1.090188212  
0.6973315506  
0.543310318  
0.4680948847  
-0.3447726663  
-0.8039236256  
-0.4033137643  
-1.365875755  
-1.583035082  
-0.4032022844  
0.03262768078  
0.4428082481  
1.19475592  
0.5080013464  
-0.5011591364  
-0.6140079538  
-1.684966612  
-1.672304834  
-0.7115479019  
-0.2648307932  
0.4310315376  
-0.6156573141  
0.1021339735  
-0.02554701313  
1.332386553  
1.412350139  
0.5612775317  
-0.5690863468  
0.2502182774  
-0.2491146002  
-0.1959603611  
0.1348434647  
-0.2123260762  
-0.3739952304  
0.2707690211  
-0.200641144  
-0.1452697219  
0.7954146823  
1.059712521  
-0.1527222184  
-0.5998484897  
0.3580675045  
0.3547352248  
0.6253445589  
0.0335206462  
-0.1077754719  
0.1358006879  
0.7638911909  
1.304349028  
0.4602616729  
0.9202047116  
2.192257458  
1.014036183  
-0.1925387422  
-0.1871609983  
-0.253990342  
-1.084240289  
-0.8853281642  
-1.160564237  
-0.8227187909  
-0.4132095277  
0.6795602143  
1.127716891  
-0.05209591878  
-0.4661824467  
-0.2622904887  
0.5996359012  
-0.388650758  
-1.70608649  
-1.099763395  
-0.4111976586  
-1.629642845  
-1.394871545  
-1.266965423  
-1.477100557  
-1.604992676  
0.9601019567  
-0.1498344731  
-1.659667559  
-0.2363621914  
0.166620123  
-0.406107794  
-1.278683973  
-0.3605660906  
-0.7586363872  
-0.5958819657  
-0.5854538275  
-0.4643022993  
-0.6520815039  
-0.1977963689  
1.129407758  
0.7210717764  
-0.1043374654  
0.9335286174  
2.453454785  
1.213537602  
0.4758847276  
-0.8563763252  
0.760196445  
2.06611771  
1.429354981  
3.69494584  
2.313422042  
0.04798195404  
1.640869684  
0.8366275321  
-0.8512757456  
-1.703355457  
-2.221774747  
-2.729290694  
-1.252400895  
-0.1519402164  
-0.9066473868  
-0.1063044857  
-0.3938804934  
-0.5840878107  
-0.3978779806  
0.2383969183  
-0.5507150236  
-2.087933544  
-1.303863553  
-0.5428316586  
-0.7939015006  
-0.3976634119  
0.1240327801  
-0.5872436082  
0.3206298662  
-0.07603358004  
-1.161322912  
-0.4099786174  
1.033864165  
-0.4358722561  
0.5871896445  
0.9241254393  
1.124471114  
0.2993496427  
-0.7278227611  
0.4083367357  
1.095454866  
1.954423365  
2.143209356  
1.449277609  
0.5808272057  
0.9024496662  
-0.001171312149  
2.83973089  
9.384807468  
4.665593748  
-0.7114443622  
-1.456049462  
-1.856177953  
-3.633684379  
-3.545053403  
-2.27771388  
1.274563525  
1.040711875  
1.371504317  
0.5817138584  
-1.331463492  
-1.064280133  
0.2686761817  
-0.3785137969  
1.904719945  
1.763122067  
0.9456168799  
1.517773507  
3.146313562  
1.863277787  
-3.038279762  
-1.796138645  
0.4536796562  
0.1563426467  
-0.09480897427  
-1.96726233  
-3.794784032  
-3.176538051  
-4.271122961  
-3.951176869  
-1.85422112  
-2.707742061  
-2.577713028  
-2.585235664  
-0.7461160081  
-0.06463805295  
-0.7321757947  
-1.806341143  
-0.3841605195  
-0.09875204059  
0.9761750903  
1.431710122  
4.066380633  
2.968419315  
1.6535373  
0.3636262763  
1.533930091  
0.7076560954  
-0.5061135322  
1.564227056  
3.172371604  
1.29081381  
1.150027918  
0.3854010022  
-0.1376897356  
-2.007133045  
-1.003235164  
-0.4565173969  
-0.9583640671  
-0.03572739174  
-0.0482253681  
-0.856051195  
-0.5247599164  
-1.087241751  
-2.125202943  
-1.090850183  
0.602170094  
0.7334897947  
1.861804543  
0.2128022041  
-0.3318071312  
-0.63944456  
-1.431269098  
1.993668454  
4.283856885  
3.320495878  
3.351844833  
3.44695815  
2.761304984  
1.581139993  
-0.05443121857  
0.8164505166  
0.4060343711  
0.3504124637  
0.8485562434  
0.3108616575  
-0.2174026971  
-0.8024473633  
-1.264462692  
-0.3953403033  
-0.4326146492  
1.003432884  
-0.09534730681  
0.2829098129  
0.7276938827  
-0.1251949112  
1.129416868  
0.7675595484  
1.340318698  
0.9147606922  
1.345200413  
0.6331178129  
0.1252940174  
0.3819666039  
1.906090409  
1.112939798  
-0.4803373257  
0.2954467435  
0.150178064  
-0.6990551498  
-0.1047574047  
-0.7576095759  
-0.8389461323  
-1.056058795  
-0.8032007202  
0.3561260979  
-0.3695459853  
0.2693829528  
-0.5742990493  
-1.143738441  
-1.785259979  
-0.8781962563  
-1.418135229  
-1.693831788  
-1.9275279  
-0.4560172689  
-0.6377430105  
-1.014257622  
-0.7168161275  
0.5876923946  
-0.8087056011  
-2.286252818  
0.05860006642  
-0.5459378583  
-1.528009306  
-1.508949602  
-0.833891221  
-0.430326877  
-0.07066290138  
0.433260714  
-0.3462192154  
-1.328808212  
-2.043591165  
-0.374147443  
-2.55149701  
-1.73091232  
-0.8479249577  
-0.01975236023  
1.423445404  
1.502816088  
0.5021500605  
0.3624796971  
-1.778910779  
-1.265019832  
-1.350230941  
1.113311205  
0.9367799502  
1.373798435  
-0.1321575893  
0.3707769489  
0.5820441884  
-0.2400062124  
0.01797463693  
0.9029921302  
-0.1244145937  
0.5332210949  
3.105893152  
0.3835306692  
-1.392390195  
0.3314497942  
1.147847548  
-0.2191390293  
0.4823081191  
