-0.8628243988  
-1.042779917  
0.2723016234  
1.582704563  
0.1443632178  
-0.3301804293  
-0.558471122  
0.2712857073  
0.8403700754  
0.9891905261  
-0.5532012495  
-1.809027975  
0.03487723293  
1.757071922  
1.194808493  
-0.5318186532  
0.1939495103  
-0.8587741388  
0.3323076939  
0.8312133957  
-0.5981514535  
0.3213544437  
1.599214071  
0.01099464633  
-0.03972697744  
-1.017435167  
-1.403119283  
-0.5804079069  
0.1948490266  
0.6627909726  
-1.255698274  
-1.334488887  
-0.3638005694  
0.3520281533  
0.7088381153  
0.9011951919  
-0.02852216163  
-0.2069509195  
-0.5081002887  
0.1297747134  
0.8450561492  
-0.3690637238  
-0.05509295222  
0.5002793953  
-0.2296649107  
0.713985936  
0.5349053582  
-0.06996546135  
-0.7264869594  
-0.1126678359  
1.305074502  
1.269525228  
0.1455376858  
-2.25007092  
-1.777917239  
0.3998342095  
1.412687497  
1.682116441  
-0.04235643967  
-0.5494438148  
-0.6989230252  
-0.3871864631  
-0.7275451751  
-0.3986366307  
0.7803513872  
0.8954729335  
0.7301245474  
0.8646619413  
-0.2784042503  
-0.8264641673  
-0.7811029026  
0.3071256513  
0.312903501  
-0.7256516224  
-0.2632857736  
0.282879126  
2.105077425  
1.353502628  
0.6096144616  
1.725794282  
1.063700401  
0.873738092  
-0.5457214242  
0.09196192473  
0.7007706854  
0.5757979199  
0.06745258279  
0.2675297072  
0.9266346428  
1.41775358  
-0.2358911182  
0.0941080506  
-0.1712848106  
0.04163447359  
-2.252232707  
-1.569948825  
-0.5274432448  
-0.8737351172  
-2.162779288  
-1.201843678  
-0.3223482541  
0.7464009798  
0.3397005204  
0.4223763866  
-1.102617803  
0.1306409603  
0.08492563824  
-0.5089125555  
-1.448438844  
-0.7414886587  
0.8211569461  
1.448325288  
0.4748979704  
0.2407656136  
1.057613217  
0.9709823374  
1.183368328  
-1.502781773  
-0.6238795025  
0.1143301353  
-1.035067056  
-0.1158895821  
0.4002243059  
1.724149796  
-0.1391343214  
-1.558460392  
-0.4463149896  
2.018524145  
0.4364978844  
-0.7942251244  
-2.281573959  
-3.038131229  
-4.093175695  
-4.313285996  
-2.732862867  
0.07133537794  
0.1123207986  
0.1983100179  
-0.07383147156  
-1.775720773  
-1.85107533  
-0.3854843732  
-0.555220762  
0.3122037805  
1.113241313  
-0.5467694442  
-0.4979892246  
-0.2751766235  
-0.448900436  
-0.47830554  
0.07117058718  
0.6033881833  
-0.4885455187  
0.7531014012  
1.046041426  
0.3802643743  
1.27540438  
0.1685550771  
-0.572816797  
0.3754290839  
1.154426048  
-0.2388318187  
-0.7858523172  
-0.02241949124  
-0.001308304959  
2.039123482  
1.948861893  
3.260002175  
3.120595971  
1.580642064  
1.553103678  
1.343731584  
0.322513348  
0.3219732845  
1.653112685  
2.445260809  
1.619175971  
1.67392835  
0.8203812676  
0.3648098217  
1.234904756  
3.836635801  
2.790416103  
1.554490378  
1.158028087  
-0.03724880839  
0.6360605122  
0.7875634317  
0.2397337798  
1.948107841  
1.264912395  
1.890998038  
1.72700025  
1.977077956  
1.95049234  
1.337972943  
0.8807421681  
-2.805543887  
-2.669121428  
-1.359962789  
-0.8657635768  
-2.703862467  
-1.628900341  
-1.577554369  
-1.582684853  
-0.9526792957  
0.1397284411  
-2.062206842  
-1.580544998  
-0.8038438099  
-1.529753967  
-0.227734052  
-1.16170053  
-0.6700891422  
-0.1547475597  
-1.190113803  
-0.7125150662  
-0.7852213706  
-1.367548224  
-0.3050116488  
-0.04748003573  
-0.5164158045  
-1.267345803  
-1.576300111  
-1.093223078  
0.3523815502  
-0.1392218853  
0.2124285896  
-1.906220192  
-1.437064558  
-0.6520721161  
-0.3474535629  
-1.232821681  
-0.3485376383  
1.241459733  
0.2280645872  
1.478488872  
0.3019099713  
-0.3829851718  
-0.2246692531  
0.7371072226  
-0.01300621812  
0.4400504176  
0.1794159186  
-0.4018807308  
-0.3963131061  
0.7075829214  
0.4923202578  
1.410707443  
0.2988804662  
-0.8204632289  
0.169422918  
-0.1610217283  
-1.070937166  
0.08272100988  
-0.6295814041  
-0.6583412249  
-1.149141943  
-0.2518945065  
0.2456700606  
0.1976403324  
-1.552595783  
-0.4630861843  
-1.101774431  
-0.7796929992  
1.481977005  
0.4250118746  
-0.5155716533  
-1.521709666  
0.5391783208  
-0.1611526528  
0.2037038596  
0.7471172289  
0.01347057085  
0.4969311054  
-0.8392130638  
-0.4785425741  
-0.7310985401  
-1.329469796  
1.080884545  
1.623203754  
2.241450493  
0.6669319423  
0.2490495324  
0.1424349888  
-0.4545925472  
0.5335758591  
0.7356499571  
-0.2346819639  
-1.007481785  
1.781263672  
0.352774909  
-1.203823649  
-1.93652512  
0.274793028  
0.9570834392  
-0.2653997551  
-0.4158574608  
-0.9770360751  
-1.397424887  
-1.783133335  
-0.4301853058  
0.5026887629  
0.8269265626  
1.087803073  
1.558716775  
1.635521626  
0.5421494973  
0.3980960669  
0.188535777  
0.5095750238  
0.6383751205  
0.8457713094  
0.1799158991  
0.06586281313  
-0.2982119843  
-0.02006421243  
0.007218300928  
-0.9179144994  
-0.4622784997  
1.746378131  
1.927172301  
0.3779236256  
-0.2643821022  
-1.060727566  
0.02254778431  
-0.624589986  
-1.471862447  
-0.8870046137  
-0.06814139022  
0.02315587434  
0.6224207497  
0.5380568143  
0.04565030444  
-0.1749454704  
0.3523457574  
1.031968492  
-0.8790307727  
-0.4386652526  
-1.542779769  
-1.58503397  
-1.564538372  
-1.488561452  
-1.65149751  
0.7345139501  
1.518618994  
1.260083339  
0.1102296824  
-0.5818879571  
-0.2249469151  
-0.9359112164  
0.2458631662  
0.3012212547  
-0.5538295261  
-0.8104656278  
-0.2842825143  
-0.2537705208  
0.2326541498  
0.528752921  
1.418735923  
1.236610976  
0.920075425  
0.2771339158  
-1.500691929  
1.621500657  
-0.1038037593  
-0.05968991804  
1.353314974  
0.4959022244  
1.11771649  
1.214191962  
2.023287357  
0.1001900763  
0.169386092  
0.06807368798  
-1.772711766  
-1.45839008  
-2.743561099  
-4.080747019  
-2.422096283  
-1.443633489  
-1.771811586  
0.003128239515  
-0.6415297754  
-0.1705045232  
-0.3086059705  
0.1654508608  
0.2661710237  
1.016988479  
0.0009341915154  
0.8580135175  
-0.2280997368  
-0.2176407292  
0.7840219112  
0.2468149619  
-0.2239264331  
-0.2515179935  
-0.1902180658  
0.7014071614  
1.168490756  
0.2824467305  
-0.8266682647  
-0.1985340255  
0.2078586969  
0.1850972579  
-1.385934649  
1.865309316  
2.400959889  
0.6312411651  
-0.1629947568  
-0.217206587  
0.4153907574  
1.895472938  
1.152076035  
0.1541346622  
2.489099902  
1.29994246  
-1.288913034  
-1.185182149  
0.2149250723  
-0.2951150527  
-0.8473596464  
-0.9031842034  
1.463808716  
0.5976010199  
0.5091238924  
-0.09895379003  
0.2044244581  
-0.2000362924  
0.320421855  
1.224414216  
-0.2134171077  
1.634922664  
2.174895516  
0.4615148243  
0.08202737331  
0.8735297339  
-0.6199303239  
-1.671385681  
-1.12098397  
-0.9632700275  
0.130437018  
-1.533435834  
-2.642222098  
-1.232296333  
-1.534742798  
-2.462809515  
-1.628038082  
-1.737232257  
-1.58660282  
-0.6485053907  
0.2845645479  
0.8155583739  
0.1103916607  
0.6494629815  
0.525163876  
-0.2976084193  
1.423642299  
1.005934036  
1.284735473  
0.6651884959  
-2.995467977  
-0.9124217336  
-1.416017696  
-0.4895670913  
0.5589769864  
1.118500183  
0.8303718432  
-0.057343982  
1.213978736  
0.9938058269  
-0.3328859022  
-0.2977091631  
0.08936006783  
0.5249887728  
0.4270669002  
0.7903833302  
0.850844473  
0.986874227  
1.041502982  
-0.9724867177  
-1.128220953  
-0.4340062291  
1.771187962  
0.1220255419  
-0.788335562  
-1.266736035  
-2.144426736  
-2.67023832  
-1.176793592  
2.491043574  
1.567310293  
0.7911373117  
0.7507095836  
0.8657080054  
1.602553006  
0.04507308911  
1.145679779  
2.074496549  
-1.203068681  
-1.070050372  
-1.383900496  
0.1960076347  
-0.1736219607  
-0.9883843917  
-1.172605132  
1.381062674  
1.341475403  
0.2055964405  
-0.8737689777  
-1.108070026  
0.09512201008  
0.08037607347  
0.4546510922  
0.5926146397  
2.30676376  
1.11624043  
0.6483684947  
0.8885009207  
-0.6087229794  
0.4507883191  
-0.4554882451  
-0.1466397724  
-0.2803991666  
-0.1357482812  
-0.7034189983  
-1.894254989  
-1.421131946  
-0.1921763202  
-1.531515365  
-1.372404286  
0.4515467468  
0.830723032  
-0.4875739614  
-0.09694594564  
1.753777674  
-0.2746917209  
-2.832276625  
-1.456457245  
-0.2176162926  
-1.613288686  
-1.602557613  
0.8608720486  
2.291200713  
-0.5747221512  
-0.6417662361  
0.07720222947  
-0.8948861795  
-1.615278096  
-0.963218657  
-1.052412911  
-1.202933832  
1.798414196  
0.3684553001  
-1.134891007  
-0.1798200066  
2.434172372  
3.917501696  
1.129128448  
0.5050535362  
2.105708964  
-0.3124130569  
-0.2673101146  
-1.015165197  
0.4335869661  
2.09687204  
-0.08061391546  
0.02533948621  
-1.22652454  
-0.7237358621  
-1.636996991  
-0.5361111665  
3.137496171  
2.270734848  
2.039237608  
0.5357357451  
0.3934188991  
0.6958894787  
0.153468612  
1.144179493  
2.381308763  
3.545540612  
1.931241403  
0.328189435  
-1.658253805  
-5.824535793  
-4.318082943  
0.7881701361  
1.80149954  
-3.41865636  
