-2.656955574  
-1.526959312  
-0.1514052918  
1.399478994  
1.245354502  
0.02231508759  
0.4691388855  
0.9304659919  
0.06334096498  
-0.0425328577  
1.059110401  
1.184691159  
0.2735705731  
0.7214432365  
0.8163231551  
0.08658534604  
-1.073206286  
-0.9488716718  
0.1501273942  
-0.1335718618  
0.2454225829  
-0.2163581912  
-0.7003840323  
-0.690463335  
0.1225652797  
0.5020129664  
-0.4291821949  
-1.065106089  
0.4578235111  
0.7839581021  
0.1402397494  
-0.4666236606  
-1.427416419  
-0.8655700618  
0.8427800143  
1.141008381  
-0.02717678188  
-0.1458432864  
-0.1225835268  
-0.7698444269  
-1.123666805  
-0.9217238918  
-1.214329406  
-1.37533767  
-0.2517381505  
0.1956561207  
0.2505427897  
1.180969181  
2.010746635  
1.059442392  
0.9037202934  
1.58370773  
0.7168499014  
0.542612345  
0.3040199889  
-1.734384089  
-0.6746832372  
0.6117180826  
-0.1278794404  
-1.208192496  
-0.2849805062  
-0.1185523531  
0.6120284094  
0.8522476536  
-0.4932589596  
0.2872520858  
-0.1690079931  
0.6252524495  
-0.3449966873  
-0.5604801152  
-1.52974818  
-1.844743582  
-1.690049055  
-1.227305864  
-0.7403725764  
-1.025667431  
-0.1492930316  
0.5144276841  
0.2882336467  
-0.4858358672  
-0.4142628632  
0.7824936861  
0.2354413526  
-0.4054511955  
-0.4255807805  
0.7824074194  
1.250846117  
1.236950562  
3.375123386  
3.062448137  
0.8238817133  
-0.6449583575  
-1.009492394  
-1.112002072  
-0.2475641396  
0.0590890491  
-0.5414164998  
-0.1716908416  
-0.5883809869  
-1.054791666  
-0.8628988525  
0.4779553592  
1.026872608  
0.6876776426  
-1.401834716  
-2.060954282  
-0.5840800214  
0.4251789732  
0.5417455765  
-0.01795377471  
-1.530630549  
-1.146983764  
0.2318207999  
-0.3593553857  
-1.025077424  
-0.3735586789  
0.6563353021  
1.199103392  
-0.5588793708  
-1.220559672  
-0.241460329  
1.326796971  
1.036630105  
-0.7761190849  
-0.5066365965  
-0.7163586218  
0.3709651958  
2.791679289  
1.769894599  
1.153538984  
-0.09884453918  
-0.863991819  
-3.035307935  
-3.986854282  
-3.180757619  
-2.188951642  
-0.1038377089  
0.2252204116  
1.8836791  
1.979172024  
0.9628761625  
1.062791883  
1.210602862  
1.134136056  
-0.1634114131  
0.155345554  
0.8098843624  
0.9153874303  
0.6865788189  
-0.9911803064  
-0.1340158341  
-0.6063004292  
0.8937948957  
-0.8962721842  
-0.5793104495  
-0.396495174  
-1.213763197  
-0.3336969606  
-0.3777358406  
0.125493547  
2.225496627  
0.3926520554  
0.04853435328  
-0.8333534968  
-2.26753358  
-1.561820338  
-0.5691136499  
0.1817831661  
2.298652797  
1.102760245  
0.9996307065  
-0.2904143843  
-0.1704539645  
-0.5183810275  
-0.5317499284  
0.3291793064  
1.439619592  
1.720153252  
1.325538175  
1.634895842  
2.110716933  
1.958525718  
3.757135021  
1.360125555  
0.310614667  
1.656982869  
0.9499716969  
-2.266949329  
-1.875711384  
-2.102449548  
-0.5312740838  
0.03103342308  
0.6660413008  
0.3675051925  
-1.324039409  
0.1332909456  
2.048070296  
-1.52299969  
-1.353805323  
-1.600465742  
-0.4981231475  
-0.2189597424  
-0.5186040711  
0.5060433441  
0.7059316246  
-0.3557193133  
0.0833218666  
0.03399586226  
-0.3502269931  
-0.4002019188  
-0.03438352727  
-0.9658878491  
-0.2844126368  
0.1253316059  
0.1570345235  
1.348722032  
0.4123146695  
0.5890241155  
2.174325967  
1.905847835  
0.473080024  
-0.7268145769  
-1.203064902  
-3.056447969  
-2.48853715  
-1.054071438  
-0.9314772197  
-2.464327603  
-0.4502673524  
-1.086104262  
-0.6241204269  
0.3553959282  
1.305027485  
0.9705977876  
1.32940651  
1.666532732  
1.460003397  
1.6482257  
0.6990049715  
-0.651237056  
0.3463401713  
-0.9133217604  
-0.33592723  
-3.241002696  
-1.729225069  
-0.6898240022  
-1.341103346  
-0.9349260086  
-1.395949364  
-0.4333032409  
0.01509977604  
-0.02218593761  
-0.8563466563  
-0.9362879833  
0.5277875148  
0.5101730799  
-0.7661276029  
-0.3866225176  
-0.2180702474  
-0.4513500057  
0.6350857729  
1.037393689  
0.4067711345  
1.583665136  
2.766200443  
2.387653956  
2.435231789  
3.655745721  
2.47025365  
2.192511823  
1.02262013  
0.7444255608  
0.7288566973  
-0.0393169738  
-0.2500968246  
0.4328113029  
-2.42054401  
-2.313934139  
-1.992901648  
-1.177231247  
1.469449929  
0.7549656648  
0.9054838753  
0.5475846323  
0.3043632228  
-0.4783297585  
-0.833120501  
-1.751385537  
0.4662248412  
1.344629679  
1.494712657  
-1.827617348  
-1.921240072  
-1.478427377  
-0.005976927743  
2.007485762  
0.5284418262  
0.6327959267  
-0.51168853  
-0.1928626184  
0.3672270074  
0.6958995691  
-0.03382629411  
-0.3677855837  
-0.7734926363  
-0.5574181978  
1.716078387  
1.353793189  
-0.1878586124  
-0.9024338524  
0.587793965  
-0.7885162931  
0.6782025737  
0.1536576365  
0.2929072322  
-0.6111896723  
-1.011186312  
-1.503787368  
-0.6945851004  
0.2192639314  
0.03311320408  
-0.2817071443  
-0.1757088738  
-0.851017921  
-1.293608508  
-1.674330403  
-1.677754478  
-1.019058954  
-0.9812684692  
-0.6003667493  
-0.6144732064  
-0.1470191232  
1.024089599  
0.761184376  
0.3272123286  
0.1234057789  
0.9915012066  
0.7652215633  
0.8186842229  
0.3093686206  
0.3962839667  
-0.2299893609  
0.2360815579  
0.6491191723  
-0.2108789091  
-0.615226787  
1.29078702  
0.7314879379  
0.7151584552  
0.03127639765  
1.234122285  
1.420776394  
0.6947124146  
0.7102697431  
0.8070893634  
-0.2286639811  
0.06411872372  
1.398971555  
1.370192783  
0.941297146  
2.192389998  
1.704666964  
0.6248418468  
1.973906842  
3.177584068  
1.60931431  
1.326501537  
1.165596177  
1.693539412  
3.461260521  
2.926260237  
4.336049874  
3.304779797  
1.932732258  
2.171837263  
0.7411034037  
-1.31126809  
-3.357059337  
-3.107984971  
-3.899729208  
-2.697532914  
-2.079098394  
-1.843618638  
-1.055924625  
-2.062682751  
-2.09767651  
-1.845934099  
-0.4092205136  
-2.277091205  
-1.365590025  
-2.155688057  
-2.040766581  
-2.309486566  
-0.4201124554  
-2.465228651  
-1.859471441  
-1.349291286  
-1.358498842  
-0.7586106756  
-2.191630401  
-0.3608280769  
-0.6421618613  
0.2787762284  
1.679465442  
1.592775011  
-1.216548603  
0.9754034285  
2.475851553  
1.356273663  
1.312953347  
2.536317931  
1.787440186  
0.6959445212  
1.111148171  
2.071287224  
2.702439954  
4.26090003  
1.64327284  
0.6576601032  
0.3470299922  
2.361186654  
-0.6425088233  
-3.376036916  
-1.842719247  
0.4126097807  
-0.8179295503  
-0.0199685699  
1.656333832  
1.13117197  
-0.1612521222  
-1.200849711  
-1.528404841  
1.416675319  
1.617362358  
1.74210129  
3.472105007  
2.324114306  
-1.442927645  
-4.688723662  
-2.59237449  
-0.9445191154  
-0.4799764694  
-2.572823095  
-3.16603362  
-3.737257145  
-3.020512705  
-3.356248068  
-4.810926412  
-3.299850595  
-2.490656274  
-3.645707218  
-3.464470447  
-1.287761943  
-3.655362526  
-3.16279279  
-1.976588063  
0.7596527488  
1.259149071  
0.1041633396  
0.935676951  
1.954961109  
2.86786715  
2.005868062  
-0.2617992493  
2.55022362  
2.143896776  
2.200076539  
1.422947022  
1.91628277  
-0.1131514272  
0.8869396202  
0.6896215477  
0.8965605258  
-0.9109521276  
-0.1292902104  
-0.03837931702  
-0.1009438715  
1.492886234  
1.44836944  
1.007324528  
0.6447154869  
0.8834801979  
0.1374703358  
0.6174475749  
1.675836777  
2.633519004  
1.422735328  
-0.9260798819  
-1.076532707  
-1.704993733  
-1.828431901  
-0.4186353072  
2.161642944  
3.339400374  
2.92425701  
1.668224032  
0.4469723452  
1.184842391  
3.663582237  
2.680799851  
1.183942879  
-0.4837610076  
-0.8883492445  
-0.5102520281  
-0.6532474759  
-2.05060045  
-1.722205567  
0.6664644566  
1.640078317  
-0.2048410747  
-0.6355843173  
-0.7229317084  
-0.1907045328  
-1.31378699  
0.5904998887  
1.152415629  
2.855972396  
0.6673261974  
1.115709637  
-0.6706279344  
0.5712996263  
0.4844473595  
0.5755738935  
1.001758824  
-0.983758826  
-0.1184661648  
-0.8150515907  
-0.7973621031  
-0.1328009449  
-0.2586552854  
-0.6367610033  
-1.303768065  
-0.5424606008  
0.5705232002  
-1.094022202  
-1.560857728  
-1.580162033  
-1.407655539  
-1.939914037  
-1.143847966  
-2.273276267  
-1.842212968  
-1.879129025  
-0.5068225664  
-0.3828022279  
-0.7529480695  
0.3439199468  
1.472446073  
1.160312887  
-0.8869288475  
-1.018784566  
-1.117942551  
-1.659528834  
-0.4964443788  
0.7659843009  
-1.249748615  
-0.3975895221  
1.492644588  
-0.9756218356  
-2.335744765  
-0.9425805288  
2.373118315  
1.66465438  
-1.418148651  
-0.9221720553  
1.266316996  
0.9074724316  
0.9712547682  
0.6121458177  
1.49971707  
0.4914864857  
-1.054051556  
0.1947748239  
-0.4596210041  
-2.169528995  
0.6350395716  
-0.03826889337  
-0.4566616307  
-0.5749840467  
-0.3200426308  
0.04131523817  
1.665172829  
1.72808798  
0.2902628856  
0.05354850326  
-1.718859256  
-1.641220241  
0.5025932168  
1.99533594  
-0.8461363071  
