-0.653808573  
-0.5977921333  
1.140556106  
1.530227596  
-0.04293200665  
-0.8638979482  
-0.7796675881  
-0.1442015607  
1.226797499  
0.2619053695  
-0.9024856316  
-1.671022006  
-1.74320482  
-1.761212324  
-1.170213944  
-0.4942252599  
-0.2691270517  
1.574552708  
1.488112483  
-0.01969874797  
-0.1384525099  
1.383426735  
1.957956235  
1.480317427  
0.1100172898  
-1.08921654  
-0.8257725049  
0.8752044951  
0.07610610407  
0.1838006237  
-0.4199297247  
0.7957820573  
0.5987949377  
0.1267238648  
1.351062712  
0.5633629078  
-0.3171490331  
-0.07825184243  
0.04723179121  
1.70992687  
0.8983840876  
0.4653401244  
0.1907144893  
-0.1372750347  
0.5660725961  
1.420719411  
1.18819453  
-0.2023186655  
-0.253179556  
0.8687972267  
0.8975104098  
-0.2527076923  
-0.2925166676  
-0.8799567574  
0.7404936176  
0.4883680497  
-0.5933781263  
-0.4344084146  
-0.09626786377  
-0.4730669149  
-1.131224668  
-1.75013971  
-1.2684884  
-0.001070999775  
-0.1156494945  
0.2390743327  
-0.09556341251  
-0.8752400379  
-0.634519811  
-0.6231096257  
0.04990600442  
1.609075277  
0.2933457261  
-0.5059764437  
0.9452433068  
0.8510488462  
-0.2513429082  
-0.3542026141  
-0.1210895942  
0.2871286574  
0.6767785951  
1.233660659  
0.3934024782  
0.1607248896  
-0.4463985944  
-0.1434902391  
-0.4842096887  
0.1456410066  
0.6967325236  
-0.2799439392  
0.9240942598  
0.8340343533  
1.319095468  
0.01000617425  
-0.1960575255  
0.8291215669  
1.608418196  
-0.213008898  
-1.486895992  
0.1639415191  
1.035094372  
-0.9626418318  
-1.304504512  
-0.3678722851  
0.9342039431  
0.4720170552  
-0.4858458808  
-0.359752019  
-0.8899582411  
-0.4978296988  
0.882032271  
-0.2826475689  
-1.697804695  
-0.5991779208  
1.005801448  
-0.4109783501  
-1.363472313  
-0.7328207486  
1.407801357  
0.7578790981  
-2.38584034  
0.09064024208  
-0.4613014775  
0.109456449  
0.9684563328  
-2.089155878  
-0.9912711464  
-0.05094529248  
-1.727558033  
-1.846282974  
-1.359993392  
-0.7418087786  
1.579334283  
0.9174816047  
-0.4997943154  
-0.2979371551  
-1.825739161  
-1.592749722  
-0.7208242922  
-0.5953394798  
0.01681294972  
-0.2356751042  
-2.483047599  
-1.017899026  
-0.1336933607  
-1.193272981  
-0.8752560005  
0.2718076005  
0.4764175642  
0.6027836204  
0.4145869781  
0.3317554385  
1.085921077  
0.5206123054  
0.3624161534  
1.032958455  
0.6173675504  
0.3702163741  
0.6324847174  
0.2194434675  
0.6678483138  
1.476558011  
1.204887842  
1.785453557  
-0.30425393  
-0.533065596  
-0.1511367694  
-0.6443321807  
1.335844489  
2.074980541  
1.532467306  
1.749456283  
0.2041319866  
0.4813202258  
1.34348501  
0.9176591062  
0.5080796973  
0.4375949167  
0.6300609001  
0.4327229783  
-0.2792061852  
1.166705325  
1.846497583  
1.286997741  
1.391944172  
0.4827712208  
2.193810019  
0.968176209  
0.8561846572  
1.27119987  
1.848090693  
2.148964534  
1.365716018  
0.4585741599  
0.07631848719  
0.5966621603  
0.9071685311  
-2.026875364  
-1.874729022  
0.07165324445  
-0.4779402405  
-1.350447288  
-1.148729702  
-0.865517902  
-2.146003967  
-0.8050877317  
-0.6544948539  
-2.143510014  
-1.200727877  
-1.517118313  
-2.214220291  
-0.04162500644  
-0.5998585877  
-1.780740201  
-0.4386902501  
0.02253815138  
0.1295813253  
-0.5837665248  
-1.34624289  
-0.471789419  
-0.4713925552  
0.6032115264  
2.623849837  
-0.9092458222  
-1.539876675  
-1.351345604  
-1.586172091  
-0.6433327425  
-0.411233855  
-0.9563704254  
-0.2627844476  
-0.2767635629  
0.4131547864  
-0.6786860767  
-0.8735500627  
0.3924934624  
-0.1140816619  
0.2998061697  
-1.267940116  
1.486039319  
2.111090763  
1.547025044  
1.475834237  
0.1494883877  
0.4305042046  
-1.289708779  
-0.8029330648  
-0.8246773715  
0.8369374758  
-0.1449813586  
-0.7105197069  
1.344374995  
1.039116978  
-0.4933379156  
0.09370789744  
0.5995830142  
0.0856361775  
-0.9693740348  
0.3834428156  
0.4802964429  
-0.4345757865  
-1.879711537  
-0.1102008507  
-0.4207101203  
-1.125448701  
0.3097145517  
1.198583816  
-0.9164334993  
-2.252284876  
0.4684847805  
-1.48375333  
-0.228349973  
-0.5257121465  
-1.204667811  
1.2999525  
0.9560305496  
-1.162995641  
0.9198675081  
-0.7864975533  
-0.5984653209  
-1.286773958  
-0.3157836928  
1.439281479  
0.9895173713  
0.5482116959  
0.3916523118  
1.470243868  
-0.7206021347  
-0.1110728433  
-1.2944566  
-0.472607306  
1.320428889  
1.61026317  
-0.3178752419  
-0.2995996221  
-0.4066937773  
-0.05059084763  
0.4347109241  
-0.5526587763  
0.01438885034  
-0.3947056426  
-1.208442951  
-0.1587431861  
-0.03828880516  
0.2283572696  
-0.7313420263  
0.4956939692  
0.3015301236  
0.4852988673  
0.003593868813  
0.908914214  
0.3904307033  
0.8361909738  
-0.1870543185  
-0.2473079995  
0.6043765756  
0.05088769969  
0.490896457  
0.01747593423  
0.2293217005  
0.3794440697  
-0.2222897314  
-0.04818400134  
0.1931064045  
-0.04357504321  
0.9358388367  
0.7589343502  
0.2034054234  
0.4572101066  
0.7533575274  
0.6237834363  
0.8410246439  
0.5807705735  
1.120732278  
1.169511815  
1.329366117  
0.7484196606  
-2.652119111  
-2.83171698  
-2.578115162  
-2.062152243  
-2.242616412  
-2.301106837  
-3.000096022  
-1.299948449  
-1.09313838  
-2.244168596  
-1.682286553  
-1.491494958  
-1.56569737  
-2.068089676  
-0.4085229527  
0.03435489887  
-1.079316619  
-0.8131028473  
-0.5353723036  
-0.5275950581  
-0.7453940145  
-0.5001619067  
-0.2649524168  
0.4595387871  
0.5196601825  
0.6248376101  
2.042874209  
1.701430682  
0.3381398733  
0.2552545883  
1.562940739  
-0.1498882065  
-0.7847814163  
-0.6093230302  
0.6993497827  
-0.4311562345  
-0.7850592021  
-0.6459231934  
0.5960427622  
2.531213223  
0.4020122285  
0.5740375609  
1.590847999  
1.005414666  
0.5275038778  
0.9090219153  
1.866051724  
0.6048635769  
0.4598434071  
0.5471619154  
0.7657340967  
1.445876635  
1.570555572  
1.159587279  
1.400006479  
0.3489684387  
0.5626613005  
0.8072443882  
0.8860091583  
2.006171777  
0.7527454184  
0.7299453516  
0.306782158  
1.035079003  
1.45156518  
0.7694101892  
-0.07276153106  
-0.5651571903  
-2.433679261  
-2.543683338  
-0.8410976513  
0.5633341631  
0.9281674131  
-1.794217607  
-2.278968948  
-1.243553568  
-1.199370669  
-1.614986751  
-0.2843246782  
0.1243814051  
-1.639129061  
-1.906418302  
-1.039775165  
-0.6155127098  
1.184264219  
-0.5330133161  
0.4432726458  
0.01390492025  
0.08777590566  
-0.0613532267  
-0.0727052833  
0.5562999223  
0.0927676368  
-1.527343475  
-1.421834761  
-1.913617401  
-1.712121898  
-0.3117366858  
-0.8538984234  
0.967491284  
2.730306916  
2.223824201  
1.545041556  
-1.66295086  
0.7803226161  
2.28793471  
0.8238803989  
1.409335791  
-0.4261849178  
-0.5894086446  
1.537333561  
0.3435652773  
-0.3971905734  
0.2385339089  
-0.04959563518  
-0.03843990272  
0.7264436029  
0.3526755614  
-1.311660702  
-1.28257196  
1.43981259  
-0.7856039639  
-0.9286925891  
1.032797088  
2.224087074  
-0.6363486169  
-0.2270439357  
-1.176905388  
-0.5140010637  
0.2024073961  
0.2268819734  
0.09161744411  
-0.02683032375  
0.05554231572  
-0.8388562661  
-0.1405354034  
0.2408807811  
-0.3339943721  
0.374710459  
-0.04202331678  
-1.515510946  
-1.216740223  
0.4039864855  
0.2506665144  
-0.3824830544  
-0.1923254113  
0.7056164973  
0.9133689304  
1.852266115  
1.45788249  
0.3243792605  
-0.03880025003  
0.8843833331  
2.708359389  
3.512379954  
-1.019237818  
0.3730034863  
-2.02826496  
-0.8725637773  
-0.800795317  
-1.526818947  
-0.8889689387  
-1.523623348  
-1.517597805  
-1.750032922  
-1.01204628  
-0.4296123533  
-0.6497999301  
-0.3966303842  
0.2548380402  
1.336314274  
0.5003449717  
-0.6573207124  
-2.086550552  
-1.199640117  
-0.5584283165  
-0.3811107848  
-1.5025951  
-1.309646155  
-1.187877285  
0.1854367754  
1.661956113  
-0.4758874108  
-0.191413465  
0.146632455  
0.1736064847  
1.576856741  
0.5736300881  
-0.2730135324  
-0.9075028762  
-1.152253117  
0.2053971199  
1.042488466  
-0.2275459642  
0.5915005314  
0.9652881816  
0.9993220739  
1.002287514  
0.1272101906  
0.1259759556  
0.2821153383  
0.3953894395  
0.3588006307  
-0.4776991482  
-0.7536276485  
-0.209490133  
0.5135581425  
1.328325176  
0.07546662283  
0.7957330178  
-0.5476616225  
-0.05980711157  
1.641836293  
-0.5700971286  
-1.046588737  
1.508082224  
0.4778851637  
-1.773723938  
-0.8924369086  
-0.7479367677  
0.8823100455  
1.206405039  
0.6354763715  
1.018654595  
4.205859129  
2.113488666  
2.244278919  
1.128282247  
0.7715825133  
0.4480250603  
0.7706846612  
0.3939820306  
0.8980410463  
0.3955306886  
-2.266863008  
-1.332654472  
0.3146661366  
-1.523350704  
-1.996724835  
-2.286856853  
-0.7886805795  
-1.004792426  
-2.242762998  
0.8064236809  
3.122647352  
2.909119145  
2.713418476  
-0.06355596196  
-2.668125896  
-1.949349712  
0.8413182006  
2.007866355  
-2.700240344  
