1.454089242  
1.146572517  
0.6061073997  
-1.807737573  
-2.830709657  
-0.7000819917  
3.412507356  
1.640195709  
-0.5292993659  
-1.176469846  
-2.52116298  
-1.049382545  
1.848439425  
2.909958641  
1.222436638  
-0.04155841499  
-0.3806283265  
-1.860974538  
-1.623715365  
1.740493034  
1.125503211  
-0.3755638474  
-0.6616365284  
-2.18597269  
-1.613902994  
1.651510881  
1.108912187  
0.3191386748  
-2.000771987  
-1.336420847  
0.6812625663  
-1.642848698  
-0.9283655311  
1.899432749  
0.2069207297  
-1.31559403  
-0.9282954805  
2.903060803  
2.569735327  
1.122687565  
-0.9911171312  
-2.059129592  
-1.104425611  
2.739921211  
2.264356023  
0.1885685226  
-1.512882928  
-0.2627223815  
2.693836444  
1.106700908  
-0.622923986  
-2.73266363  
0.3248861853  
1.235415464  
0.04432024811  
-0.9023135576  
1.849447256  
0.7947645252  
-0.8161827353  
-0.8119432284  
-1.970716849  
0.5004160205  
1.935537951  
0.1799583891  
-1.249635946  
-1.526281487  
2.763611659  
1.635057319  
-1.797363786  
-2.405966144  
2.170540317  
-0.3494732623  
-2.24226203  
1.06917818  
0.4535651978  
-0.3778287949  
2.31508557  
1.357945111  
-0.7081632119  
-0.3600073889  
2.101607075  
-0.7828194965  
-1.812856072  
-0.1978538223  
1.647755583  
0.4336078933  
-0.1228132966  
1.231533323  
0.1025769629  
-3.257368645  
-1.746108495  
2.459958023  
-0.3966092153  
-2.144379929  
1.049570908  
0.3905304766  
-0.9125764398  
-0.783522968  
0.9590350763  
-0.02072983539  
-1.089705759  
0.5206320886  
1.847352995  
-1.11679038  
-1.089602552  
-0.3042700982  
0.9316738494  
-0.7217766096  
-0.4615013299  
2.353402086  
0.004943587578  
-1.714209617  
2.113210738  
1.245082206  
-0.3795394737  
-0.7666253701  
1.948520479  
0.9053685399  
-0.3944466057  
-1.850251993  
-0.4911033754  
-0.3276452245  
-0.1007367638  
0.05452418834  
-0.6695170789  
-1.073712985  
1.685037892  
3.68179854  
0.7309796045  
-1.721938583  
0.6844754796  
0.7670359419  
-1.535327033  
-2.706120699  
-1.920994187  
-0.9029070209  
0.2777042583  
0.07839218006  
-1.593356209  
-1.728180973  
-2.799514967  
-1.532660203  
0.8498032514  
-0.2902394831  
-1.341873235  
2.040656331  
0.8946496572  
-1.01453757  
2.90712458  
-0.4692789449  
-2.701486398  
0.8738868352  
1.214280654  
-0.6095066851  
1.861516552  
0.7168281589  
0.02148367004  
1.537130789  
-1.08252181  
2.111437512  
0.691452462  
-0.6375108248  
0.7395936354  
-1.102357102  
-1.254341554  
2.518006249  
1.695734661  
3.085781347  
0.2925687367  
-0.9776752034  
-1.876917164  
0.2691931871  
2.349312179  
0.2232105747  
-1.122015858  
1.916492086  
-0.02501981061  
-1.78556821  
2.378349493  
2.1600725  
0.4314808527  
2.939003456  
2.013713468  
-2.070456183  
0.3322183302  
1.409393042  
-0.4359498829  
-0.5799684561  
0.802739152  
-0.3801303381  
0.7787341171  
0.3166624575  
-2.669958155  
-3.100490651  
0.4668101919  
4.248513499  
-0.5265161134  
-1.171402782  
-1.122023955  
-0.7107959715  
1.149899408  
0.03849992828  
-0.9259317016  
-2.148569232  
0.4563852922  
-0.8458734357  
-2.14215252  
0.3297676869  
0.1087607016  
0.9075473259  
0.7685852584  
-0.9324804654  
-1.686596543  
2.029113872  
-0.7604715207  
-1.94041709  
-1.818558314  
-2.786730757  
-2.409944666  
-1.439471394  
0.8802347444  
1.326000342  
1.816979235  
1.613377796  
0.7806265862  
-1.588477736  
-2.486491359  
-1.144201931  
-0.3566062064  
-1.093052857  
-1.990736776  
0.7434034532  
-0.1857995457  
-1.291684937  
-0.2598489048  
1.319059534  
2.102194162  
-0.8528190586  
1.974824793  
1.738785895  
1.192520112  
1.942425764  
2.836354249  
3.466948229  
0.7757031026  
-1.772505457  
-0.03332369801  
-0.6266023426  
-2.80769519  
1.039403509  
0.2962328609  
-1.338033938  
-0.6241864043  
0.6811965864  
-0.5043734885  
-1.412685005  
-1.958171044  
0.5341490978  
-0.1979350411  
-1.408759479  
-0.4013571844  
0.4366791496  
0.08154135312  
-1.146717199  
-0.8459394169  
3.274225467  
-1.298997053  
0.1891866341  
-1.6030814  
0.008184373753  
0.8369708035  
0.2568155837  
-0.7753767164  
-1.702419468  
0.2342602976  
2.027509953  
-0.02583251279  
-1.878415933  
0.6789371275  
1.231378356  
0.209008944  
-1.146007066  
-1.489627869  
-0.09930607632  
-1.743076876  
-1.999527515  
-1.387678924  
-1.456713579  
-1.146060613  
-1.123372779  
-1.093503096  
3.243193698  
3.254751321  
3.749197474  
1.630871025  
0.02914061845  
-1.047061659  
-0.351144555  
0.3021686806  
-0.5925903304  
-1.907699218  
1.29495672  
-0.8075135645  
1.683663353  
0.2414671347  
0.2246137839  
1.132803584  
2.438565877  
0.7362108026  
0.2159820704  
0.1197650534  
-0.3171175526  
0.8391903798  
-0.433180722  
0.1393506373  
-1.596801529  
1.012923057  
-0.5796225409  
-0.6383065215  
0.7289858734  
-1.12555274  
1.223194219  
0.1541329446  
-1.122000033  
2.514638958  
0.491157666  
-0.5808166226  
1.365519948  
-0.5140939615  
-1.526154269  
1.674967752  
0.3042148613  
-1.306109922  
2.596156805  
1.697458619  
-0.396883977  
1.95922794  
-0.3853492979  
-2.084160912  
0.8563107895  
-1.362143527  
-3.867298494  
-0.8161712136  
-1.098537083  
-1.129407664  
0.566913139  
-1.78790559  
-1.352048862  
-0.4831903733  
-0.5293312563  
1.737487397  
-1.139161965  
0.8899247988  
-1.43173563  
0.1168249438  
0.1312025394  
1.65770752  
-0.2993891471  
0.2784911061  
0.1151465358  
0.1495348409  
2.283388657  
1.435012185  
-2.814759  
0.3485163862  
1.799124956  
-0.2132054983  
1.320314507  
0.764583166  
-0.229210538  
2.775295537  
4.839219533  
3.986790896  
1.593018082  
3.449315458  
0.1694202973  
-0.84029116  
0.08878707693  
-1.289787998  
-1.047030945  
0.2914406684  
-2.986507068  
-2.552788927  
-1.409082839  
-2.487704946  
-0.3181599845  
-1.375722461  
-1.485611544  
-1.588628088  
-1.242388293  
-1.974847831  
-0.6953863307  
-1.539781455  
1.193913378  
-1.866616887  
-0.08253738298  
-0.4375828931  
0.0366642601  
-1.213470878  
-0.3025446115  
1.70046078  
1.062328333  
-1.595913576  
0.9211464126  
-2.099691133  
-0.2815896318  
1.416147489  
-0.306023101  
-0.4026865043  
-1.211995716  
-1.428992796  
1.012269976  
-0.6648342416  
-0.6699124215  
0.3479956507  
2.056184945  
3.883622259  
1.016614395  
0.5921658046  
1.221441862  
1.858023256  
-1.492738741  
-1.113089106  
1.77555742  
0.4811952088  
0.8638201934  
-1.392998568  
0.0901850532  
0.7168707507  
-0.07208203943  
-0.3048166044  
2.261359795  
2.820281952  
2.236341026  
-1.529335025  
-2.633439402  
-0.45947586  
0.6328328145  
-1.753869574  
0.9178531984  
-0.833697986  
1.118329192  
1.37343079  
-3.366301734  
-1.434623229  
-0.8870442404  
-1.740760587  
-1.423387693  
-2.969679837  
-1.930957172  
-3.106957903  
-1.885111287  
-0.09327749336  
-0.5885284222  
0.15126814  
0.7079682782  
0.7716818406  
-0.4792299964  
-1.421641437  
3.576756666  
2.998342732  
2.311695364  
-0.3350057272  
-0.3677811849  
-0.9520536252  
1.950409195  
1.229342364  
1.395379492  
-0.03746810622  
2.066628427  
1.80561711  
2.345327307  
1.256315731  
0.3768239629  
0.4580434288  
0.03636137058  
-0.7025548455  
2.060328962  
0.6569284312  
-0.9163263507  
-2.177553637  
-1.444151864  
1.634838487  
1.97236739  
3.082232473  
1.61626479  
-2.023626356  
0.6107071319  
1.208173319  
0.1811425388  
0.5611735847  
0.3652436077  
-0.2930103323  
-1.590062076  
-2.393137326  
1.782506134  
2.153505063  
-1.098585891  
0.9239929776  
-0.6582913987  
2.208475128  
1.297819352  
0.1995915468  
0.5207061669  
-1.173010949  
0.7759156962  
0.1224315791  
0.9663993637  
0.3284459058  
-2.567822651  
-0.1820668294  
-0.3078271716  
2.349121056  
0.4918774757  
0.9001217597  
-0.2906635511  
-0.6564737885  
-1.424353463  
2.353825823  
-2.118926825  
-1.431044044  
0.2852579038  
-0.1548930235  
-2.047020865  
-1.755782148  
-0.5662047197  
0.2100369502  
-1.960715036  
1.18673025  
-0.3554997843  
-2.329679166  
-0.6137178012  
-0.03172754041  
-1.17088258  
-1.664267199  
1.463319723  
-0.5357717418  
-5.108582372  
-3.045056683  
1.020846723  
0.3985071733  
-1.926402172  
-1.712810468  
0.228717256  
-1.275262768  
-1.569000904  
1.034187966  
1.511958303  
-0.03818064795  
-1.570610532  
-2.946618197  
-0.4189020482  
1.643486683  
-0.8415365569  
-3.386333311  
0.351576835  
2.253286132  
3.604891727  
-0.3197052365  
-0.1089695053  
-0.4916503476  
0.7885786896  
-1.108082698  
-1.210167523  
1.990019658  
0.2136909007  
0.3690426748  
2.157092602  
-0.2297569009  
-1.168934267  
-0.08215927693  
1.944119699  
1.367693618  
2.285255319  
0.9647581341  
0.3408756397  
1.138082803  
0.4512081467  
3.130951527  
0.3908350858  
0.7857984003  
0.5526963389  
0.1051572575  
-1.120462099  
-2.071402989  
-2.960190586  
-0.6956808775  
0.3824530574  
1.999138602  
-3.772383568  
