-0.5844081397  
0.06347640903  
0.6175037003  
0.1202971267  
-0.456517173  
-0.2051940508  
0.1669446618  
-0.1184732464  
0.2484498336  
0.108614185  
0.3922443883  
0.3524071192  
-0.2572266058  
-0.1313099336  
0.5406326726  
0.1134384661  
-0.4700283421  
0.06551908745  
-0.7296343534  
-0.07400496098  
-0.2844704861  
-1.431597992  
-1.410013961  
-0.07264129819  
0.2491508575  
0.05346840683  
-0.02079833142  
0.1470475201  
0.8351155624  
0.5295793818  
0.2366448775  
0.07190086729  
0.5232812975  
0.4319262891  
0.4757951129  
0.300178875  
-0.2501672776  
0.01337684385  
0.3596580956  
0.8705257468  
1.051555827  
0.2700787721  
-0.3349737972  
-0.356852331  
0.1870652555  
0.3972082131  
1.030062264  
0.6141655694  
0.5156631286  
0.2317551987  
0.06022291792  
0.6111416068  
0.03002800664  
0.4539123575  
0.3802128492  
-0.3221856944  
-0.1945101487  
-0.3393276833  
-0.3237952984  
-0.5338033808  
-0.1921672745  
-0.3537451624  
-0.5733843189  
-0.7044830224  
-0.1636499661  
-0.5250342965  
-0.2563374844  
0.2167203198  
0.8894586068  
0.2247589565  
0.2862612442  
0.07961535614  
0.2965674409  
-0.7445548201  
-0.5873524983  
-0.2635222763  
0.3137539562  
0.1309986346  
-0.6685764138  
-0.6992491307  
0.836271296  
1.130850696  
1.005648772  
0.3702028552  
1.07223788  
0.9584009887  
-0.2067941939  
0.009088191268  
1.173181815  
1.475214337  
0.2300937208  
-0.4986014047  
-0.3460417128  
0.2860733379  
-0.4120552795  
-0.7233504469  
-0.253860642  
0.009287959993  
-0.102800348  
-0.4002027928  
0.4638662279  
0.3784317619  
-0.4789276866  
-1.864252344  
-0.7320371675  
-0.1134011101  
-0.4710046173  
0.317003236  
0.1919770501  
0.2299946359  
0.609184708  
1.002276015  
0.7487229357  
0.0617385552  
0.1932848953  
1.142910246  
0.3166754636  
0.3294872151  
0.4666967398  
0.09436994407  
-1.954495745  
-1.931006174  
-1.432802125  
1.054356949  
1.515471581  
-0.5001726363  
-0.2424274121  
-1.367184668  
-0.1069728881  
-0.1053926653  
-0.8805758214  
-1.292266052  
-2.187812777  
-2.17756377  
-1.842766458  
-0.7996778011  
-1.309691069  
-1.219509727  
-0.7844244712  
-0.9280874205  
-0.799206436  
-0.02450022612  
0.4377329229  
-0.2105011884  
0.03140526708  
-0.4371788016  
-0.524479705  
0.4159722015  
2.088827641  
1.471795722  
1.690882457  
1.280307903  
0.2513209926  
-0.1226578054  
0.08622945587  
-0.0307309883  
0.2581559338  
0.5935943908  
0.2702730553  
-0.02060182695  
-0.2662361518  
0.6271102411  
-0.2445308225  
-1.13109282  
-0.1104267085  
0.9622429843  
0.4999579835  
0.6115593183  
0.07711215535  
-0.01667330343  
0.746816921  
0.7151166932  
0.9071618004  
0.7862455728  
0.1692753418  
-0.1677009829  
-0.3558008348  
0.3537264438  
0.42676563  
0.3038159593  
1.50310509  
2.76803023  
0.6172436703  
-0.3544474103  
-2.723448319  
-0.585563415  
-0.6111376573  
-0.4074062509  
-0.5264060976  
-0.02874744486  
-0.4510268372  
-0.6940442979  
-0.02228566929  
-0.2256736056  
-0.6336447545  
-0.5503103141  
-0.1648659538  
-0.3061615659  
-1.565437843  
-1.02331442  
-0.5629511233  
-0.2176073935  
0.6528820614  
1.100480274  
0.5446341841  
0.1309919568  
0.6071862868  
0.5385777026  
0.5642657243  
1.350759934  
0.9231439296  
1.079935352  
1.427799492  
1.309169769  
1.076009085  
0.4794951614  
-0.02594162655  
0.5139892949  
0.8239185514  
1.092035742  
0.0538430513  
-0.5201165972  
-0.02988006118  
0.179122661  
0.4851808746  
0.0001070145709  
-0.2967767415  
-0.4671500527  
-0.04534747558  
-0.1934698606  
0.6367262247  
0.7491554968  
0.4430206089  
-0.2367783118  
-0.7267235871  
-0.4803119932  
-0.5799732312  
-0.99898803  
-1.171455357  
-0.8801524425  
-1.123731902  
-0.09057981118  
0.5419948541  
0.7158539521  
-0.9960345008  
-0.8648848265  
-0.2593042556  
-0.2577236783  
0.03754853505  
-0.08697369736  
-0.1623048186  
-0.07575899016  
-0.7672157361  
-0.1454810916  
-0.9772133821  
-0.7865171391  
-0.09557882535  
-0.2027210874  
-1.002720971  
-0.9711723071  
-0.2517230942  
-0.8423878153  
-1.189229594  
-0.04487429789  
3.272573534  
2.275200071  
-0.7029747835  
-1.86160423  
-0.2467386743  
-0.1644001079  
0.3978129017  
-0.7267928489  
0.07315712295  
0.7295417903  
1.203626012  
2.098029106  
0.7191693525  
-0.07287556106  
-0.4521926669  
-1.252548389  
-0.6455983222  
-0.06226207287  
-0.9820708781  
-1.367611447  
-1.084944075  
-0.1726501927  
-0.4902767725  
-0.7657680111  
-1.246145657  
0.1551724033  
-0.4923488303  
1.418859598  
2.054328326  
1.936842826  
-0.1213584093  
-0.6867700888  
-0.4425274425  
-0.1603879486  
-0.05148486058  
-0.4678057079  
-0.567268663  
-0.8396748017  
-0.5638124954  
-0.07370992604  
-0.2564119186  
-0.7100245878  
-1.004715068  
-1.112676157  
-0.6114346816  
-0.8699120262  
-0.9361328138  
-0.2199448873  
-0.07198182181  
0.2338018936  
-0.0491795563  
0.1303676642  
0.3232252061  
0.8699113035  
0.9482210599  
0.4151593836  
0.4925313993  
0.5787380558  
0.1383549338  
0.2349823905  
0.9348070978  
1.495098038  
1.682112623  
1.638544093  
1.597830181  
1.942050934  
2.21040937  
1.527753811  
1.252100184  
1.795282146  
2.237424931  
2.059760311  
1.500609439  
1.104072212  
-1.040549312  
-1.091377786  
-1.525348928  
-1.507821033  
-1.117868888  
-1.031775864  
-1.118220715  
-1.169694367  
-1.897897219  
-2.230870438  
-1.547885196  
-1.087335024  
-1.211456032  
-1.516203053  
-0.9111154269  
-2.000499728  
-1.412038471  
-1.38224322  
-0.6683766625  
-0.6655784949  
-0.8093357411  
-0.3918393709  
0.05805773799  
1.059412374  
0.7152318046  
-0.3739175397  
0.619822171  
0.3466703042  
0.04495352067  
-0.01409379651  
-0.06468988065  
-0.2675080435  
0.5186522687  
0.2500036408  
-0.3415709775  
0.410133371  
0.2253163807  
0.6906296153  
-0.2409554005  
-1.36750115  
-0.6252207609  
1.534459595  
-0.3773021799  
-0.9067178361  
-0.1143754042  
-0.6933358492  
0.5060707075  
-0.6488636645  
0.5184066381  
-0.3377291172  
-0.2537663575  
-1.088822493  
0.3744520638  
-0.3015805295  
0.3726491449  
-0.04410352248  
-0.1358418101  
0.763695775  
-0.2667537261  
0.9029173656  
0.9840889744  
0.7513194474  
0.4824640688  
-0.1068283516  
0.4710719603  
-0.463739756  
-0.8056273589  
0.528387154  
0.06695380235  
-0.5602058558  
-0.8266888177  
-1.250599155  
-1.156888344  
0.1274967208  
0.4069521199  
-0.4667357696  
-0.6910271692  
1.634899435  
-0.04055853195  
-1.089457354  
-1.17713124  
-0.3252113694  
-0.4147761991  
-1.203259837  
-1.486823914  
-0.3744094259  
-1.07809814  
-1.343565221  
-2.018443743  
-1.399420233  
0.340631148  
-1.308801603  
-1.642161221  
-1.227054847  
-0.6548690339  
0.749902458  
0.1845998044  
-0.07340658852  
0.2378605455  
0.3238193193  
0.2954737881  
-2.296309002  
-0.9487241006  
0.3198913298  
-1.38920476  
-0.563461241  
-0.7327156389  
0.01065327552  
-0.122321518  
-1.350709986  
-1.743193975  
-0.4616729965  
0.1046403757  
-0.6002049829  
-0.4250342627  
-0.4381933905  
-1.286431231  
-0.6167117838  
0.42471653  
-0.7151619739  
-2.084994958  
-1.196146392  
1.338257051  
6.993559079  
-0.4522917976  
-2.331558788  
-1.515967885  
-0.4086497012  
0.7617510158  
-1.401460544  
-1.913087229  
-1.21130203  
-1.76643762  
-0.8479629324  
-1.058032658  
-1.968828676  
-1.818252628  
-0.9575094629  
-0.5933732976  
-0.5371376632  
-0.5768844559  
-0.9834348127  
-0.9155226186  
-0.7730988291  
-0.7362541769  
-1.479355558  
-2.294537363  
-2.90218436  
-4.617259293  
-5.148048997  
-4.408041953  
-4.36061819  
-3.61745079  
7.912964643  
-5.710167183  
3.859099267  
4.474446629  
4.190370575  
4.576738609  
1.203696417  
0.4005995615  
0.7303876875  
1.026541109  
0.8359557117  
-0.01803615363  
0.6982501738  
1.204694394  
2.105370045  
2.023518611  
1.56397945  
2.037619039  
1.142268036  
1.138242245  
1.618400569  
2.101767735  
2.259014347  
2.287735068  
2.248295263  
1.94496967  
2.312150838  
1.177414999  
1.35028621  
1.914283574  
2.079682596  
2.124187425  
1.535148862  
1.369890745  
1.663706776  
2.43635664  
2.388072213  
1.633602453  
1.900717164  
2.280272012  
2.151245853  
2.48923202  
2.824260573  
2.058343877  
0.8803556726  
2.22724242  
2.756979746  
2.436708578  
3.029973127  
3.445472128  
3.800538691  
3.286088542  
2.995769524  
4.15377893  
3.627510522  
2.061558353  
3.20393065  
2.703608291  
2.635742416  
3.235173033  
2.648468744  
-0.3644156917  
0.9949335668  
2.982570804  
0.9066282106  
0.2596010272  
-0.5688476274  
0.1877978711  
-0.2864907235  
1.589168627  
9.053735465  
-22.29081962  
-25.66713277  
-20.25460291  
-10.9253007  
-6.142983257  
-5.201830087  
-3.423720297  
-3.592331255  
-1.119935765  
0.07542245573  
-0.7321304247  
0.01894197501  
0.7388080328  
0.1403780687  
0.3739900529  
-0.02843699756  
-0.4793184649  
1.321281707  
3.239696687  
1.339121549  
0.3142840024  
-0.5434175237  
2.673516586  
8.613214076  
6.560349381  
4.296082408  
-0.05851688792  
5.779522236  
