-0.4394518714  
-0.5471045881  
0.3352045407  
0.6860073539  
1.055609655  
0.3863611705  
-0.1489352301  
0.164506692  
0.08523073457  
-0.3258771957  
0.2518792127  
0.1641894914  
0.4816211993  
-0.1450169956  
-0.01183667534  
0.6760858718  
0.8586343982  
1.110831223  
-0.143579946  
-0.2574497009  
-0.1185626701  
-0.06116065016  
-0.5674268597  
-0.5929231155  
-1.772361194  
-1.31617061  
-0.8234147009  
-0.5284245228  
-0.7473648543  
-0.8993914349  
-0.04251546211  
1.172599651  
0.07347894506  
-0.2616651163  
0.3317844728  
0.3411536125  
0.1818005395  
0.273811481  
0.6797416543  
-0.1638190596  
-0.202131315  
0.254511664  
0.444401988  
0.6688827216  
0.50451002  
0.1197437727  
-0.305671534  
-0.514155053  
-0.06323332812  
0.4723311388  
-0.1625836442  
-0.3672671744  
-0.3091862668  
-0.6100429962  
0.3013895449  
1.084550011  
0.6865931438  
0.7229140231  
0.122927053  
0.02033417118  
0.3403043978  
0.8136622682  
1.451757253  
0.7680831124  
0.04796190063  
-0.2440535744  
-0.0422363814  
-0.6403723248  
-1.061801821  
-0.2095463273  
0.2963164463  
-0.1628363173  
-0.3071504929  
0.2120162612  
0.6401778275  
-0.1237440756  
-0.9280212777  
-0.822247316  
0.05391669418  
0.7114270845  
0.1285562801  
0.3993280889  
1.006474861  
0.2523273474  
-0.7516212561  
-0.4780975433  
0.6852885866  
0.6744967609  
1.03221894  
1.619556446  
1.02290114  
-0.2982984602  
-1.431304174  
-1.281071415  
-0.9712919077  
-0.4368431316  
-1.189480884  
-1.788428  
-0.7838793113  
-0.03960518774  
-0.306489338  
0.1731546406  
0.2234375534  
-0.5584856364  
-0.7918201779  
-1.471441383  
-0.8562143399  
-0.5436703296  
-0.007310230791  
-0.04729193407  
-0.5955714647  
-0.6436210007  
1.482586078  
1.693260736  
0.157324097  
-0.6674893458  
-0.04272363367  
0.7693957366  
-0.009899620703  
-1.251242263  
2.505991923  
0.5763476126  
1.45193687  
1.202423363  
1.18344722  
1.865128983  
1.232849746  
3.007537804  
0.2380222897  
-0.2002789144  
-0.01222033208  
-1.515171812  
-2.303675633  
-1.93713416  
-1.400477915  
-0.612505103  
-0.4607404591  
-0.3723884427  
-0.8071979933  
-1.001250943  
-1.240842482  
-1.129861349  
-1.291741595  
-1.054175353  
-1.231012776  
-0.7622345133  
0.3320166735  
-0.8234576763  
-1.003503184  
0.6025120783  
1.553877167  
-0.6693669304  
-1.291853134  
-0.9202371004  
-0.1592498809  
0.08927886131  
0.04028482416  
0.0875670846  
-0.3183192949  
-0.2685576791  
-0.01139083298  
1.816824468  
1.572517864  
1.20259009  
1.88529347  
2.031953266  
2.58545633  
2.010294423  
2.386023188  
1.826835851  
1.634337889  
1.239425366  
1.672179248  
1.461753322  
0.2848504471  
0.4082391161  
0.9165189602  
1.669113425  
1.485703492  
0.2138207763  
-0.8352836317  
-1.055049981  
0.000241555557  
0.234058765  
0.3824849518  
-0.1262806142  
-1.540322622  
-1.713184753  
-1.279869853  
-1.033562801  
0.1340720437  
0.2153590877  
-0.6037490973  
-1.052391163  
-1.192272309  
0.4313832484  
2.464622683  
1.019987833  
0.4445339888  
1.11765455  
0.8556273179  
0.1496141687  
-0.4092694332  
-0.9149106589  
-0.5497669202  
0.3909690499  
-0.8052533763  
-0.906677933  
-0.7111679811  
-0.6891723754  
-0.2624802123  
0.06809818447  
0.1767252283  
0.2639586266  
-0.0522319667  
-0.2949940157  
-0.5080625592  
-0.2795992626  
-0.04022420517  
0.09366130242  
0.453638788  
0.9108139033  
-0.3965660793  
-0.05228494874  
-0.4927382554  
-0.9716599633  
-0.3540026998  
0.3192694236  
-0.4942311396  
-0.3041407546  
0.01262280287  
-0.1942928983  
-0.22303202  
0.2115156812  
0.6717955249  
0.8509321796  
1.731165931  
-0.06731443177  
0.2024341806  
0.6519480571  
0.7519732232  
0.1579155708  
1.584829624  
-0.5995429568  
0.5610566132  
0.2188070809  
-0.3586778158  
-0.3288376392  
-1.050582853  
-1.177450077  
-0.6855300761  
-0.7382940061  
-0.8740594511  
-0.9734479651  
-0.03569948731  
-0.07498397956  
-0.885983296  
-1.254595782  
0.07324809522  
0.09289599272  
-1.076753824  
-1.045212339  
-0.5183056595  
0.332718698  
-1.553699183  
-0.0357185668  
-1.887983169  
-2.770845392  
-2.654150366  
-2.652891075  
-2.338941271  
-1.376696385  
-0.5444330297  
0.1247608942  
-0.06513289647  
0.6062233056  
-0.5680863411  
2.174465372  
3.386413382  
2.653083612  
-0.08269044923  
0.899913442  
0.2746361848  
0.4480693157  
-0.449785191  
0.2895352975  
-0.5401879041  
-1.352183033  
-1.966976375  
-1.074614481  
-0.3753046708  
2.053373971  
1.896449713  
1.587547045  
1.137478361  
-0.04372341821  
-0.2568468181  
0.04700646776  
-0.2444338391  
-0.0881279129  
-0.178235546  
0.3101615973  
0.0563487941  
0.1507560608  
0.3422981599  
0.3261110534  
-0.6432110092  
-0.4278589955  
-0.2243159659  
0.1450326199  
-0.4124912862  
-1.056156312  
-0.9364687578  
-0.6159575704  
0.4507202508  
0.8109356912  
0.2457733828  
0.02042620226  
0.5010336987  
0.638975224  
0.1717344072  
-0.2504419088  
-0.5266730134  
-0.09401943196  
0.6368974434  
0.2060473064  
-0.2597058101  
0.5555730999  
0.3743437776  
0.6170688577  
0.6463944663  
0.8214970802  
1.258107002  
1.62735701  
1.520018377  
1.508503386  
1.872067907  
2.908567227  
0.4622649286  
-0.4005064341  
-0.4525722023  
-0.2238505099  
-0.7881926008  
-0.9206781445  
-0.45746927  
-0.861852013  
-0.2245467944  
0.2125994873  
-0.6952297398  
-0.5693146596  
-0.3659769344  
0.2484189031  
-0.1932676337  
0.09863052969  
0.2882188979  
-0.03266938075  
0.3941486715  
0.4588777665  
1.244959954  
0.7485378806  
-0.1426210903  
0.3474628008  
-0.7578782862  
-0.453779094  
-0.8322169073  
-0.3456753261  
-0.5258552819  
0.3331076487  
0.4980131558  
0.3319898417  
0.1229589608  
0.8217208231  
0.5220336917  
0.4031745108  
0.06193098843  
-0.1771810423  
-0.8632199597  
-0.5022311203  
-1.531826993  
-0.6969540084  
2.331337642  
0.8650360597  
-0.02052945374  
1.051145408  
-0.7189161298  
0.4806508529  
-0.260688188  
0.2789800663  
0.2974741106  
0.2654304058  
-0.417674979  
0.8239896731  
-0.4399838823  
0.4221839732  
1.032970842  
0.3523969982  
0.8348706911  
0.8656797436  
-0.1604261509  
-0.4853342925  
-1.482416814  
-0.5975806478  
-0.6439248468  
0.6405491505  
0.9233145946  
-0.09422066665  
-0.1522207351  
0.06463301645  
0.01779390323  
0.2724685926  
-0.1237587941  
-0.5184434121  
-0.8128474195  
-0.8520066399  
-0.7563702779  
-1.887311573  
0.6352768618  
0.8372646704  
0.7874092142  
0.5079855995  
-0.2549404111  
-0.8472101748  
-0.9647999358  
-0.8316520409  
0.2614886483  
0.4007044863  
0.3641541966  
-1.170011168  
-1.338328813  
0.479867498  
-0.03746450711  
-0.02158047081  
-0.3579612715  
1.271712923  
2.989526423  
3.22133298  
1.013805825  
1.96412625  
0.4425690492  
2.007215616  
1.472182857  
0.007874192681  
0.9402934946  
0.1863057321  
-0.07363747759  
-0.08736558951  
-1.051905255  
-0.9448679242  
-1.00098459  
-0.157598816  
-0.3118366174  
-0.3076831418  
0.3339702321  
0.6314474775  
-0.5203870098  
-0.7961419483  
-0.1205060437  
-0.4601369008  
-0.1455075979  
-0.05096850753  
-2.066991336  
-16.88272848  
1.375538167  
2.055783349  
1.944174423  
1.523610094  
0.4413962318  
0.1954303921  
0.5208795384  
0.5431748186  
0.3638954908  
0.511070133  
-0.01416537218  
0.2591481074  
0.02144739205  
0.6281235026  
0.7546814671  
0.8925488248  
1.117951047  
1.179193663  
1.431547207  
1.140213497  
0.4735881968  
0.3141828277  
0.8158363374  
1.550434006  
1.582109566  
1.39213515  
0.4994770637  
-1.332185498  
-0.4308833217  
-3.586676953  
-12.41286483  
-6.307043437  
-0.7131675387  
1.657214562  
1.13705475  
0.8779826267  
2.326177164  
1.069578858  
0.5760666181  
0.4287658676  
0.8564021314  
0.4402590973  
-0.1330922593  
0.2729085631  
-0.5965014902  
-0.3631701963  
0.3856942766  
1.220877683  
1.050221221  
1.060362351  
1.448353478  
1.484138572  
1.851741249  
1.394345268  
2.255055752  
0.8401808556  
1.104556709  
0.4429032956  
-0.5885857302  
0.3438771254  
-0.1693374953  
-0.4074946359  
-0.4442855981  
0.2285339079  
0.4625385733  
-0.4444787343  
-0.2306579887  
-0.5372209032  
-0.6358173914  
-0.7939332668  
-0.7083928698  
-1.381368353  
-1.903073218  
-0.4626784626  
0.1856607391  
0.6216433365  
-0.08575764967  
0.1615954255  
-0.09586034105  
-0.6678048947  
-0.7127263378  
0.6775798468  
1.001864201  
1.271707533  
3.053163361  
0.7494438691  
-0.7776931655  
-0.6828367153  
-1.259229627  
-0.9143115482  
1.50955345  
1.673172251  
0.8648360518  
2.403454723  
3.816576169  
4.181678781  
3.868226252  
4.765032119  
0.7623234666  
-19.99529512  
-15.68616897  
-14.92897463  
-9.229096516  
-2.643728264  
0.05324729922  
2.005358502  
1.280202389  
1.377956579  
2.364110914  
1.709324755  
-0.5932175243  
0.1524366164  
0.3113612925  
1.567452195  
0.09936283799  
-0.8932747833  
1.864237338  
0.7080638455  
1.024198701  
1.239814882  
1.498585418  
0.7368190315  
3.887908864  
1.041330166  
-0.210256183  
-0.1733150875  
0.3877704929  
2.082066172  
