0.2836808728  
0.1886313628  
0.2195353743  
0.4079126785  
-0.2168334872  
-0.6662893974  
-0.02636579061  
-0.02264193574  
-0.4665381636  
0.5000864809  
0.3813760129  
-0.4875234993  
0.2156609867  
0.2228356701  
-0.4848156936  
-0.009406528551  
0.1345216059  
-0.11222917  
-0.9982434661  
-0.1035294162  
0.3301647592  
-0.04301589429  
0.3516299293  
0.3453025224  
0.2810956284  
0.5968979424  
-0.3452948864  
0.07019377834  
0.1990172561  
-0.8941790302  
-0.1014315903  
-0.4705261278  
0.195444039  
-0.1345657808  
0.5907853281  
0.1861706517  
-0.7365639669  
-0.2671190131  
-0.7249279133  
-0.3705991526  
-0.3497127549  
-0.06724153854  
-1.051847511  
-0.4076972129  
0.2255484673  
1.085789267  
1.56271729  
0.8165779982  
1.526092196  
2.105828774  
1.647835593  
1.56287074  
0.6845403524  
0.2758353535  
0.938381564  
0.05309105031  
-0.2945395882  
-0.5008985713  
-0.4032865033  
0.4656501002  
-0.07877020606  
-0.4844144263  
-0.2299807263  
-0.8858400665  
-0.8336792852  
-0.6917499829  
1.035932013  
2.617810769  
1.787023185  
-0.03814362366  
-0.05092884223  
0.4263660449  
-0.053157674  
-0.5753942173  
0.252808676  
1.126336447  
0.7574445955  
0.1952984278  
-0.1331053236  
1.114419083  
0.6637838275  
0.113287452  
0.3531724984  
0.588408885  
0.2373660739  
-0.258777569  
-0.1958744024  
0.02065909467  
0.5117436762  
-0.7952338998  
-1.754817973  
-1.371446742  
-0.6916266089  
-1.132121395  
-2.233824608  
-2.217926873  
-1.56701292  
-1.709878571  
-1.855191739  
-0.7005229749  
-0.1377851699  
-0.4250749011  
-0.3738596628  
-1.135493191  
-0.9923450296  
-0.4034772692  
-0.946201083  
-1.066009204  
-1.284083977  
-1.687523815  
-0.9290844718  
-0.4176959981  
-0.003688581274  
0.625496215  
0.6869776255  
0.6851416911  
0.04358157647  
-0.1490026929  
-0.7911179577  
-0.1623519907  
-0.6501617604  
-0.3678955853  
-0.4350034934  
-0.8539778927  
-0.9200296354  
-0.3625285628  
1.021392489  
-0.7118576455  
0.6476484864  
1.20927851  
1.193411403  
0.9645916966  
0.5074510379  
0.6227948485  
0.4954400796  
0.2736592995  
-0.2795918681  
0.09928590426  
0.9214372211  
0.9629773343  
0.279028461  
-0.06427086158  
0.0619104974  
0.5891486078  
-0.139597493  
-0.2381987126  
0.2195382082  
-0.3501999079  
-0.1141196412  
0.9993686744  
0.4041657542  
0.1665632672  
0.1441274347  
-0.009549769478  
0.02387924537  
0.3161456602  
-0.4108147152  
-0.2269703748  
-0.07187167078  
-0.01486186809  
-0.6206879596  
0.4437137843  
0.5807831911  
0.2933846921  
-0.5404333192  
-0.8011087359  
-0.5611568335  
0.4171223946  
-0.4702148722  
-0.5075373047  
-1.203123324  
-1.913852393  
-1.416016318  
-0.6296855273  
-0.5099566728  
-1.302459447  
-0.3379439986  
-0.06004985224  
0.7048554619  
1.612895802  
0.9585736748  
1.183757004  
3.020579851  
2.20163345  
0.8323715096  
1.871737592  
1.366223921  
-0.6007342202  
-0.6074314889  
-0.3886510362  
-0.5721396413  
0.3831992506  
-0.0822589443  
-0.7484346519  
-0.7405036025  
0.6255177955  
-0.0971752133  
0.4370898179  
-0.2563121725  
-1.06698419  
-1.60997316  
-0.7106924563  
0.5851144628  
2.121331123  
1.540562101  
0.4502628919  
0.7572687763  
0.4555212425  
0.4826316711  
1.122218944  
0.3595793931  
0.8575844304  
0.64134589  
-0.1319498224  
0.5208192794  
0.6249304904  
0.5463446351  
0.8448958519  
0.4896751143  
0.5153681345  
-0.1971132877  
-0.2422902157  
1.461550783  
1.960067464  
1.612129815  
1.663558736  
0.4430939997  
-1.257031573  
-1.08365887  
0.330882323  
0.8426456919  
0.5016637755  
0.7087873252  
0.841290253  
0.4467469282  
0.3320150332  
-0.8271074874  
-0.3518959638  
-1.568996163  
-2.101971426  
-2.216384287  
-1.567483458  
-0.2733349229  
-1.066940522  
-0.8582195426  
-1.355697265  
-1.955969709  
-1.022479561  
-0.7695306658  
-1.334795721  
-0.9522907762  
-1.030350609  
-1.228435547  
0.06933364106  
0.3609573246  
-0.2659927286  
-0.2667586543  
0.2670018166  
0.1908836889  
0.6358561721  
0.09436318401  
-0.06982406948  
-0.1571247828  
0.3709395194  
1.083544367  
0.1209927669  
0.2661531071  
0.7147756448  
1.92801585  
1.203199057  
0.3237595417  
0.6224323836  
1.117940204  
-0.7895849159  
-0.03172177966  
0.533677963  
0.3235340298  
-0.5684734514  
-0.9308946228  
0.4807415669  
0.3387924526  
-0.933361357  
-0.7953203664  
-0.583524149  
-0.4832391079  
-1.454081912  
-1.190540808  
-1.327383711  
-0.4437260742  
-0.01974130438  
-0.743069872  
0.8014023087  
1.755355671  
1.30317882  
0.7092286484  
-0.3944732284  
-0.1369296709  
0.3886125765  
0.115689761  
-0.1786900765  
-0.3386343711  
-0.03894343898  
-0.1631394832  
-0.004096386833  
0.3155332723  
0.0595844245  
0.1317214136  
-0.007332780942  
-0.4042821851  
-0.1727369512  
0.2914921005  
0.3728967315  
1.238405543  
0.6823019951  
0.2175064146  
0.5214961849  
0.05532782679  
0.2127100284  
0.4450815781  
0.5095078302  
1.056674791  
0.521434267  
-0.2617675309  
0.3315091471  
0.7114076966  
0.6323146875  
-0.2764574839  
-0.6583027051  
-0.7603524595  
-1.006171043  
-0.5557908647  
-0.01629352761  
-0.6938083759  
-1.517182102  
-1.260013824  
-0.2754538512  
-0.4941614121  
-0.3372318232  
-1.067187741  
-0.5962456848  
-0.5258065731  
-1.758419256  
-1.711291196  
-1.521147019  
-2.114369631  
-1.253696227  
-0.8318105548  
-1.914126355  
-1.831745903  
-1.012700012  
-0.4467162951  
-0.800770636  
-1.18572926  
-1.096519484  
-1.003489028  
-0.7642202454  
-0.5063010148  
-0.3616235134  
-0.2124524019  
0.01518387265  
0.7824539889  
0.6138924798  
0.8417028195  
1.740309552  
1.074618055  
1.329624866  
0.3741297807  
0.5417697572  
0.5178683541  
0.6331079953  
0.6731149336  
-0.3536097015  
1.365394944  
3.205465363  
2.727933296  
2.702881056  
0.1909330713  
-0.07902429987  
-1.020252149  
-1.005665094  
0.2953082974  
0.4180620883  
-0.4737265849  
0.08389691577  
0.7246037258  
-1.085603294  
-0.4240115878  
-1.144626041  
-1.640844655  
-1.616427716  
-1.112736197  
-1.257557341  
-1.276189268  
-1.963969457  
-0.8629070161  
-0.8770184022  
-1.082192027  
0.1445670893  
-0.1839601458  
-0.5090170073  
-0.4770234009  
-0.626151579  
-0.2726645101  
-0.1958733644  
-0.289782168  
0.6987717  
1.012722283  
0.8248503662  
-0.07264134851  
0.4140089766  
1.001371759  
1.180002462  
1.157528374  
-0.5428583935  
0.2899599634  
1.504252526  
1.835321583  
3.27133144  
2.292018157  
1.163675375  
-0.1830829158  
-1.72407066  
-2.636405429  
-2.007864562  
-2.082313406  
-0.4112230624  
-0.3993033179  
-1.120755479  
-2.053694001  
-0.1302735915  
-2.563560316  
-1.237637451  
0.1643341197  
2.745805032  
3.146682688  
2.067233893  
1.915406271  
1.962989282  
0.676065381  
-1.197927469  
1.753241523  
0.588912982  
-0.9935014525  
0.3602413594  
-1.141720159  
0.1882110012  
-0.3165239195  
-1.383271836  
-1.73839786  
-0.7899742191  
-0.7933310732  
-1.48540065  
-1.969267362  
-1.450981548  
-2.983013539  
-1.4262692  
-1.616182788  
-0.5468398683  
0.269909834  
-1.005716021  
-0.7716502388  
2.594860347  
0.2086563833  
1.236828851  
0.7338439069  
-0.9161677842  
-1.086330144  
-0.8661191439  
-0.2795172702  
-0.08948671008  
-0.6035103285  
0.406504  
-0.9669939464  
-1.5737172  
-0.9180738994  
-0.4063510387  
-0.38128565  
-0.2407167648  
0.1151506052  
-0.9240894216  
-0.508764718  
-1.396695769  
-1.597611094  
-1.37056373  
-2.271172529  
-2.621307858  
-3.404651426  
-3.446024947  
-2.697415426  
-3.463712611  
-2.375559162  
5.520865478  
0.336488331  
2.454326097  
4.10314824  
3.933536211  
4.047092181  
3.214166591  
0.490025643  
1.487257422  
2.906403099  
3.379698167  
3.177297744  
2.235400063  
2.287817658  
1.507011422  
1.473074578  
-0.2161545342  
1.13373858  
1.128071939  
0.8684560118  
1.777689898  
0.4456498142  
0.3358161925  
0.2681289957  
1.011583522  
0.6192111346  
0.6542695708  
0.2974857676  
1.239507994  
0.5014909887  
0.4249744739  
1.311189622  
-0.153833082  
0.7033894002  
0.6283153168  
-0.00983592435  
-0.160118514  
0.1721212681  
0.09986948599  
-0.02228014542  
0.05483253368  
0.2848607822  
-0.07768436566  
0.7865675468  
1.308872348  
0.6267789912  
-0.9710953188  
-0.6597886493  
-0.441930927  
-0.2199934054  
-1.142999637  
-0.5508666103  
-0.3022233326  
-0.4941471386  
-0.6175197359  
0.7710245848  
1.321271189  
-0.6095209669  
-0.04936789693  
1.217426606  
0.3329837029  
0.6968937251  
1.17467933  
0.4212285648  
0.5797149282  
1.730358455  
1.39162889  
0.5773293993  
-0.1512797283  
1.179258453  
3.313333572  
0.4053158588  
-0.4740381825  
-0.5088829027  
-0.325261206  
-0.1707596457  
-0.8961150879  
-1.062299104  
-1.8116803  
-2.40634652  
-2.160773341  
-2.298910857  
-1.897733644  
-1.214944719  
-0.9445783097  
-0.3472486281  
-0.6898463374  
-3.698998663  
-0.9730068947  
-0.8884600839  
-0.5488674831  
-0.6206561323  
0.7879750239  
3.074904863  
2.928319989  
2.116284967  
1.90419651  
1.037663615  
2.483989953  
