0.1508088018  
0.5236448752  
0.6909639167  
0.1215951962  
-0.6777438091  
-0.9187212703  
-0.1365978268  
0.7293579526  
1.561677462  
0.9776660136  
-0.4493403204  
-0.6876619135  
-1.490313113  
0.09925666595  
-0.176112582  
0.4529832324  
0.7913418528  
-0.04088538726  
0.7593112451  
-0.2210691232  
-0.4185158143  
-0.627506731  
-0.2037745396  
0.6617116228  
-0.5988307203  
-1.137464581  
-0.4611026006  
0.3025682897  
-0.8575281683  
-1.221224851  
-0.8495749501  
0.4620249074  
0.3418552698  
0.6064604013  
0.7630317227  
0.6191383017  
-1.156357207  
-1.00173895  
0.1894587177  
1.156397362  
0.6224256125  
-0.6007839087  
-0.4280268864  
-0.8713387881  
0.5026334344  
1.559399504  
0.6095894952  
-0.2250416889  
-0.5268235736  
1.097639046  
0.983496457  
-0.1923957993  
-1.619978028  
-0.03165197692  
1.544123792  
0.8884396436  
-0.2039274661  
-0.5209670898  
0.1083335197  
0.6208311852  
-0.6676955985  
-1.158279908  
0.03078856916  
1.457867687  
1.03157704  
-0.675357001  
-0.6915400339  
0.8331402424  
1.516889053  
-0.1064379614  
0.0461536723  
0.7858985174  
0.2820412396  
-0.6582676633  
-0.5289432219  
0.1304162875  
-0.545462029  
-0.8395187594  
0.07832040565  
-0.774400481  
-0.3169153886  
-0.3657040749  
-1.188775364  
-0.629644633  
-0.2339029318  
-1.110851561  
-0.2941701583  
-0.5579202706  
-0.8273091183  
-1.49798012  
-1.58234967  
-0.1910623558  
1.363793672  
0.27679761  
-0.185958969  
0.6990963209  
1.471784687  
0.02037512468  
-1.225210268  
0.3023188897  
0.4958659912  
-1.591078166  
-0.5544770867  
0.2403025759  
0.9844850258  
0.3473268031  
0.4599070535  
1.336520499  
-0.2853847387  
0.7885918162  
2.365228669  
0.810136712  
-0.01350328414  
0.3052592899  
1.27567534  
0.3614044864  
-0.4823058003  
0.4326889579  
1.584728951  
0.4301446686  
-1.143606363  
1.649657678  
1.463329409  
1.54427329  
-0.2511488446  
0.5786924504  
0.3143641243  
0.5752317487  
0.6234890734  
-0.9142118977  
-1.315293507  
-0.682427852  
-0.2726543937  
-0.7527484264  
-0.930612105  
-1.152496495  
-2.147297111  
-0.6724202756  
0.1308840777  
-0.2036647158  
-0.6267536668  
-0.6836519712  
-1.763521642  
0.09424459242  
-0.725252032  
-1.277269923  
-0.5315473032  
0.2288825007  
-0.1207203329  
0.733963742  
-0.5143611747  
-1.589593754  
-1.03564872  
0.1835912932  
0.08987461948  
1.147762294  
0.2766350471  
-0.7028326149  
-0.0808744045  
0.6361625786  
0.9205309651  
-0.7216697644  
-0.4831317569  
0.3791402932  
0.03969217677  
1.107195788  
1.453151192  
1.655274161  
2.205827102  
1.379777525  
-0.278036094  
-0.9024489326  
0.4122259395  
2.265622018  
1.516094051  
0.4776243433  
-0.1034519515  
-0.7070817675  
-0.6414996492  
0.6832091993  
0.3668400476  
-0.9851349249  
1.032100815  
-0.574617561  
-1.418106015  
-0.02054122754  
0.633242387  
-0.3756959682  
0.2398302431  
2.202698536  
0.7652696545  
1.411558573  
-0.08101053078  
-1.279739682  
-1.405365973  
0.7372140556  
-2.000688013  
0.7050836522  
0.7970238175  
-0.1525558376  
-1.282806498  
-0.6967995003  
1.143736253  
-0.9948081799  
-1.337500621  
1.393465916  
-0.5399794796  
-1.150301109  
2.159535442  
-0.2299822617  
-0.7577234492  
1.167796562  
-0.8522611834  
-0.7008803898  
0.9612900444  
-0.3562122224  
0.4596996819  
-0.5016803993  
-1.27160456  
-0.792570824  
-1.256069927  
-0.4238661321  
-0.468365345  
1.012577115  
1.044388847  
0.8334827321  
-0.3988316698  
-1.711753521  
-0.940465168  
0.7993866071  
-0.0499938568  
-0.4488809887  
-0.151718874  
0.2861123278  
-0.5598460189  
-1.379874231  
0.1021162839  
-0.8850089093  
-0.6611527742  
-0.7062685612  
0.1756011138  
0.1763338645  
0.7566919127  
0.1260766356  
0.3897300734  
0.4835900474  
1.216364995  
0.3990411328  
0.021293282  
0.01347157165  
1.336203516  
0.8496750024  
0.1752766773  
-0.555073112  
0.01544604275  
1.057789444  
-0.5788748124  
-1.534401707  
-0.1223932929  
0.8808400071  
-1.787478297  
-1.401014568  
1.043118049  
-2.150152779  
-1.028802122  
2.059626049  
1.509630198  
0.9071012368  
0.8742088621  
0.3893227719  
0.7130787157  
2.166484607  
-0.8199015541  
-0.2137682083  
0.9346394488  
0.07686511819  
-0.6786993374  
-0.4233220291  
-1.311332678  
0.4047953305  
-1.759134271  
-2.050624007  
0.07915761099  
-0.9786632537  
-1.100681981  
-0.5515350855  
-0.4505752408  
-1.354448453  
-0.8741517218  
-1.057803307  
0.8650027576  
1.383972035  
2.522652517  
0.9590894632  
1.818115616  
0.5600642163  
-0.6491947276  
-0.4487889686  
-0.6059138158  
-0.5505666498  
-0.04779992805  
0.6716144401  
1.371703252  
0.1719690484  
0.7305106266  
-0.1153168027  
0.5199339884  
-0.1530391182  
0.01821926798  
-0.9040372361  
-0.6693714366  
-0.2029687314  
-0.4316917619  
-0.9282767502  
0.2558551781  
0.4739644718  
0.1062995525  
1.427555114  
-1.060206005  
-0.5519795769  
0.4761791271  
-0.4355578823  
-0.6837377005  
0.4911242735  
0.2636596536  
1.894889775  
-0.1843432071  
0.04012038565  
1.265103602  
0.135948473  
0.530589298  
0.8493507215  
-0.690744939  
-0.9616067622  
0.83647855  
1.102450799  
0.02750759529  
-0.0280595379  
1.699209583  
1.119162591  
0.109741711  
-0.2270031985  
0.02286976559  
-0.02797842532  
0.8096874213  
0.6366239783  
-0.02535767354  
-0.829867526  
0.1155829146  
1.36928697  
0.5172969784  
1.185312169  
0.267574923  
0.06440101482  
-0.8733198556  
0.5294311171  
0.1724928025  
-0.2789333153  
-1.225972753  
-0.689407594  
-0.6211263039  
-0.1445675413  
0.3293635386  
-0.4316929523  
-0.4744189949  
0.2607724333  
0.001384234603  
0.1030411318  
-0.4723315073  
-0.2183632471  
-0.9043416458  
2.050426626  
0.1295730949  
0.1974883651  
1.137209519  
-1.047514919  
0.7432257247  
0.1546334336  
-0.4900602752  
1.03378607  
0.1925954424  
-0.8198339316  
0.03359934013  
-1.153390555  
-1.004432295  
-0.4321283974  
0.3335575323  
-1.618778229  
0.002045876047  
-1.744316979  
-0.1113480311  
-0.7725854887  
-0.4964544118  
0.8875390904  
-0.4393606633  
-0.9912056013  
-0.1074351071  
-1.372398132  
-0.553694312  
1.175381223  
2.287495639  
-0.4158542473  
0.1053538945  
-0.5241470043  
-0.3926068649  
-0.5995117026  
1.583799159  
-0.1347458671  
1.043958831  
0.303309084  
-0.7292239927  
-0.6030719176  
0.1699206182  
-0.8052454989  
-0.9087359709  
1.114289663  
-0.1285913371  
-1.883796392  
-1.321107274  
0.8939519256  
0.6676872021  
1.405750242  
-1.275794143  
0.6251243068  
0.2231150016  
0.6283325829  
-0.5501808016  
-0.1976186255  
1.636887774  
0.9133420467  
-0.4999787415  
0.4399781463  
2.796080252  
0.5466856668  
-0.6221950176  
-0.6504928288  
1.74408728  
-0.8902731482  
-0.1284940047  
3.010794327  
-1.018278975  
0.1605449018  
0.7394161714  
-1.384118173  
1.871485978  
-0.3318363131  
-0.1788658308  
0.8463685873  
-0.5057310798  
-0.8082237195  
-0.1393120461  
0.4690417629  
0.01154459779  
-1.215404087  
-1.44590502  
0.05302565451  
1.13190436  
1.20515532  
0.2568995015  
1.070656109  
1.750985414  
0.697604932  
0.03744889515  
-0.1913739744  
0.1917165085  
-0.7798827356  
-0.06182455808  
0.459513786  
-0.2350221189  
-0.7673901053  
0.6011923513  
0.05909010461  
0.1212339931  
0.8721317848  
-0.00941242033  
0.3091018451  
0.08336028821  
-0.6348740017  
-0.1222771129  
0.9363325248  
0.2873787065  
-0.9935543539  
-0.4054603528  
2.504908799  
0.2614965164  
0.1705595074  
-0.1155044327  
-0.3937395447  
0.227156056  
2.078178444  
-0.690880256  
-3.207911859  
-2.012191413  
-1.36500885  
-1.193388403  
-1.107134605  
-0.05527026312  
0.1984315142  
-2.011479515  
0.9249615465  
1.631247128  
1.531156108  
0.9985324969  
0.5917693269  
1.277804564  
0.4352648823  
0.09477594592  
-0.3944575518  
2.317375453  
-0.2001979305  
0.5522656818  
1.677492524  
0.456602004  
0.8387352771  
0.09713286282  
0.305394682  
-2.077133397  
0.3118715041  
0.0893152472  
0.11462557  
0.2393979489  
-1.425311766  
0.6241151906  
-0.1588438536  
0.1812558023  
-2.897739014  
-1.997000516  
-1.478031883  
-0.4022241456  
-1.554492006  
-1.68418958  
0.1193737322  
0.07599262723  
-0.0932061558  
-0.553811501  
0.7256171357  
-1.566477932  
-2.274440678  
-0.670284641  
-1.06200155  
-1.558682082  
-0.7043110401  
-0.1884315553  
-1.565829237  
-2.492473049  
-1.339935475  
1.046998311  
-0.3813232305  
-0.3437609213  
0.4792242411  
-0.1699533307  
-0.8452142037  
0.9986484636  
-0.06653154272  
-1.300421228  
-1.479537708  
0.34893987  
1.403014886  
0.0260676199  
-0.2584315342  
0.6274434581  
-0.2684076859  
1.499761306  
0.1022755079  
0.4428295567  
1.378309802  
0.313179562  
0.2976316512  
-0.6078177698  
0.03337550928  
0.8897595163  
1.100028503  
1.719046338  
1.437810352  
0.7514448679  
0.3347410032  
1.391377953  
2.208173323  
1.170572117  
1.885592854  
-0.7125727786  
-0.8205195142  
-0.8897561158  
-0.9457235906  
-2.686055667  
0.6991015734  
-0.5775658354  
-1.689290758  
-0.401595024  
-1.876892089  
