-0.1507695259  
-0.4594079444  
0.527882059  
0.4975832149  
-0.7316806383  
-0.6737772111  
-0.791006331  
0.2372353899  
1.09493886  
0.78423087  
-0.4127061708  
-0.8375357012  
0.1927926447  
0.2474187927  
-0.101312641  
-0.5357623584  
-0.9284736719  
-0.6147803119  
-0.4111510516  
0.1995933522  
-0.3056782061  
-0.340629538  
0.01342000295  
0.5832245867  
1.219827656  
0.6479421101  
-0.8142918393  
0.1500454847  
1.77608534  
2.059041262  
0.1156396978  
-0.5188835817  
-0.7615895004  
0.3867983248  
1.054736942  
1.303431489  
-0.3037010446  
-1.040483707  
-1.072248635  
-0.05062014494  
1.216426109  
0.7117893006  
-0.5670813195  
-0.6636806935  
-0.1758187758  
1.026375894  
1.924437957  
-0.3222162776  
-1.048614525  
0.4200438608  
1.658445253  
1.075348391  
0.09826159078  
-0.512859194  
-0.1809292761  
0.1757103577  
-0.1408864727  
-0.217416523  
-0.7607800863  
-0.8995313098  
-0.8333223772  
-0.5502065885  
-1.334521516  
-0.6501254358  
0.3093744125  
0.2040897952  
0.3488557911  
0.5625794283  
1.436579496  
-0.3335960896  
-1.173618705  
0.9761066017  
1.156528511  
-0.6740888618  
-0.8103695362  
0.7602530617  
0.784475605  
-0.293982524  
-0.7216329948  
-0.5337539761  
0.5333735123  
0.03834822124  
-0.8251640145  
-0.8632420751  
0.1717478686  
0.1693098071  
-0.06922927501  
0.69768674  
0.5983600473  
-0.1895166638  
-1.939254507  
-0.9131821476  
1.320478236  
0.3873008225  
-0.8571176562  
-1.245888633  
1.236647364  
1.005035918  
-0.7827450609  
-1.097857493  
1.694374552  
1.660585722  
-0.63920242  
-1.314093506  
0.01776042179  
1.216885488  
0.918168154  
0.9987582781  
-0.4839448283  
-1.542752048  
-0.1226630471  
0.5416177802  
-1.321704515  
-1.316866446  
0.9070641302  
0.7480160869  
-0.5598407929  
-1.626712309  
-0.1646857435  
0.4111448517  
-0.5359469729  
-0.5781592786  
-0.7329916294  
-0.303444887  
-1.095808067  
-1.816534482  
0.6161695461  
1.273366455  
0.4076309544  
-0.8071652751  
-1.028562091  
-1.526309473  
-2.19839873  
-0.5309416645  
0.192603919  
0.9110215217  
0.2399286144  
-0.520445675  
1.02233183  
0.5414148483  
0.08777652913  
0.1989414018  
0.3725417543  
0.2280066563  
0.0462988216  
-0.1287745381  
-1.377093077  
-0.1251886597  
-0.5790917661  
0.8116376603  
-0.7679129702  
-0.2309786456  
0.5027579491  
0.4332436055  
-0.162408078  
-0.09957192552  
0.8616994612  
0.3636869705  
-0.6325446732  
-0.4603797455  
-1.356568214  
-1.511021225  
-1.122169302  
0.8576727609  
1.315571712  
1.838046936  
0.7311560224  
0.3364122441  
-0.2159614027  
0.05248843821  
0.586059445  
2.149021485  
1.197113627  
0.5064448454  
7.766215742e-05  
0.860156382  
0.9007707614  
0.2134267071  
0.264812346  
1.015211318  
2.502870399  
1.197515587  
-0.4662830612  
0.2399341993  
1.863191957  
0.1586823324  
-0.4920409111  
1.255863944  
0.05842254617  
0.681549517  
-0.4606066735  
0.1851449714  
0.9582057992  
0.4449695605  
0.8270305975  
-0.7639633567  
-5.175350117  
-2.288205071  
-0.01248720567  
0.001796590269  
-0.5212758169  
-1.767640474  
-1.161655791  
-0.437343153  
-0.6988619828  
-0.9892655303  
-0.08982831519  
-0.09161442235  
0.5130135886  
0.4719912535  
-0.8109630048  
-0.06506196112  
-0.09942621431  
-0.4339964342  
1.075313333  
0.6229632751  
0.1620316859  
0.8515130678  
-0.2783714264  
-1.202459041  
-0.6557260052  
-1.204251771  
-0.8860476002  
-0.02715786156  
0.3487239689  
1.16272647  
0.4602488648  
0.661413725  
0.7929331953  
1.331330301  
0.3667993421  
0.5161170099  
-0.2959196777  
-0.4743477855  
-0.2713467219  
-0.703049121  
-1.268259848  
0.6791980425  
0.4178459994  
1.220261609  
0.9470986813  
0.3809086969  
0.752487596  
-1.871705892  
-1.025428726  
-1.25767012  
-0.6039929459  
-0.9305253457  
-1.013294405  
-0.5422223961  
-0.3762742559  
0.2425530543  
-0.3552740362  
0.237941049  
0.4112116041  
0.6808070639  
1.313544992  
0.2534435421  
-0.1196633987  
1.336327712  
1.227711845  
-0.1850244342  
0.8177544106  
1.976582525  
0.6078478065  
-0.914828062  
1.365832623  
-0.7761086225  
-1.02008357  
0.2200156881  
-0.4072085278  
-0.6209946641  
-0.1041374513  
-0.1125531099  
0.7923471366  
-1.457070963  
-1.183045974  
0.2411546905  
0.4630754963  
1.486918119  
0.3750624015  
-0.1326921414  
1.089094199  
0.4805714537  
1.012407863  
0.112186665  
0.5719591203  
1.601788723  
1.283043217  
-1.254813264  
-2.451302495  
-2.88025205  
-0.9835892034  
0.5628939012  
0.2282315541  
0.76498157  
0.2076226337  
0.06147104999  
0.210242412  
-0.2699724117  
-0.4739140827  
-0.04899608613  
-0.07509515405  
-0.5995768259  
0.09875905707  
0.1890259123  
1.074824122  
-0.7289378741  
-0.00874171469  
-0.3314666963  
0.3618830378  
0.1861353174  
0.205739881  
-0.126112261  
-0.7269198644  
-0.5853909691  
-0.1319300343  
0.5112953028  
-0.1992278804  
-0.4642693374  
-0.1063429336  
-0.7063219558  
-0.524973281  
-1.067340138  
-0.6786118208  
0.9784568694  
0.1613903758  
-0.03577558303  
0.218048269  
0.1905870641  
0.6474008688  
1.128321571  
0.6839801591  
0.597373215  
0.6450356325  
0.2160769953  
0.2201080072  
-1.402054588  
-0.9157438565  
-0.7522259384  
0.07609470953  
-0.2270602165  
-0.4658642913  
-0.9499053655  
-2.410021519  
-1.556087945  
-0.5708403851  
-0.6342548086  
-0.1950706726  
0.0218013687  
-0.779743362  
-0.638142404  
-0.7272929367  
-0.1515047439  
-1.577638895  
0.4011029551  
-0.8548982992  
-0.5072786229  
-0.902715775  
0.5112580896  
0.3486374374  
-0.6425848679  
0.5894115728  
-0.6921382856  
0.5382173419  
0.02214822631  
0.1845476803  
1.393134821  
0.2965609045  
0.5708086581  
0.789576368  
0.5022821018  
-0.8165052435  
-0.1982886209  
0.4124977681  
-0.192626663  
0.4102879993  
0.5946514209  
1.18695654  
1.918606797  
0.08195885815  
-0.1158355095  
1.8022777  
0.9871018848  
0.9820555792  
0.2569176346  
1.37983348  
0.6818243959  
0.5183734353  
0.64097494  
1.143029014  
0.6401865439  
1.536525689  
1.269029415  
-0.6332852726  
1.300437168  
2.111905744  
-0.2452138379  
0.1163276157  
0.9557801112  
0.2476589319  
-0.1990814478  
1.134805549  
0.1398522304  
-2.651747379  
-3.036174594  
-0.6966090293  
-0.8102677979  
-0.9229829541  
0.3013042962  
-0.21339033  
-1.598425546  
-0.5263602537  
-0.3560966577  
-1.716763473  
1.438283253  
0.49819399  
-0.3701329396  
-0.4067555085  
0.385530191  
-0.366860203  
-1.088733933  
-0.2958396818  
1.987709111  
0.3338282991  
-0.4934157096  
-0.8238520407  
0.2702253924  
-0.2253801601  
0.1764746809  
-1.481804968  
-0.897094629  
1.335338291  
0.9971010748  
-0.5966790874  
-0.1135263628  
0.722884612  
-2.93539215  
-1.05226495  
1.184221908  
-1.411928109  
0.160716779  
-0.7042581431  
-2.272682419  
-0.04437500988  
-0.2730002799  
-0.8723281155  
0.6514150443  
0.5862505413  
-0.6118288343  
-0.6034288215  
0.4035115411  
1.145646665  
-0.4648151487  
-2.906144832  
-1.654496411  
-1.447720855  
-0.6660946417  
-1.740205211  
-0.7324230748  
0.9457675721  
2.346051499  
-0.3557711649  
1.148978421  
1.215729054  
-1.285774683  
-0.2614099693  
0.7551678799  
0.1340400145  
0.1780247865  
0.3121180723  
-0.379768368  
-0.5124121352  
-0.3533486189  
0.124948476  
0.04327452166  
0.6021395399  
-0.5537471154  
-0.3701092232  
0.03796627403  
-0.2229516084  
-0.0878914549  
-0.7557944564  
-0.5075120575  
-1.371117963  
-0.5710907045  
-0.4953284116  
-0.002282873831  
-0.7185374877  
-1.920148872  
1.243155456  
-1.030432606  
0.4480320982  
1.060236544  
0.4634127061  
2.018632083  
1.668486272  
2.796975189  
-0.7714345036  
-0.3627127644  
-0.4389107689  
-0.3278849366  
0.7666854615  
1.289010243  
1.006582629  
0.3639015299  
1.161358477  
-1.16613004  
-0.4256463574  
0.02837282862  
1.035729887  
1.486396271  
0.3572253023  
1.43051828  
0.02426849312  
1.027425749  
-0.5491310146  
0.3185886351  
0.6014573408  
-0.5597073318  
0.7459304708  
-0.07222082404  
0.2266652376  
-0.4077878357  
1.440980596  
1.516514616  
-0.2651653537  
0.2898277744  
0.9710764527  
-0.6124251395  
-1.431792131  
0.1316373879  
0.6439384106  
-0.1178968938  
-0.04646999631  
1.66040826  
0.1986598399  
-1.220830251  
0.5937613014  
1.185158863  
0.1390948525  
-0.04312194143  
1.809108771  
1.448629002  
-1.03225677  
-0.5013086614  
0.1980815056  
-0.9854746952  
-1.862614051  
-0.7483064624  
0.03082431149  
-0.5722390257  
0.6810670183  
0.6014703156  
-1.096403202  
-0.6745089975  
0.9945976105  
0.7203082869  
-0.4855554739  
-0.1058389161  
2.272641234  
4.018134002  
-1.029918702  
-0.6872342233  
0.5315550972  
-0.3902644821  
0.4502084426  
-0.715780061  
0.4867936302  
1.00911876  
-0.984468106  
-2.583748053  
-0.2503801143  
1.070855281  
-0.2421667343  
-0.9422917112  
-1.111634089  
-0.3371974095  
-0.8524193428  
-0.7325294699  
-0.1417669856  
0.5323412575  
-0.8235623446  
0.742728446  
-3.073295321  
-0.238587534  
1.039885909  
0.9728963098  
2.692256969  
0.3819028418  
