-0.1514727955  
-0.2790143783  
-0.7847546867  
-0.6799367864  
0.143214304  
0.6007526052  
0.1814419831  
0.6816170898  
0.5765629263  
0.3244967421  
0.4223742798  
0.3191469649  
0.2781766608  
1.136882582  
0.5873199855  
0.3919489038  
-0.09877442499  
-0.1908653429  
-0.03697671579  
1.033760594  
0.2848406775  
-0.7198308117  
-1.11460097  
0.006675935648  
0.2192492608  
-0.0382460104  
-1.041324735  
-0.9628763201  
-0.6182247461  
-0.2905837275  
-0.3964739873  
-0.4783737593  
0.03478433859  
0.2878642372  
-0.2396155929  
0.1118809965  
0.005588784979  
-0.9871549749  
-0.6210765763  
0.938366236  
0.1014936132  
-0.1554537565  
-0.1512101721  
-0.8088645947  
-0.009697639571  
-0.3094297162  
-0.03776711209  
-0.7201263447  
-0.644500183  
-0.1929176441  
-0.4826353393  
-0.5996140207  
-0.8304467953  
-0.7685750083  
-1.757495719  
-1.025563717  
0.778921341  
1.256363276  
1.055191421  
0.7526668268  
1.206933859  
0.8475256033  
0.8446432911  
1.189173277  
0.8680333732  
0.3074326586  
-0.1170446677  
-0.248797596  
-0.1310326268  
0.03130458823  
-0.3109594915  
-0.5402949031  
-0.730616083  
-0.6972262788  
-0.4881295219  
0.1151557676  
0.3535547878  
0.4820496186  
-0.5843554067  
-1.009711226  
-0.04441252986  
0.2699537374  
0.4602357038  
0.1017435995  
0.3011879387  
0.1055135316  
0.04185476892  
0.4828841072  
0.4256258403  
0.4638413613  
-0.07720997388  
0.5015531341  
0.4534427926  
-0.2182337071  
-0.9731682228  
-1.217445968  
-0.2623549634  
-0.3293404241  
0.3100911351  
-0.231119203  
0.5298219885  
1.435964205  
1.414519661  
0.1203785786  
0.07616179402  
0.7328386575  
0.544889682  
0.2869995566  
-0.4472493977  
-0.3411049342  
0.2056056324  
0.2887978974  
0.9407599934  
1.199140535  
1.904944148  
1.324107371  
0.234833175  
0.01621965869  
0.776659714  
-0.6022217184  
-2.713199157  
-0.2110238568  
1.266287424  
0.9155843788  
-1.126392444  
-1.857458431  
-1.779070491  
-0.5496736576  
-1.476922322  
-1.3456904  
-0.9305577227  
-0.8242576361  
-0.2797155075  
-0.1952773417  
-0.8976523326  
0.5595405489  
0.7071458671  
0.9491064797  
1.761159803  
1.418754259  
1.185289311  
1.639600098  
1.980802728  
1.164922654  
1.042158386  
0.4823808883  
-0.177277313  
0.1784383136  
0.05529412266  
0.2887833701  
-0.5622239995  
-0.2583917134  
-0.5492865353  
-0.04381451071  
0.2006832889  
-0.6596281234  
-0.6445640615  
-0.2976339527  
-0.3136866675  
0.9009030343  
1.012326248  
0.5667525599  
-0.3109492235  
-0.7579923498  
-0.7045167781  
0.3332245034  
0.484034642  
1.291671747  
0.3506023324  
0.2734006944  
0.8320063856  
-0.3581342833  
-0.6905703446  
-0.6633116493  
-0.6478285515  
-1.265386435  
-1.454270089  
-1.326740855  
-1.001638414  
-1.259931299  
-1.090635084  
-0.2433533251  
-2.136515059  
-2.316137702  
-0.05539035516  
-1.07676486  
-2.067774908  
-1.437507104  
-1.968451281  
-1.704332824  
-0.9561782769  
-0.597339649  
0.04986933513  
-0.5825687026  
-1.13849948  
-0.1751160259  
0.5458922352  
0.6298072902  
0.4831680316  
1.2265646  
0.6133829384  
1.250778373  
1.77518921  
2.005601045  
0.7261619285  
0.7937118475  
1.015264174  
0.667385557  
0.5727576821  
1.308347495  
0.8783106563  
0.7353323867  
-0.2489056394  
0.5931315089  
1.871961399  
1.005424321  
0.6717017097  
1.637909727  
1.533067235  
0.9322832672  
0.516514271  
0.08301331451  
-0.5485544378  
-0.1708291468  
0.1804300987  
0.06713325574  
-0.6389783024  
-0.09484092276  
-0.4939948897  
-0.1209222309  
0.2924165981  
0.7558113761  
1.052405495  
1.190625879  
1.439089473  
0.6541457742  
0.9239023352  
1.274624039  
0.6142291  
0.2996664857  
-1.106547211  
-0.5648028137  
0.3549977677  
-2.401983466  
-1.419699758  
-0.3131691816  
-0.3975599304  
-0.6348917674  
-1.22242577  
-1.444753634  
-1.377895978  
-1.21253351  
-0.9777819204  
-0.4652065149  
-0.5699248834  
-0.9543212075  
-0.3937939393  
-0.8158649739  
-0.5208515785  
0.1850612077  
0.9352656919  
0.06552382609  
-0.8334367981  
0.2271451313  
0.8840860592  
0.2592900148  
0.02466828733  
-0.7661440966  
-0.3229369503  
0.0248867733  
0.4534535525  
-0.4640975266  
-0.4740067718  
-0.09525941464  
0.1836320925  
0.2338826156  
-0.8040160561  
0.1924002855  
0.7611715976  
0.9623774807  
0.3384031773  
0.6818209859  
0.1685772295  
0.5109987789  
-0.1108771872  
-0.6672580362  
-1.098629332  
-0.4089341015  
-0.3990888622  
0.2065838548  
-0.8433956701  
0.5011145211  
0.5843766698  
0.171234251  
1.580074789  
0.6159322607  
-0.3539840419  
-1.039683194  
-0.5949545514  
-0.2221671903  
0.07784157392  
0.1958444319  
0.03829240378  
0.8999828714  
0.7407674357  
1.078774771  
0.1406162347  
-0.3064004829  
-0.8559276716  
-0.4743459525  
-0.4209930578  
0.3128436524  
-0.4258045462  
-1.124460034  
-1.079833355  
-0.740356193  
-0.007505809578  
0.2903212156  
0.3375341727  
0.5285881843  
0.6589500256  
0.266733862  
-0.4664298115  
-0.5951202231  
-0.3099523416  
-0.5779646343  
-0.4941601908  
-0.3618151385  
-0.4818468394  
0.3658217407  
1.491238299  
0.9586458758  
0.214710258  
0.4245220286  
0.5084249741  
1.179902786  
1.534554767  
2.568427981  
1.541243593  
1.690740783  
1.508081941  
1.367561155  
1.434020381  
0.5229564776  
0.5038582644  
1.153073906  
0.4787484394  
-0.04365318273  
0.133855452  
0.2244669872  
0.4629336175  
0.579454198  
0.4388762727  
0.1671513164  
0.4054600327  
0.2389216652  
1.15843594  
1.030421141  
0.4376889835  
1.224904924  
0.588263617  
-0.1347300673  
0.05969595253  
0.08006327736  
-0.8286018437  
-0.6410153195  
-1.121847578  
-1.383769331  
-0.5238174674  
-0.4471244188  
0.9323883211  
1.643214056  
0.8043072833  
0.6337789087  
-0.3334892008  
-0.4151212156  
-1.962720989  
-2.079410906  
-2.715661115  
-2.276892902  
-1.456671936  
-1.2256183  
-1.147909623  
-1.329082084  
-1.133702135  
-1.137830585  
-0.979152177  
-1.109505079  
-0.5142936363  
-1.219965376  
-0.9428930902  
-1.164788779  
-0.7983473712  
-1.61552918  
-0.2455285728  
-0.2125457748  
-0.2888755369  
0.6566411118  
-0.3579072728  
-0.5336310736  
-2.325278254  
-0.3256239303  
0.01514389899  
0.1086815466  
0.7294512755  
1.416542974  
2.131795171  
1.954504038  
2.246507979  
1.829461797  
1.016000742  
1.669473935  
1.720039164  
1.097788641  
2.130688864  
0.9820389571  
-1.197422077  
-0.1898772853  
0.3283295547  
0.5355435274  
-1.433659838  
-1.367550242  
-0.8615140008  
-1.413105262  
-2.097580722  
-0.2904110554  
0.05776105057  
-1.35116561  
-0.6928428918  
-0.8476484117  
-3.133011451  
-1.915653234  
-1.782785344  
0.8183719221  
1.559582976  
1.339472658  
0.7145502223  
0.3560915069  
0.05763733835  
-1.476266163  
0.5975283057  
-0.595725861  
-0.7012263791  
-0.2845027713  
-0.634898419  
-0.2796012725  
-0.5779745247  
-0.9231127747  
-1.273613528  
-0.6205588874  
-0.6297078385  
0.1691608614  
-0.109017076  
-0.2953396603  
-3.139443255  
1.729418633  
3.841927178  
1.082637899  
-2.462185771  
-2.623092757  
-4.264109872  
-3.374412814  
0.6318803792  
-0.1849663523  
-0.5343731046  
0.354381516  
-0.198746817  
-0.06971444917  
0.06844417695  
0.842157203  
-0.1222408279  
-0.1282711122  
-0.5643429115  
-0.1421739816  
-0.3414122849  
-0.9080260767  
-0.3459397486  
0.4740001245  
0.6564205878  
0.3472988564  
0.6654192673  
0.7614587068  
0.776144855  
0.2024697684  
0.08571956047  
-1.255328923  
-1.206372827  
-1.110958598  
-2.431079654  
-7.394549108  
-1.962291812  
5.35875194  
1.642413353  
0.6225980982  
2.520944368  
2.634797881  
2.535982682  
1.224979258  
1.473461629  
1.854165395  
0.7521606803  
1.943514575  
0.3980509431  
0.1801116929  
0.3126638599  
0.9875401752  
0.4640466167  
-0.4755244471  
1.25672418  
1.479508694  
1.355736048  
1.003017443  
0.4042413774  
1.571948961  
1.196137133  
2.029934834  
0.5420445408  
1.412381136  
0.8629594941  
1.249259785  
0.04332858609  
0.6798886414  
0.9735321447  
-0.7546216819  
-0.3172903105  
-0.3641103059  
1.007287796  
0.9976707425  
-0.1498958151  
0.1691033427  
0.2144896794  
0.01008479529  
-0.1828866374  
-0.2621733756  
0.07280455503  
-0.8625672489  
-0.3646916481  
-0.1452342076  
0.09541353961  
-0.9709400623  
-0.2558400695  
-0.6544387897  
-0.1050057867  
-0.1192347314  
0.3454292626  
0.7012435713  
0.7304557063  
1.033281531  
-0.4206496816  
-0.9995842153  
-1.399740013  
-0.7074284488  
-1.831319208  
-2.055534173  
-0.7173668299  
1.185284142  
0.8066700159  
-0.3929913573  
0.2593003632  
0.06542330187  
-1.236139672  
-2.596457401  
0.1795431319  
-0.677583787  
-1.768292085  
0.6786850541  
1.329753361  
0.6473731866  
1.582213044  
0.7336635094  
-0.1518518148  
0.6460524212  
0.5426829901  
0.06748106836  
0.8197106169  
0.4078172937  
0.9637115315  
-4.691245431  
-2.093999789  
-0.1159927482  
-0.2048784568  
-0.9311268677  
-2.074458885  
-2.692075269  
-0.8340732725  
1.983582792  
1.429224114  
0.8758041796  
0.5394203742  
4.503396144  
