0.9862403111  
-0.1129905032  
-1.182390942  
-0.3012611792  
0.690078464  
0.3934076973  
-0.7307877773  
-1.379314737  
-1.470535635  
-0.5670648847  
0.01396108948  
-0.000588689091  
-0.5473745194  
-0.5342591326  
0.3209235045  
0.218478712  
-0.2577115778  
0.3515493197  
0.980517708  
0.6846743071  
0.4886602487  
-0.418737342  
-0.04584764701  
0.4166679009  
1.495134038  
1.544599433  
0.4513910962  
-0.5696822076  
0.03807589936  
1.271486547  
0.8362284521  
0.1667730373  
0.8689604335  
-0.2768638831  
-1.00491581  
-0.3248239535  
0.3145542043  
-0.2286396124  
-0.1739000449  
-0.6943906183  
-0.5398864286  
-0.1679956185  
0.4650731363  
-0.4311677016  
-0.05494696334  
-1.631040507  
-0.4246512948  
1.483737587  
0.2085319648  
-0.5420300235  
-0.5534126918  
0.0812258064  
1.364556739  
1.160430753  
-0.2365446149  
-0.6958648415  
-0.4346585959  
0.02800655983  
0.2898939274  
0.2422586483  
0.712443655  
0.7107957756  
0.4332804776  
-0.7249553802  
-0.6177024154  
-0.4775851311  
-1.06962259  
-0.4371102486  
0.8111889711  
1.397386398  
-0.01788513279  
-0.3151157675  
0.3952062999  
0.7270795142  
-0.488990868  
-1.120211762  
-0.2272743128  
-0.1778112732  
-0.9655119626  
-0.1924375461  
-0.511554359  
-0.8667615752  
-0.4762443101  
-0.08681988793  
-0.07966199288  
-0.4803717456  
-1.818739106  
-1.447583738  
-1.232637082  
0.4419008699  
1.45400752  
-0.1961858512  
-0.7836143239  
0.5836842711  
0.9971982797  
0.3786195357  
0.002722933671  
1.292707988  
1.104834182  
-0.1106240191  
-0.2921758261  
0.4054996288  
1.321213577  
1.468999951  
-0.019374212  
0.8845064221  
0.6016292626  
0.145633637  
1.665750692  
0.6991834125  
-0.5298911237  
0.8839818184  
1.096826432  
-0.9342760548  
-1.314735371  
-0.01357359042  
0.4866128543  
-0.1136996712  
-0.376926546  
1.050760949  
0.611409963  
-1.616002147  
-1.871935384  
-0.6560747738  
1.414493139  
0.3207163601  
-1.091690979  
-0.9619677777  
-0.9495417816  
-0.1028933119  
0.8416941967  
1.960524659  
2.118243794  
1.43005854  
0.07612562483  
-0.4828887006  
-0.001870754671  
-0.1625060778  
0.526117283  
0.9971659911  
0.6680913551  
1.09340867  
0.3105375383  
-0.5162296285  
0.8124128798  
0.5460389205  
-0.2643347823  
-0.2587013996  
-1.127973752  
-0.8387706469  
0.9802878877  
0.5515251143  
0.1749860628  
0.05481109906  
0.1897497069  
-0.9218221097  
-0.1319097172  
-0.9107349203  
-0.6162815172  
-0.4579348797  
-0.6960797977  
-2.138628078  
-0.4687742072  
0.5428873476  
-0.03057889091  
-0.5441068282  
-2.085637258  
-3.062468466  
-2.279860931  
-2.001854225  
-1.218181863  
-0.6104979673  
-1.172571153  
-1.665991809  
-0.3714123011  
-0.4918327107  
-1.244303358  
-0.8942424283  
-0.8574659116  
-0.8392673742  
-0.9132374878  
-0.8276917939  
-0.1821780388  
0.8078381652  
1.968150345  
1.840173891  
1.404933716  
1.540658925  
1.124259841  
0.04787890188  
0.6714708609  
-0.2338037631  
0.3599259563  
0.02824319322  
-0.6285404514  
-0.2161559876  
1.871481044  
-1.279940934  
-1.046946557  
0.2385597572  
0.4748891742  
-0.1284025312  
-0.04343015255  
1.351940726  
0.4252069918  
-0.5529592922  
1.24175662  
0.7788760517  
-0.6766352996  
0.006228633261  
0.06652724868  
-0.03027323693  
0.9757387438  
-0.08751646587  
-0.4642971319  
0.4440779193  
-0.09894673195  
-0.189621519  
0.03714313971  
-0.1913247966  
-0.5290103165  
-1.11905059  
0.06085894337  
0.3640866285  
1.465478605  
0.6867049225  
0.9997525376  
2.305790317  
1.744710566  
-0.7770254824  
0.5473538823  
1.273739108  
0.6747315641  
-0.5434478094  
-0.568189142  
-1.853330242  
-2.274695052  
-0.5842833153  
-0.587206452  
-0.7260191228  
-0.9578189166  
-1.090882036  
-1.709846025  
-2.491893582  
-0.1068633284  
1.20060308  
1.290263666  
0.2032154295  
1.292875016  
1.602758795  
0.5996632582  
0.9884723654  
2.282034348  
2.163251614  
0.8610971639  
0.9038704076  
1.680874546  
0.7313645346  
-0.7969546622  
-1.088247999  
0.752961078  
0.09558407627  
-0.9700708098  
0.5128195049  
-2.108222722  
-1.176383411  
1.321776229  
1.194533334  
-1.026592189  
-1.038830083  
-0.1709491237  
-0.5086916595  
0.4017370544  
0.3200144113  
-0.197346646  
-0.2556987226  
0.3914293926  
1.886074971  
0.741955857  
-1.323410776  
-1.158965996  
-0.5120122725  
0.1070868249  
0.2080080947  
0.6057804669  
1.088603518  
0.8713884043  
1.183527401  
0.9558920329  
0.731067903  
-0.2058585635  
-2.341622728  
-2.081651834  
-0.9164772641  
0.02644573538  
-0.2357244164  
0.5538190764  
0.3714898993  
0.8067207783  
0.629280055  
0.7438653806  
0.4622401651  
-0.008275559317  
-0.02078945139  
-0.2164000721  
-0.1289713547  
-1.066554064  
-0.6699396485  
-0.4647212821  
-0.3024131462  
-0.8455092342  
-0.4224420331  
-0.5726945008  
0.5793400527  
0.5574815494  
0.7008433778  
0.4459758873  
-0.07274359907  
0.07327604455  
-0.5752859649  
-0.6881970673  
-0.1365590763  
-0.2110815185  
-0.5103119869  
-0.7507453935  
-1.085439533  
0.1999734832  
-0.2531347731  
-1.055167623  
-0.6693895904  
-1.239143839  
-1.908126242  
-1.223391954  
-1.095167094  
-1.642207987  
-1.803053273  
-0.3641234152  
1.614984744  
-1.277586888  
-0.6453288055  
-0.1731290815  
0.9967440127  
1.304504618  
0.9762932753  
-0.1645792015  
-0.09546553652  
0.7929790967  
1.866521745  
0.6789000257  
0.1831088116  
0.4682123258  
0.3906271265  
1.323038333  
1.153586013  
0.01190327307  
0.1191754992  
0.1831755311  
0.06409799987  
-0.4372455343  
0.2447778586  
0.2638780435  
-0.2671321741  
-0.1797900351  
-0.5544443017  
-0.674247991  
0.8732827711  
1.371834637  
-0.9717530007  
-0.4201876637  
-0.6992742967  
-1.416604121  
-2.255934783  
-2.361088874  
-2.554954754  
-0.9125621514  
0.05683186914  
3.025889782  
1.430327385  
1.199136208  
0.224944017  
-0.1242560295  
-0.3011467465  
0.08742351047  
1.027347175  
1.776273736  
1.838535913  
0.5725681309  
1.259803429  
1.03239973  
0.9269518355  
1.136241838  
1.232692513  
0.4235257306  
-0.04891506003  
1.288985905  
0.4194464476  
1.041847408  
0.3545627541  
0.9027575612  
-0.05729363632  
-1.464326456  
0.4284580635  
-0.1930989509  
2.512365598  
2.70416735  
-0.5455509438  
-1.398203651  
-1.545030084  
-0.7906264798  
-0.1318575899  
0.6911845998  
0.07806759403  
-0.2313875425  
0.4994290116  
-2.421962879  
-4.05961989  
-2.499872591  
-1.278104159  
-0.7312778737  
0.01981535595  
1.785387533  
1.57487265  
0.109712311  
-0.8424456429  
-0.5778229627  
-0.4593667143  
1.566918314  
1.463933522  
0.028048492  
-0.4293744132  
1.158847031  
0.9490502404  
-0.5051625947  
-2.494755655  
-1.850519874  
-0.8890641021  
0.2893637232  
1.653316548  
0.7860585048  
0.6665639786  
-1.447213636  
-0.4594815041  
1.829963939  
1.426803679  
0.5545605192  
0.08027063967  
0.6532162865  
1.215443013  
1.476240596  
0.2696798668  
0.5141628581  
1.12307941  
-0.5039372651  
-0.1593355021  
2.044318419  
0.1715701996  
-0.02689274979  
0.2212960954  
-0.6023334199  
-0.2784049445  
1.371096845  
-0.9252062428  
0.1008411529  
0.0248824519  
-0.1536226278  
0.04804053643  
-0.4174954249  
-0.2785415119  
-0.4929181579  
-0.91580944  
-0.9259785144  
-0.9956168461  
-0.1433978926  
-0.1309197623  
-1.246060971  
-1.528757364  
-1.428105465  
-1.498565673  
-1.860403527  
-1.080146537  
-1.644787373  
-0.1146274083  
-0.6970799385  
-1.133214385  
-2.115947609  
-2.390340077  
0.2671473473  
0.4048914687  
0.7126264149  
0.0675190996  
1.069708802  
-0.6954444685  
-0.1006660237  
0.393703357  
1.207632797  
0.2173691659  
-1.166075623  
-1.119213411  
-0.770294503  
0.2845943874  
0.7563990137  
0.7784705749  
0.3536159502  
-0.07707338445  
0.6550821195  
1.601936516  
0.742276711  
-0.681054272  
-0.5537278246  
-0.1480762741  
0.5619924934  
0.8000146281  
0.4072754758  
-1.31334093  
-0.8636435091  
-1.012736762  
-1.195112207  
-0.4227732677  
-0.8894119799  
-0.1414392506  
0.7387290912  
-0.2634848193  
-0.0110902337  
1.532060882  
0.80833829  
0.4888960068  
0.895589157  
2.363686796  
0.8492539458  
1.016658822  
1.695680332  
0.598380757  
0.2720150782  
1.519237801  
2.275365537  
-0.6539037392  
-0.1880036058  
1.974902246  
1.677017011  
1.065805717  
1.204628938  
2.006068098  
0.8499092388  
-0.5490372862  
-0.06625075874  
0.7223016758  
-0.3413781692  
0.5543436955  
1.972596204  
1.842641102  
2.482472795  
2.066948155  
-1.735868086  
-1.275525617  
1.319507814  
0.2800066579  
-1.289500636  
-1.840437661  
-0.6722115844  
-0.7740842069  
-0.9924404835  
-1.282529319  
-2.941478871  
-0.8570294119  
-1.106197067  
-2.242240515  
-2.554095547  
-1.465525629  
-1.330176343  
0.1360681659  
0.1239440072  
-0.7390999073  
-1.464849384  
-1.158240833  
-1.292055411  
-0.371702948  
-1.802331778  
-3.125104782  
0.7934535332  
0.8806343314  
-1.076411553  
-0.7067760186  
2.068186747  
4.158142323  
3.74071787  
2.537615218  
0.5983814968  
0.1605208161  
-1.53738093  
0.7133110268  
