0.350874371  
-0.7236669788  
-0.6909809527  
-0.3790693629  
0.4191476643  
1.427534918  
0.750352255  
0.5488795676  
-0.1679344737  
-1.056608867  
0.04659666061  
1.260219643  
1.479534814  
0.9486007559  
-0.3976048003  
0.09221773817  
0.6702217598  
0.8954397911  
0.7618715422  
-0.8387849718  
-0.7719328076  
-0.5205539822  
-0.3518861115  
-1.287923365  
-1.578523331  
-1.736949289  
-1.054171454  
-0.7630934601  
-1.877898392  
-1.632611019  
-1.23845424  
-0.1831211716  
0.5561126719  
0.1624500989  
-0.4445590646  
-0.2139681834  
1.44812624  
0.9306503335  
0.2622755249  
-0.2239451839  
-0.408495913  
-0.1091679266  
0.7353203561  
0.3804556977  
-0.2436665708  
-0.3315966124  
-0.3527999134  
0.4470686605  
-0.5157136806  
-1.002325746  
-0.9660632964  
-0.9033449647  
0.01874035544  
0.008805345835  
-0.6696681183  
-0.001559979967  
0.1815173347  
0.3298725485  
0.1853711882  
-0.07519804079  
-0.09945225279  
0.07403738708  
0.3712522705  
-0.01035761364  
-0.8363323481  
-0.7713010306  
-0.4625420864  
-0.9892447207  
-1.009024828  
-0.2222409533  
-0.2503717308  
-0.9144681938  
-1.174283076  
-0.8929508868  
-0.9502974954  
-0.6310332601  
-1.102963818  
-0.4750044526  
-0.08951419652  
-0.3588664442  
-0.8557962151  
-1.003595909  
-0.3711997404  
0.5921678369  
-0.733572953  
-1.009765387  
-0.4045574773  
0.05883079398  
-0.6348356148  
0.3922114979  
1.775594443  
1.025312004  
-0.3662648731  
-0.1744411484  
-0.02017071446  
-0.3552535393  
-0.3364499351  
-0.7382977033  
-0.4040188798  
-0.5746238324  
-1.914797057  
-1.32607535  
-0.3939613125  
0.3469062984  
-0.349948582  
-0.1402753151  
-0.3696989439  
-0.289524641  
0.930342239  
0.8588205443  
0.07775059373  
-0.4333700404  
0.02420084769  
0.1129690373  
-0.0528874289  
-0.04572814826  
0.3210622496  
0.1373321995  
0.1999248844  
-0.5698106429  
4.24489775  
3.324951017  
2.115413125  
0.09119223173  
1.816980849  
0.9359025192  
-1.603708797  
-1.040725488  
3.206920893  
5.023090243  
5.366576123  
4.296867564  
2.786140307  
-0.1295210175  
1.380458475  
0.1477451628  
3.309758694  
4.282216426  
3.591350787  
4.806674424  
5.160412603  
3.125285408  
2.4872224  
1.863514318  
0.8655603029  
0.8337082725  
0.805709018  
-0.1148551785  
-2.599860606  
-2.689831248  
-2.147262894  
-2.777137927  
-3.045708819  
-2.726902712  
-2.934618252  
-3.157241654  
-2.284592298  
-2.414289284  
-2.303626728  
-1.994732066  
-1.796590137  
-1.849563661  
-1.816486834  
-2.00363179  
-1.423370326  
-1.091234916  
-1.103073744  
-1.134841291  
-0.6746766334  
-0.9114606796  
-0.9885317418  
-1.255681798  
-2.15172  
-2.039263813  
-2.448331034  
-4.101242235  
-3.87204987  
-3.493818126  
-3.336039477  
-3.903337306  
-4.14424558  
-3.728314252  
-3.368560531  
-3.971308394  
-5.772854869  
-4.161049161  
-5.465456676  
-6.306265006  
-5.363385723  
-6.300559738  
-5.584302094  
-4.734837807  
-4.909450808  
-4.581356893  
-5.438853886  
-5.16418474  
5.553995843  
6.246253799  
3.649773861  
3.322175563  
4.581554491  
5.71304603  
6.023904091  
4.589891645  
4.834951098  
5.173406307  
4.405590023  
5.114353221  
4.375444697  
3.793377486  
5.138641762  
4.804373682  
4.754771634  
4.63617616  
3.871309157  
5.397402752  
5.004290793  
3.430774921  
4.893712208  
4.797818802  
4.610792824  
1.576044887  
-0.9123296882  
0.8879416811  
1.41226832  
0.9988260891  
1.738231854  
0.5728820623  
0.3994464361  
1.365634185  
1.565211962  
1.220090319  
2.07239494  
2.397984908  
1.305774974  
1.049310305  
-1.69800175  
-1.438661223  
-1.894650505  
-4.300138614  
-6.51530756  
-5.973641287  
-3.701939058  
-5.880858912  
-5.148458675  
1.317902257  
-0.7461572146  
0.1707463997  
-0.4920520207  
-0.3202875946  
-1.21558464  
-1.597895277  
-2.331916856  
-2.948680611  
-1.346805352  
-1.55311448  
-2.055038203  
-1.359198812  
-1.043707773  
-1.63477405  
-1.712905213  
0.06890913408  
-0.8108122826  
6.063572259  
7.197735201  
1.713820265  
0.6315700782  
4.705888357  
6.826434521  
2.685358957  
4.62256056  
3.644437322  
3.871796384  
5.142569522  
4.55558724  
3.6351521  
2.614831586  
1.465220459  
0.03458302175  
-2.172208926  
-0.914360229  
0.3524388222  
-0.1146839697  
-1.002247459  
-0.007318184732  
-0.08442454729  
-1.560698602  
-1.695439713  
-1.294790357  
-1.256446717  
-3.942761735  
-3.125766085  
-2.954123697  
-3.048016115  
-2.082698576  
-0.1050924134  
0.1059967914  
-0.07207215554  
0.04986012307  
0.194748977  
0.2151697892  
0.2728781695  
0.1692764695  
0.1768263623  
0.4059353576  
0.5307443371  
0.6765721406  
0.9046363173  
0.2946141199  
0.9665911102  
0.0711602441  
0.7250100602  
0.8044117359  
-0.2309188786  
-1.102347192  
-1.299028245  
-1.147664573  
-2.018928688  
-2.061335569  
-1.580286036  
-1.822509958  
-1.696143661  
-1.566583825  
-1.873229385  
-1.615796957  
-0.7440141693  
-0.8391956187  
-1.017328367  
-0.9716473099  
-0.2047211364  
-0.7601921538  
-1.083518719  
-0.7726909185  
0.01851035488  
-0.3042197885  
-1.115401608  
-0.1207637445  
10.3606357  
8.147082536  
3.555390517  
4.167972508  
4.927404586  
4.427062119  
4.275274818  
1.53307881  
-0.4985046936  
0.2309422735  
1.874294875  
0.7594734978  
-0.3149756362  
-0.7207524219  
-1.146259859  
-1.791223431  
-0.853779537  
-1.260511921  
-1.174143875  
-1.694049521  
-1.133339671  
-0.4653652023  
-0.6064000892  
-0.4950347227  
-1.962888102  
-2.070478153  
-0.3840371061  
-1.641745568  
-2.740121944  
-2.454211881  
-2.436076917  
-2.336620467  
-0.7749469574  
-1.513100111  
-0.1789145275  
-0.2421503048  
-1.345095451  
-1.320517383  
-1.625131917  
-2.247602904  
-2.320167071  
-3.277624343  
-3.903888832  
-2.450849989  
-1.350839374  
-2.295391932  
-1.779091882  
-1.799807082  
-1.642740806  
-1.899549505  
-1.757131832  
-1.937110595  
-1.485766922  
-2.803637204  
-2.388391391  
-2.356187353  
-3.037260187  
-2.050247385  
-3.462559494  
-3.878400512  
-2.773845474  
-1.974805759  
-3.075263946  
-5.009381212  
-3.81075689  
-3.880476837  
-1.626799335  
5.938403206  
6.14448884  
3.582654568  
3.749728656  
1.397699517  
-0.4740149463  
3.153018493  
5.206950479  
4.489881602  
4.660143627  
4.604000647  
-5.018049627  
-5.100307114  
-0.06913521187  
0.3367100005  
-0.6962626419  
-0.4253145004  
-0.4382810985  
-1.757272278  
-6.129494605  
-4.455285746  
-2.827057199  
-3.783551361  
-2.1261497  
-1.948916296  
-0.5471926309  
0.5068426157  
0.8383905718  
1.321641582  
5.718256236  
6.322012054  
3.971050512  
0.9589114972  
3.219107829  
-0.7028550458  
-1.755563072  
1.983477013  
-1.755085194  
-1.741912536  
1.91788907  
-1.167650114  
2.652140937  
0.4368856882  
-3.780463793  
-2.357062351  
0.7515580552  
0.7336933009  
-1.506076394  
-0.6938552893  
1.479299129  
1.577852739  
-0.1266517593  
-2.005183586  
-1.011116563  
0.5416638684  
-4.100862357  
-3.429074233  
5.534397817  
-2.6412038  
-4.100779731  
-2.313073748  
-2.250800122  
-2.634539104  
-5.271526032  
-3.552778159  
-3.467234159  
-4.302269725  
-2.007730281  
-2.028636428  
-3.784579739  
-4.262928282  
-2.44075964  
-1.956938706  
-0.1541944532  
0.2144198068  
-0.05030612378  
0.777699068  
1.404108758  
1.17773902  
-3.207390955  
-6.448673207  
-10.83916364  
-8.153526679  
-6.982589308  
-8.476639278  
-8.912807169  
-10.04460652  
2.150003945  
-1.630103372  
2.637532823  
4.365598041  
3.813084133  
4.914899882  
6.210820797  
8.146016962  
4.602295333  
3.265504469  
2.828948985  
4.686850256  
5.029434163  
4.531543946  
4.505835703  
4.370493487  
4.231446413  
4.373347023  
5.000233284  
5.279439776  
4.679136663  
4.807275874  
4.969340342  
4.888951703  
5.978700716  
6.001352533  
5.00628721  
3.583050604  
4.494557265  
3.552497437  
3.194281558  
2.78684781  
2.754375864  
1.404768855  
1.062338227  
3.120251905  
2.334020345  
0.3254305352  
1.868491612  
2.438662864  
0.5288305965  
0.9896300086  
1.729313866  
-0.6530718955  
-1.250143341  
1.778599018  
3.578608323  
1.355467445  
0.9416568082  
2.535849307  
2.735599604  
1.0196498  
1.790393187  
4.444495293  
3.613111643  
1.853082963  
3.188328452  
4.494179236  
3.064343734  
2.920287882  
1.771484116  
-4.060371264  
-0.9532998817  
3.129720244  
2.006385637  
-0.2891131331  
-2.771844823  
-0.08493892409  
-1.296600574  
-1.639502948  
5.944668678  
-1.324575793  
-3.145894749  
-5.859070089  
-7.498464415  
-4.33939888  
-3.333055134  
-0.9823955605  
-0.2886739901  
0.5022917247  
0.07291130033  
-5.82821152  
-1.473976256  
-4.181190889  
-2.03119082  
-0.05165921733  
-2.431429681  
-7.540189034  
0.7315432375  
0.7263676536  
-8.820657066  
-11.11977362  
-13.45633038  
9.513007113  
13.05089745  
11.76608766  
5.24968604  
1.081135262  
13.68624984  
