-1.266959306  
-0.2670649682  
0.9205767196  
1.367391508  
1.361561299  
0.3580944087  
0.3932259341  
0.5743727661  
0.8059257449  
0.6771895183  
0.8202996978  
0.4731372312  
0.1856052616  
-0.157306777  
-0.09312544686  
0.5653391621  
1.302498692  
0.9281230157  
-0.3835456966  
-1.692707698  
-2.419953261  
-1.122787354  
-0.7402793646  
-2.70682727  
-2.72903031  
-0.1844519863  
0.8647933353  
-0.07125417291  
-1.182590239  
-0.1997900493  
0.2984473887  
0.6526976771  
-0.2723578027  
-0.3379840529  
0.6917418988  
0.6909486011  
0.174427916  
-0.904395955  
-0.2648389141  
-0.02345360547  
-0.3798420044  
0.6701752453  
1.086097567  
0.1228125359  
-0.7442919573  
-0.6682896759  
0.239637642  
0.04212862496  
-0.9060700503  
-1.205393219  
-2.295123038  
-1.997311947  
-0.6704702095  
-0.6501193607  
-0.8770915534  
0.2119769622  
0.8216202594  
1.132739959  
0.2737547517  
-0.5064148755  
0.286591205  
1.432722588  
0.2631007198  
-0.7622014863  
-1.456445708  
-1.835859497  
-1.959509162  
-1.564723796  
-1.466267073  
-1.333988806  
-1.173588294  
-1.737050716  
-2.114693867  
-0.2947736982  
0.1776411833  
0.4599431347  
1.691608637  
3.40689533  
3.548707898  
2.932797523  
2.826626335  
3.425006954  
2.665276938  
2.156796556  
1.981001487  
0.8833683541  
-0.1276039013  
-0.1637539846  
0.4081284868  
1.199035249  
-0.05148816269  
-2.283344103  
-2.279995077  
-1.212728007  
-2.019326589  
-2.820838549  
-1.897560726  
-1.106409473  
-1.522544823  
-2.68482189  
-2.264294888  
-1.077591859  
-1.223904514  
-1.340667646  
-1.188723366  
-0.2383824092  
1.032934289  
1.44355446  
1.573081306  
1.495643665  
1.877548777  
2.261364254  
2.910984889  
2.503227752  
0.5522947068  
0.1450326254  
1.1704277  
1.505986094  
0.7327977841  
-0.06300278655  
1.711040869  
1.588945393  
1.563364857  
1.635642878  
2.368212635  
0.02602762019  
-1.979528212  
-2.315057858  
-0.0320396072  
-0.1785144552  
-2.399817046  
-4.2889671  
-4.714892365  
-4.948929637  
-3.758350453  
-1.540736824  
0.6164292721  
1.471214213  
1.198132402  
0.678072206  
0.9979681276  
-0.09763760869  
0.2637259962  
1.408281442  
1.998255304  
2.279048745  
3.215679586  
1.656601725  
0.4047977808  
0.9220178924  
-1.432436762  
-2.270658382  
-1.855185967  
-1.164413085  
-1.255939666  
-1.371262962  
-1.385995122  
-0.190532029  
0.0285985734  
0.7810165402  
3.062152971  
2.732939003  
-0.3621554128  
-0.7153148287  
0.1049727835  
1.130953407  
3.78167055  
4.97985139  
4.599992948  
2.844042447  
1.749380848  
2.900506285  
2.788110871  
1.981216623  
0.7298255239  
0.7032908169  
0.9867162773  
0.03573541232  
-2.149844903  
-2.191489267  
-1.909829391  
-2.507174677  
-2.635082814  
-3.322867411  
-3.387247477  
-3.210832811  
-5.505782181  
-5.148713236  
-3.322790182  
-2.150813875  
0.3736533288  
0.4143734282  
-1.317433541  
-2.671459191  
-2.597536075  
-0.5520717654  
3.557990689  
1.170810247  
1.966204335  
3.458615119  
4.328846105  
3.078688711  
-0.2466627982  
-1.718156277  
-1.737584922  
0.2151975432  
0.3804325253  
0.4164129797  
-0.04244656232  
0.8942578644  
1.844491938  
0.340067972  
-0.7010345221  
-0.1041347471  
1.085295316  
1.234903053  
0.9211805765  
0.6834410036  
1.34202161  
1.235798046  
1.645530689  
-0.100276187  
-1.638373613  
-2.307624349  
-2.822635871  
-0.9486884709  
0.03599013613  
-1.399119037  
-1.773335077  
0.185938051  
1.301169998  
1.970350255  
2.006504959  
1.345698064  
1.068564253  
0.4598795645  
0.04736514118  
0.8596177193  
0.6902921431  
1.640962855  
2.29461293  
2.281456821  
2.537598128  
1.006667822  
-0.03953146641  
-0.2278263578  
-0.1355188409  
0.3120136493  
-1.810649176  
-1.728569831  
-0.4804618442  
-1.679137335  
-3.051033743  
-2.687455444  
-1.219280479  
-1.690482456  
-0.8171278653  
0.2089718945  
0.5643275754  
-0.8763476425  
-0.6238621258  
1.4100904  
1.691320338  
0.7217918926  
-0.9940912812  
-1.316849445  
-1.934085278  
-2.048615951  
-1.058173634  
-1.346893522  
-0.4406814592  
-0.6821135419  
-0.5741522662  
0.9886670862  
2.523752523  
2.715070734  
0.7848842457  
-1.06964488  
-0.7892734842  
0.3963111415  
2.090411769  
3.146940009  
2.299506024  
0.4903137048  
1.209910757  
0.8236089164  
1.010906166  
-0.7843681824  
-2.049404479  
-1.334820601  
-0.08521668738  
-1.550395685  
-0.9610307049  
-0.2926717961  
0.6547999093  
-1.2725107  
-0.2645237906  
0.1002316463  
-0.01716080515  
-0.105160742  
-0.1535996068  
1.54873071  
1.367774856  
0.5235088607  
-0.6125928218  
0.6859290574  
2.995829312  
2.864887996  
1.902639588  
1.002661726  
-0.06458935945  
0.08781929571  
-1.581771801  
-3.09823401  
-2.23865542  
-2.816774144  
-2.845456224  
-1.565671324  
-1.629482999  
-2.572946786  
-2.848838958  
-1.045239118  
-0.9988246987  
-0.989073633  
0.2236298594  
1.07557711  
1.291361537  
1.599812423  
0.7189022743  
0.1579038828  
0.3444987452  
1.570022115  
2.398668601  
2.5094435  
2.224367533  
2.337149678  
3.091494523  
3.723760659  
1.634131976  
1.741527045  
3.592780569  
1.205027573  
0.2871159273  
1.655305631  
1.029085832  
-0.1929272935  
-1.8802858  
-1.0692113  
1.160735836  
0.5138848286  
-0.802947173  
-1.004114789  
-1.566296828  
-1.258889804  
-1.464893414  
-0.9367266911  
0.7634253543  
1.864737999  
1.472313265  
0.2597648539  
0.100724893  
-0.6021742578  
-0.1045192878  
0.09661937968  
-0.6086918771  
-1.297576824  
-1.404373183  
-0.02221433118  
2.813599497  
2.887771127  
1.229150331  
1.598670809  
1.31875271  
-0.3742859641  
0.187313043  
-1.278802351  
-4.024362946  
-4.803561792  
-6.080488493  
-5.894493333  
-4.227214508  
-2.732399686  
-1.7923849  
-0.6195329259  
-1.670626905  
-1.088461651  
-1.230569922  
-0.7940556575  
-0.2786424139  
-0.4845098947  
0.1437435866  
1.539080227  
1.521158012  
0.8064754959  
0.1063975577  
-1.740803919  
-0.629012413  
1.076432698  
-0.4216627432  
-2.145664566  
-1.786430353  
-1.795869945  
-1.23167576  
0.1712464949  
1.617897119  
-0.2663663929  
0.7808200956  
2.717513619  
1.839018571  
1.574200945  
1.698915349  
2.205701817  
3.779292278  
3.539587512  
2.075874083  
0.2090099696  
2.869281389  
1.281981859  
0.02072371141  
0.193930084  
-0.8774432022  
-2.023154029  
-2.180071296  
-2.788038388  
-0.526225655  
1.175238435  
-0.1842704453  
-1.348163105  
-2.290024688  
-0.9815611709  
-2.195948848  
-2.798817388  
-1.574954607  
2.275238478  
1.948685571  
1.342755497  
-0.1788218335  
-1.653996523  
-3.880179586  
-3.46937378  
-0.5392326349  
-0.8946115492  
-0.6411639544  
-1.69146349  
-3.493583858  
-2.317446032  
-3.138590168  
-2.714554158  
-2.731745262  
-1.172289001  
-0.8244923815  
0.691747802  
2.868722198  
3.203994777  
1.192543735  
0.4699199778  
-1.297237013  
-1.301635445  
0.9793414633  
0.9185491888  
1.750482632  
0.8985473759  
-0.9197460457  
0.5321938057  
1.917692593  
1.091036129  
-1.03798042  
-1.082687405  
1.656761418  
3.255134004  
2.902997927  
1.654373639  
-0.0246235968  
0.006873141818  
1.121756617  
1.513726714  
1.212553783  
2.069367041  
1.787269073  
2.287298818  
2.522412277  
1.289000028  
-0.7421259953  
0.9852023443  
2.836165477  
0.8661240013  
-0.9264131518  
-1.512456996  
-2.224060301  
-2.372506454  
-0.2556035152  
4.056323308  
-2.913060314  
-2.752924739  
-1.785852313  
-1.643960337  
-0.4749156346  
0.1559464584  
0.7360362312  
-0.992968108  
-2.044841916  
0.484568533  
1.825545884  
1.549715182  
1.02630755  
0.868079883  
0.1375126128  
-1.072963738  
0.7235600101  
0.2167088814  
0.3389983663  
0.8186127838  
1.145417328  
1.897279063  
2.882909963  
3.744269108  
3.635523602  
1.074375919  
-0.1414959695  
0.3058290345  
-0.2191619645  
-0.556072576  
1.081032229  
-1.001759175  
-2.13244557  
-0.4830453034  
0.01649312714  
-0.3015969414  
-0.3688500961  
-0.4302103093  
-2.051292877  
-2.067470832  
-1.024214011  
-2.283811956  
-2.485387059  
-0.5890797446  
0.8643550161  
0.04550976587  
-0.6380758939  
1.203033689  
1.782676617  
0.5151093442  
0.728602253  
2.226436078  
3.40386007  
2.397731595  
1.611649245  
1.920400246  
-0.7664625083  
-3.243545112  
-4.403436608  
-2.065493012  
-0.6143174102  
-1.549091516  
-0.7237458426  
-0.2477353506  
0.7208859077  
1.054867129  
0.01627322507  
-0.9988673808  
-0.18497825  
1.046960827  
-1.772528867  
-2.867646553  
-2.536485275  
-1.157189839  
-0.2275188469  
0.3913214695  
0.2219467624  
-0.2130468278  
1.936256324  
2.410605399  
1.557471023  
2.731485153  
2.556270604  
3.217906099  
3.425698098  
2.281564249  
2.047214013  
1.296641761  
-0.7690832678  
-2.442751847  
-3.719648259  
-4.698913729  
-0.8608200441  
-0.9646504364  
-0.1968220351  
0.4354128215  
-1.988894545  
1.285031106  
